# initial turbineX, initial turbineY, final turbineX, final turbineY
4.000000000000000000e+01 4.000000000000000000e+01 9.434671647024262597e+01 4.000000000000000000e+01
4.400000000000000000e+02 4.000000000000000000e+01 4.081444344926914027e+02 8.482158927249405167e+01
8.400000000000000000e+02 4.000000000000000000e+01 8.736254706367093377e+02 8.330570657280449609e+01
1.240000000000000000e+03 4.000000000000000000e+01 1.187029854630809723e+03 4.000000000000000000e+01
4.000000000000000000e+01 4.400000000000000000e+02 4.000000000000000000e+01 5.534859405285130833e+02
4.400000000000000000e+02 4.400000000000000000e+02 3.296544173861738045e+02 4.554981603750937893e+02
8.400000000000000000e+02 4.400000000000000000e+02 9.318811108106403935e+02 5.063041471279362895e+02
1.240000000000000000e+03 4.400000000000000000e+02 1.240000000000000000e+03 5.052702255863074470e+02
4.000000000000000000e+01 8.400000000000000000e+02 4.000000000000000000e+01 7.736366208384146148e+02
4.400000000000000000e+02 8.400000000000000000e+02 3.493786591222308857e+02 7.730304790377231257e+02
8.400000000000000000e+02 8.400000000000000000e+02 9.503616109421740248e+02 8.231870405041565846e+02
1.240000000000000000e+03 8.400000000000000000e+02 1.240000000000000000e+03 7.288054659261295001e+02
4.000000000000000000e+01 1.240000000000000000e+03 9.436789168558806296e+01 1.240000000000000000e+03
4.400000000000000000e+02 1.240000000000000000e+03 4.067928901778521436e+02 1.192603216838330354e+03
8.400000000000000000e+02 1.240000000000000000e+03 8.725211806053314376e+02 1.201254498839803546e+03
1.240000000000000000e+03 1.240000000000000000e+03 1.186580435578112429e+03 1.240000000000000000e+03
