# # run number, ti calc, ti opt, aep init calc (kW), aep init opt (kW), aep run calc (kW), aep run opt (kW), run time (s), obj func calls, sens func calls
0.000000000000000000e+00 4.000000000000000000e+00 4.000000000000000000e+00 4.776905228281986713e+07 4.776905228281986713e+07 4.776905228281985968e+07 4.776905228281985968e+07 1.804030036926269531e+01 1.700000000000000000e+02 0.000000000000000000e+00
1.000000000000000000e+00 4.000000000000000000e+00 4.000000000000000000e+00 3.960721676399881393e+07 3.960721676399881393e+07 4.668560090917310119e+07 4.668560090917310119e+07 4.393081746101379395e+02 4.058000000000000000e+03 0.000000000000000000e+00
2.000000000000000000e+00 4.000000000000000000e+00 4.000000000000000000e+00 3.994971212798972428e+07 3.994971212798972428e+07 4.629573273907800019e+07 4.629573273907800019e+07 3.727937147617340088e+02 3.482000000000000000e+03 0.000000000000000000e+00
3.000000000000000000e+00 4.000000000000000000e+00 4.000000000000000000e+00 4.188610916027116030e+07 4.188610916027116030e+07 4.606526141661661118e+07 4.606526141661661118e+07 6.647877166271209717e+02 4.778000000000000000e+03 0.000000000000000000e+00
4.000000000000000000e+00 4.000000000000000000e+00 4.000000000000000000e+00 4.135387843687769771e+07 4.135387843687769771e+07 4.581202312015751004e+07 4.581202312015751004e+07 2.673245744705200195e+02 2.618000000000000000e+03 0.000000000000000000e+00
5.000000000000000000e+00 4.000000000000000000e+00 4.000000000000000000e+00 4.030923128348749876e+07 4.030923128348749876e+07 4.586312959916747361e+07 4.586312959916747361e+07 5.686722462177276611e+02 3.770000000000000000e+03 0.000000000000000000e+00
6.000000000000000000e+00 4.000000000000000000e+00 4.000000000000000000e+00 4.066691979808074981e+07 4.066691979808074981e+07 4.579499248063970357e+07 4.579499248063970357e+07 4.992845451831817627e+02 3.050000000000000000e+03 0.000000000000000000e+00
7.000000000000000000e+00 4.000000000000000000e+00 4.000000000000000000e+00 4.129840909884165227e+07 4.129840909884165227e+07 4.542831931545076519e+07 4.542831931545076519e+07 4.659670162200927734e+02 2.762000000000000000e+03 0.000000000000000000e+00
8.000000000000000000e+00 4.000000000000000000e+00 4.000000000000000000e+00 4.062396339337537438e+07 4.062396339337537438e+07 4.627005376594070345e+07 4.627005376594070345e+07 2.796249842643737793e+02 2.762000000000000000e+03 0.000000000000000000e+00
9.000000000000000000e+00 4.000000000000000000e+00 4.000000000000000000e+00 3.990748905552807450e+07 3.990748905552807450e+07 4.509519952620651573e+07 4.509519952620651573e+07 2.123701438903808594e+02 2.042000000000000000e+03 0.000000000000000000e+00
1.000000000000000000e+01 4.000000000000000000e+00 4.000000000000000000e+00 4.153078466625393927e+07 4.153078466625393927e+07 4.576906461443203688e+07 4.576906461443203688e+07 3.812990305423736572e+02 3.770000000000000000e+03 0.000000000000000000e+00
1.100000000000000000e+01 4.000000000000000000e+00 4.000000000000000000e+00 3.986677932224541903e+07 3.986677932224541903e+07 4.645804831599634886e+07 4.645804831599634886e+07 3.809473211765289307e+02 3.626000000000000000e+03 0.000000000000000000e+00
1.200000000000000000e+01 4.000000000000000000e+00 4.000000000000000000e+00 4.177310588150444627e+07 4.177310588150444627e+07 4.544976742831056565e+07 4.544976742831056565e+07 3.231534292697906494e+02 3.050000000000000000e+03 0.000000000000000000e+00
1.300000000000000000e+01 4.000000000000000000e+00 4.000000000000000000e+00 3.836966441584892571e+07 3.836966441584892571e+07 4.562591457978893071e+07 4.562591457978893071e+07 3.279602217674255371e+02 3.050000000000000000e+03 0.000000000000000000e+00
1.400000000000000000e+01 4.000000000000000000e+00 4.000000000000000000e+00 3.960890346273230016e+07 3.960890346273230016e+07 4.624115960325986147e+07 4.624115960325986147e+07 3.968602452278137207e+02 3.770000000000000000e+03 0.000000000000000000e+00
1.500000000000000000e+01 4.000000000000000000e+00 4.000000000000000000e+00 3.971241523008421063e+07 3.971241523008421063e+07 4.457036399214198440e+07 4.457036399214198440e+07 2.619295871257781982e+02 2.474000000000000000e+03 0.000000000000000000e+00
1.600000000000000000e+01 4.000000000000000000e+00 4.000000000000000000e+00 4.185145834005811810e+07 4.185145834005811810e+07 4.610688919928085804e+07 4.610688919928085804e+07 3.930642144680023193e+02 3.770000000000000000e+03 0.000000000000000000e+00
1.700000000000000000e+01 4.000000000000000000e+00 4.000000000000000000e+00 4.016009018240885437e+07 4.016009018240885437e+07 4.479867018065205216e+07 4.479867018065205216e+07 3.175928063392639160e+02 3.050000000000000000e+03 0.000000000000000000e+00
1.800000000000000000e+01 4.000000000000000000e+00 4.000000000000000000e+00 3.902348631291545928e+07 3.902348631291545928e+07 4.660820222080774605e+07 4.660820222080774605e+07 5.525257263183593750e+02 3.770000000000000000e+03 0.000000000000000000e+00
1.900000000000000000e+01 4.000000000000000000e+00 4.000000000000000000e+00 4.294534156750419736e+07 4.294534156750419736e+07 4.649260716218274087e+07 4.649260716218274087e+07 4.288837924003601074e+02 4.058000000000000000e+03 0.000000000000000000e+00
2.000000000000000000e+01 4.000000000000000000e+00 4.000000000000000000e+00 4.143207246404786408e+07 4.143207246404786408e+07 4.564724588513946533e+07 4.564724588513946533e+07 2.951512703895568848e+02 2.762000000000000000e+03 0.000000000000000000e+00
2.100000000000000000e+01 4.000000000000000000e+00 4.000000000000000000e+00 4.155719977908954024e+07 4.155719977908954024e+07 4.487331420585319400e+07 4.487331420585319400e+07 4.654424700736999512e+02 4.490000000000000000e+03 0.000000000000000000e+00
2.200000000000000000e+01 4.000000000000000000e+00 4.000000000000000000e+00 4.249226986544924229e+07 4.249226986544924229e+07 4.588410179636023194e+07 4.588410179636023194e+07 3.539351353645324707e+02 3.338000000000000000e+03 0.000000000000000000e+00
2.300000000000000000e+01 4.000000000000000000e+00 4.000000000000000000e+00 3.982238567030757666e+07 3.982238567030757666e+07 4.537089020429912955e+07 4.537089020429912955e+07 3.099443795680999756e+02 2.906000000000000000e+03 0.000000000000000000e+00
2.400000000000000000e+01 4.000000000000000000e+00 4.000000000000000000e+00 4.029766390052825212e+07 4.029766390052825212e+07 4.628345508951960504e+07 4.628345508951960504e+07 2.875867922306060791e+02 3.050000000000000000e+03 0.000000000000000000e+00
2.500000000000000000e+01 4.000000000000000000e+00 4.000000000000000000e+00 4.089335745085514337e+07 4.089335745085514337e+07 4.680304673474892974e+07 4.680304673474892974e+07 3.986391227245330811e+02 3.770000000000000000e+03 0.000000000000000000e+00
2.600000000000000000e+01 4.000000000000000000e+00 4.000000000000000000e+00 3.992338700819929689e+07 3.992338700819929689e+07 4.563105351377062500e+07 4.563105351377062500e+07 3.666500048637390137e+02 3.482000000000000000e+03 0.000000000000000000e+00
2.700000000000000000e+01 4.000000000000000000e+00 4.000000000000000000e+00 4.199553227923361212e+07 4.199553227923361212e+07 4.581362144226048142e+07 4.581362144226048142e+07 1.987387142181396484e+02 1.898000000000000000e+03 0.000000000000000000e+00
2.800000000000000000e+01 4.000000000000000000e+00 4.000000000000000000e+00 4.213250897254083306e+07 4.213250897254083306e+07 4.557422834540861845e+07 4.557422834540861845e+07 2.626516189575195312e+02 2.474000000000000000e+03 0.000000000000000000e+00
2.900000000000000000e+01 4.000000000000000000e+00 4.000000000000000000e+00 4.242665590809305012e+07 4.242665590809305012e+07 4.520033618243551254e+07 4.520033618243551254e+07 4.482503325939178467e+02 4.346000000000000000e+03 0.000000000000000000e+00
3.000000000000000000e+01 4.000000000000000000e+00 4.000000000000000000e+00 4.130256864759267122e+07 4.130256864759267122e+07 4.698434926802873611e+07 4.698434926802873611e+07 4.245747225284576416e+02 4.058000000000000000e+03 0.000000000000000000e+00
3.100000000000000000e+01 4.000000000000000000e+00 4.000000000000000000e+00 3.969471550134817511e+07 3.969471550134817511e+07 4.608541522117931396e+07 4.608541522117931396e+07 3.376915605068206787e+02 3.194000000000000000e+03 0.000000000000000000e+00
3.200000000000000000e+01 4.000000000000000000e+00 4.000000000000000000e+00 4.105717575548312068e+07 4.105717575548312068e+07 4.607027454587199539e+07 4.607027454587199539e+07 2.794891376495361328e+02 2.618000000000000000e+03 0.000000000000000000e+00
3.300000000000000000e+01 4.000000000000000000e+00 4.000000000000000000e+00 3.998813175518286228e+07 3.998813175518286228e+07 4.487332196786826849e+07 4.487332196786826849e+07 3.078551199436187744e+02 2.906000000000000000e+03 0.000000000000000000e+00
3.400000000000000000e+01 4.000000000000000000e+00 4.000000000000000000e+00 4.037750992701750994e+07 4.037750992701750994e+07 4.586746527621363848e+07 4.586746527621363848e+07 3.353546404838562012e+02 3.194000000000000000e+03 0.000000000000000000e+00
3.500000000000000000e+01 4.000000000000000000e+00 4.000000000000000000e+00 4.015685540613978356e+07 4.015685540613978356e+07 4.563107363847362250e+07 4.563107363847362250e+07 4.581348650455474854e+02 4.346000000000000000e+03 0.000000000000000000e+00
3.600000000000000000e+01 4.000000000000000000e+00 4.000000000000000000e+00 4.167080066350562125e+07 4.167080066350562125e+07 4.522915911065226793e+07 4.522915911065226793e+07 3.980458481311798096e+02 3.770000000000000000e+03 0.000000000000000000e+00
3.700000000000000000e+01 4.000000000000000000e+00 4.000000000000000000e+00 4.246790435834831744e+07 4.246790435834831744e+07 4.596669669841567427e+07 4.596669669841567427e+07 3.562626602649688721e+02 3.338000000000000000e+03 0.000000000000000000e+00
3.800000000000000000e+01 4.000000000000000000e+00 4.000000000000000000e+00 4.064158273206441849e+07 4.064158273206441849e+07 4.499671439600098133e+07 4.499671439600098133e+07 2.939642486572265625e+02 2.762000000000000000e+03 0.000000000000000000e+00
3.900000000000000000e+01 4.000000000000000000e+00 4.000000000000000000e+00 4.190589820915586501e+07 4.190589820915586501e+07 4.586274775296974182e+07 4.586274775296974182e+07 3.863741798400878906e+02 3.626000000000000000e+03 0.000000000000000000e+00
4.000000000000000000e+01 4.000000000000000000e+00 4.000000000000000000e+00 4.123605112834075093e+07 4.123605112834075093e+07 4.590390858647490293e+07 4.590390858647490293e+07 2.937945618629455566e+02 2.762000000000000000e+03 0.000000000000000000e+00
4.100000000000000000e+01 4.000000000000000000e+00 4.000000000000000000e+00 4.184581062665770948e+07 4.184581062665770948e+07 4.588020969570979476e+07 4.588020969570979476e+07 3.384014856815338135e+02 3.194000000000000000e+03 0.000000000000000000e+00
4.200000000000000000e+01 4.000000000000000000e+00 4.000000000000000000e+00 4.199707338576767594e+07 4.199707338576767594e+07 4.582249614516297728e+07 4.582249614516297728e+07 3.817922339439392090e+02 3.626000000000000000e+03 0.000000000000000000e+00
4.300000000000000000e+01 4.000000000000000000e+00 4.000000000000000000e+00 4.028338154978877306e+07 4.028338154978877306e+07 4.607128247075221688e+07 4.607128247075221688e+07 4.839046828746795654e+02 4.778000000000000000e+03 0.000000000000000000e+00
4.400000000000000000e+01 4.000000000000000000e+00 4.000000000000000000e+00 4.213818910109341890e+07 4.213818910109341890e+07 4.394007920227172226e+07 4.394007920227172226e+07 2.642788760662078857e+02 2.474000000000000000e+03 0.000000000000000000e+00
4.500000000000000000e+01 4.000000000000000000e+00 4.000000000000000000e+00 4.227030044112306833e+07 4.227030044112306833e+07 4.592699230831339210e+07 4.592699230831339210e+07 2.641152887344360352e+02 2.474000000000000000e+03 0.000000000000000000e+00
4.600000000000000000e+01 4.000000000000000000e+00 4.000000000000000000e+00 4.029799186982703209e+07 4.029799186982703209e+07 4.574283399208983034e+07 4.574283399208983034e+07 3.904924871921539307e+02 3.626000000000000000e+03 0.000000000000000000e+00
4.700000000000000000e+01 4.000000000000000000e+00 4.000000000000000000e+00 4.032704884227538109e+07 4.032704884227538109e+07 4.594528129026287049e+07 4.594528129026287049e+07 5.386815924644470215e+02 5.210000000000000000e+03 0.000000000000000000e+00
4.800000000000000000e+01 4.000000000000000000e+00 4.000000000000000000e+00 4.145041193597973138e+07 4.145041193597973138e+07 4.577979569023683667e+07 4.577979569023683667e+07 2.624022815227508545e+02 2.474000000000000000e+03 0.000000000000000000e+00
4.900000000000000000e+01 4.000000000000000000e+00 4.000000000000000000e+00 4.165606529348422587e+07 4.165606529348422587e+07 4.570384179602063447e+07 4.570384179602063447e+07 2.180941188335418701e+02 2.042000000000000000e+03 0.000000000000000000e+00
5.000000000000000000e+01 4.000000000000000000e+00 4.000000000000000000e+00 4.048452633601813018e+07 4.048452633601813018e+07 4.567281036512445658e+07 4.567281036512445658e+07 3.504739902019500732e+02 3.338000000000000000e+03 0.000000000000000000e+00
5.100000000000000000e+01 4.000000000000000000e+00 4.000000000000000000e+00 4.209231266366628557e+07 4.209231266366628557e+07 4.641730869389000535e+07 4.641730869389000535e+07 4.066517672538757324e+02 3.770000000000000000e+03 0.000000000000000000e+00
5.200000000000000000e+01 4.000000000000000000e+00 4.000000000000000000e+00 4.069359934921336919e+07 4.069359934921336919e+07 4.540290945749673247e+07 4.540290945749673247e+07 2.776595838069915771e+02 2.618000000000000000e+03 0.000000000000000000e+00
5.300000000000000000e+01 4.000000000000000000e+00 4.000000000000000000e+00 3.980841765624754876e+07 3.980841765624754876e+07 4.562015457612438500e+07 4.562015457612438500e+07 4.620723867416381836e+02 4.346000000000000000e+03 0.000000000000000000e+00
5.400000000000000000e+01 4.000000000000000000e+00 4.000000000000000000e+00 4.081745765709612519e+07 4.081745765709612519e+07 4.627794523948197812e+07 4.627794523948197812e+07 4.164524936676025391e+02 3.914000000000000000e+03 0.000000000000000000e+00
5.500000000000000000e+01 4.000000000000000000e+00 4.000000000000000000e+00 4.151655574176047742e+07 4.151655574176047742e+07 4.684044272282212973e+07 4.684044272282212973e+07 3.865145297050476074e+02 3.626000000000000000e+03 0.000000000000000000e+00
5.600000000000000000e+01 4.000000000000000000e+00 4.000000000000000000e+00 4.155450391767045856e+07 4.155450391767045856e+07 4.625821163928896189e+07 4.625821163928896189e+07 4.866891791820526123e+02 4.634000000000000000e+03 0.000000000000000000e+00
5.700000000000000000e+01 4.000000000000000000e+00 4.000000000000000000e+00 4.199489498473516107e+07 4.199489498473516107e+07 4.655896388868381828e+07 4.655896388868381828e+07 3.855252835750579834e+02 3.626000000000000000e+03 0.000000000000000000e+00
5.800000000000000000e+01 4.000000000000000000e+00 4.000000000000000000e+00 4.128204091279226542e+07 4.128204091279226542e+07 4.587169676442890614e+07 4.587169676442890614e+07 3.891493198871612549e+02 3.626000000000000000e+03 0.000000000000000000e+00
5.900000000000000000e+01 4.000000000000000000e+00 4.000000000000000000e+00 3.997804605578309298e+07 3.997804605578309298e+07 4.597667513500509411e+07 4.597667513500509411e+07 5.985746529102325439e+02 5.930000000000000000e+03 0.000000000000000000e+00
6.000000000000000000e+01 4.000000000000000000e+00 4.000000000000000000e+00 4.078130918719886988e+07 4.078130918719886988e+07 4.651059608402322233e+07 4.651059608402322233e+07 3.228112976551055908e+02 3.050000000000000000e+03 0.000000000000000000e+00
6.100000000000000000e+01 4.000000000000000000e+00 4.000000000000000000e+00 4.212466637943717837e+07 4.212466637943717837e+07 4.500737309281159937e+07 4.500737309281159937e+07 2.152697522640228271e+02 2.042000000000000000e+03 0.000000000000000000e+00
6.200000000000000000e+01 4.000000000000000000e+00 4.000000000000000000e+00 4.221767807491052896e+07 4.221767807491052896e+07 4.615175184122058749e+07 4.615175184122058749e+07 3.236226906776428223e+02 3.050000000000000000e+03 0.000000000000000000e+00
6.300000000000000000e+01 4.000000000000000000e+00 4.000000000000000000e+00 4.140506349515651911e+07 4.140506349515651911e+07 4.582873069529598206e+07 4.582873069529598206e+07 2.784887597560882568e+02 2.618000000000000000e+03 0.000000000000000000e+00
6.400000000000000000e+01 4.000000000000000000e+00 4.000000000000000000e+00 3.943490752518592030e+07 3.943490752518592030e+07 4.609825985839822143e+07 4.609825985839822143e+07 4.191996159553527832e+02 4.058000000000000000e+03 0.000000000000000000e+00
6.500000000000000000e+01 4.000000000000000000e+00 4.000000000000000000e+00 3.993781884460011870e+07 3.993781884460011870e+07 4.646342000765873492e+07 4.646342000765873492e+07 3.887235250473022461e+02 3.770000000000000000e+03 0.000000000000000000e+00
6.600000000000000000e+01 4.000000000000000000e+00 4.000000000000000000e+00 4.290471859907104820e+07 4.290471859907104820e+07 4.497032818779964745e+07 4.497032818779964745e+07 2.039949748516082764e+02 1.898000000000000000e+03 0.000000000000000000e+00
6.700000000000000000e+01 4.000000000000000000e+00 4.000000000000000000e+00 4.160929439828384668e+07 4.160929439828384668e+07 4.597364490306785703e+07 4.597364490306785703e+07 3.483747346401214600e+02 3.338000000000000000e+03 0.000000000000000000e+00
6.800000000000000000e+01 4.000000000000000000e+00 4.000000000000000000e+00 4.125597239978367090e+07 4.125597239978367090e+07 4.538667338127145916e+07 4.538667338127145916e+07 2.786388149261474609e+02 2.618000000000000000e+03 0.000000000000000000e+00
6.900000000000000000e+01 4.000000000000000000e+00 4.000000000000000000e+00 4.053218759687105566e+07 4.053218759687105566e+07 4.584376641206327081e+07 4.584376641206327081e+07 3.342901985645294189e+02 3.194000000000000000e+03 0.000000000000000000e+00
7.000000000000000000e+01 4.000000000000000000e+00 4.000000000000000000e+00 4.012857898273550719e+07 4.012857898273550719e+07 4.606677705359487981e+07 4.606677705359487981e+07 3.094441790580749512e+02 2.906000000000000000e+03 0.000000000000000000e+00
7.100000000000000000e+01 4.000000000000000000e+00 4.000000000000000000e+00 3.939790343873836100e+07 3.939790343873836100e+07 4.599830477261991799e+07 4.599830477261991799e+07 3.283073313236236572e+02 3.050000000000000000e+03 0.000000000000000000e+00
7.200000000000000000e+01 4.000000000000000000e+00 4.000000000000000000e+00 4.253280077811192721e+07 4.253280077811192721e+07 4.582534626094078273e+07 4.582534626094078273e+07 3.818396654129028320e+02 3.626000000000000000e+03 0.000000000000000000e+00
7.300000000000000000e+01 4.000000000000000000e+00 4.000000000000000000e+00 4.142065668612965196e+07 4.142065668612965196e+07 4.490569136718012393e+07 4.490569136718012393e+07 2.497162182331085205e+02 2.330000000000000000e+03 0.000000000000000000e+00
7.400000000000000000e+01 4.000000000000000000e+00 4.000000000000000000e+00 4.251483654591926187e+07 4.251483654591926187e+07 4.563406388246021420e+07 4.563406388246021420e+07 3.626992886066436768e+02 3.482000000000000000e+03 0.000000000000000000e+00
7.500000000000000000e+01 4.000000000000000000e+00 4.000000000000000000e+00 4.192025951385938376e+07 4.192025951385938376e+07 4.517981264678792655e+07 4.517981264678792655e+07 3.234691164493560791e+02 3.050000000000000000e+03 0.000000000000000000e+00
7.600000000000000000e+01 4.000000000000000000e+00 4.000000000000000000e+00 4.061537154806381464e+07 4.061537154806381464e+07 4.534057699121477455e+07 4.534057699121477455e+07 2.306015970706939697e+02 2.186000000000000000e+03 0.000000000000000000e+00
7.700000000000000000e+01 4.000000000000000000e+00 4.000000000000000000e+00 4.233147455147617310e+07 4.233147455147617310e+07 4.632073793333126605e+07 4.632073793333126605e+07 4.084102745056152344e+02 3.914000000000000000e+03 0.000000000000000000e+00
7.800000000000000000e+01 4.000000000000000000e+00 4.000000000000000000e+00 4.165320986014239490e+07 4.165320986014239490e+07 4.609298977239162475e+07 4.609298977239162475e+07 3.539835114479064941e+02 3.338000000000000000e+03 0.000000000000000000e+00
7.900000000000000000e+01 4.000000000000000000e+00 4.000000000000000000e+00 4.196581672301393002e+07 4.196581672301393002e+07 4.597300859282906353e+07 4.597300859282906353e+07 2.940669577121734619e+02 2.762000000000000000e+03 0.000000000000000000e+00
8.000000000000000000e+01 4.000000000000000000e+00 4.000000000000000000e+00 3.902221653949472308e+07 3.902221653949472308e+07 4.554210271529906243e+07 4.554210271529906243e+07 4.091624794006347656e+02 3.914000000000000000e+03 0.000000000000000000e+00
8.100000000000000000e+01 4.000000000000000000e+00 4.000000000000000000e+00 4.314823691950660199e+07 4.314823691950660199e+07 4.617777888415307552e+07 4.617777888415307552e+07 4.205468828678131104e+02 4.058000000000000000e+03 0.000000000000000000e+00
8.200000000000000000e+01 4.000000000000000000e+00 4.000000000000000000e+00 4.299087758079584688e+07 4.299087758079584688e+07 4.620146433835700899e+07 4.620146433835700899e+07 2.967147848606109619e+02 2.762000000000000000e+03 0.000000000000000000e+00
8.300000000000000000e+01 4.000000000000000000e+00 4.000000000000000000e+00 4.249224889239273965e+07 4.249224889239273965e+07 4.525482933124497533e+07 4.525482933124497533e+07 2.220585043430328369e+02 2.042000000000000000e+03 0.000000000000000000e+00
8.400000000000000000e+01 4.000000000000000000e+00 4.000000000000000000e+00 4.164976586924917251e+07 4.164976586924917251e+07 4.547776304009065777e+07 4.547776304009065777e+07 3.504468133449554443e+02 3.338000000000000000e+03 0.000000000000000000e+00
8.500000000000000000e+01 4.000000000000000000e+00 4.000000000000000000e+00 4.110300323639786243e+07 4.110300323639786243e+07 4.540754240290694684e+07 4.540754240290694684e+07 2.625653936862945557e+02 2.474000000000000000e+03 0.000000000000000000e+00
8.600000000000000000e+01 4.000000000000000000e+00 4.000000000000000000e+00 3.998133812244552374e+07 3.998133812244552374e+07 4.520124636103100330e+07 4.520124636103100330e+07 3.533780286312103271e+02 3.338000000000000000e+03 0.000000000000000000e+00
8.700000000000000000e+01 4.000000000000000000e+00 4.000000000000000000e+00 4.191271180561704189e+07 4.191271180561704189e+07 4.578323779312827438e+07 4.578323779312827438e+07 3.413801999092102051e+02 3.194000000000000000e+03 0.000000000000000000e+00
8.800000000000000000e+01 4.000000000000000000e+00 4.000000000000000000e+00 4.124306113956252486e+07 4.124306113956252486e+07 4.640257326315797865e+07 4.640257326315797865e+07 3.981478514671325684e+02 3.770000000000000000e+03 0.000000000000000000e+00
8.900000000000000000e+01 4.000000000000000000e+00 4.000000000000000000e+00 4.139936544837258011e+07 4.139936544837258011e+07 4.625472205671183020e+07 4.625472205671183020e+07 4.499869952201843262e+02 4.346000000000000000e+03 0.000000000000000000e+00
9.000000000000000000e+01 4.000000000000000000e+00 4.000000000000000000e+00 4.139185727235850692e+07 4.139185727235850692e+07 4.538735847020130605e+07 4.538735847020130605e+07 3.568374617099761963e+02 3.338000000000000000e+03 0.000000000000000000e+00
9.100000000000000000e+01 4.000000000000000000e+00 4.000000000000000000e+00 4.211200897743219882e+07 4.211200897743219882e+07 4.638658930294981599e+07 4.638658930294981599e+07 4.279936323165893555e+02 4.058000000000000000e+03 0.000000000000000000e+00
9.200000000000000000e+01 4.000000000000000000e+00 4.000000000000000000e+00 4.099649613827949762e+07 4.099649613827949762e+07 4.597166725390716642e+07 4.597166725390716642e+07 3.082152965068817139e+02 2.906000000000000000e+03 0.000000000000000000e+00
9.300000000000000000e+01 4.000000000000000000e+00 4.000000000000000000e+00 4.197375658878766745e+07 4.197375658878766745e+07 4.575572522785106301e+07 4.575572522785106301e+07 3.625911719799041748e+02 3.482000000000000000e+03 0.000000000000000000e+00
9.400000000000000000e+01 4.000000000000000000e+00 4.000000000000000000e+00 4.108432151778594404e+07 4.108432151778594404e+07 4.526997335916804522e+07 4.526997335916804522e+07 2.903943378925323486e+02 2.762000000000000000e+03 0.000000000000000000e+00
9.500000000000000000e+01 4.000000000000000000e+00 4.000000000000000000e+00 4.066503455153079331e+07 4.066503455153079331e+07 4.585970965952146053e+07 4.585970965952146053e+07 2.998637068271636963e+02 2.762000000000000000e+03 0.000000000000000000e+00
9.600000000000000000e+01 4.000000000000000000e+00 4.000000000000000000e+00 4.296724406424658746e+07 4.296724406424658746e+07 4.620774512214816362e+07 4.620774512214816362e+07 2.650764942169189453e+02 2.474000000000000000e+03 0.000000000000000000e+00
9.700000000000000000e+01 4.000000000000000000e+00 4.000000000000000000e+00 4.095743747361805290e+07 4.095743747361805290e+07 4.676206639805893600e+07 4.676206639805893600e+07 3.867538666725158691e+02 3.626000000000000000e+03 0.000000000000000000e+00
9.800000000000000000e+01 4.000000000000000000e+00 4.000000000000000000e+00 4.094929822222442925e+07 4.094929822222442925e+07 4.524878221416600794e+07 4.524878221416600794e+07 3.247763900756835938e+02 3.050000000000000000e+03 0.000000000000000000e+00
9.900000000000000000e+01 4.000000000000000000e+00 4.000000000000000000e+00 4.234747975609365106e+07 4.234747975609365106e+07 4.554759019008730352e+07 4.554759019008730352e+07 2.772704172134399414e+02 2.906000000000000000e+03 0.000000000000000000e+00
1.000000000000000000e+02 4.000000000000000000e+00 4.000000000000000000e+00 4.228125451275125891e+07 4.228125451275125891e+07 4.524312505585235357e+07 4.524312505585235357e+07 2.395976386070251465e+02 3.626000000000000000e+03 0.000000000000000000e+00
1.010000000000000000e+02 4.000000000000000000e+00 4.000000000000000000e+00 4.169341011719740927e+07 4.169341011719740927e+07 4.547010863818949461e+07 4.547010863818949461e+07 2.668224112987518311e+02 4.058000000000000000e+03 0.000000000000000000e+00
1.020000000000000000e+02 4.000000000000000000e+00 4.000000000000000000e+00 4.127558359627427906e+07 4.127558359627427906e+07 4.588634587147989869e+07 4.588634587147989869e+07 2.447186856269836426e+02 3.770000000000000000e+03 0.000000000000000000e+00
1.030000000000000000e+02 4.000000000000000000e+00 4.000000000000000000e+00 3.928921254795883596e+07 3.928921254795883596e+07 4.589392255283667892e+07 4.589392255283667892e+07 1.947638976573944092e+02 2.906000000000000000e+03 0.000000000000000000e+00
1.040000000000000000e+02 4.000000000000000000e+00 4.000000000000000000e+00 4.286201131304994226e+07 4.286201131304994226e+07 4.606686277985279262e+07 4.606686277985279262e+07 2.292970967292785645e+02 3.482000000000000000e+03 0.000000000000000000e+00
1.050000000000000000e+02 4.000000000000000000e+00 4.000000000000000000e+00 4.245282828252746165e+07 4.245282828252746165e+07 4.647216135710626096e+07 4.647216135710626096e+07 2.113299589157104492e+02 3.194000000000000000e+03 0.000000000000000000e+00
1.060000000000000000e+02 4.000000000000000000e+00 4.000000000000000000e+00 3.873263137792018056e+07 3.873263137792018056e+07 4.539778643336696178e+07 4.539778643336696178e+07 2.158732168674468994e+02 3.194000000000000000e+03 0.000000000000000000e+00
1.070000000000000000e+02 4.000000000000000000e+00 4.000000000000000000e+00 4.065300763730660081e+07 4.065300763730660081e+07 4.475260537261766940e+07 4.475260537261766940e+07 1.352208921909332275e+02 2.042000000000000000e+03 0.000000000000000000e+00
1.080000000000000000e+02 4.000000000000000000e+00 4.000000000000000000e+00 4.112594374939062446e+07 4.112594374939062446e+07 4.551455897484558821e+07 4.551455897484558821e+07 1.728586788177490234e+02 2.330000000000000000e+03 0.000000000000000000e+00
1.090000000000000000e+02 4.000000000000000000e+00 4.000000000000000000e+00 3.922021583242944628e+07 3.922021583242944628e+07 4.219160541109478474e+07 4.219160541109478474e+07 1.396733210086822510e+02 2.042000000000000000e+03 0.000000000000000000e+00
1.100000000000000000e+02 4.000000000000000000e+00 4.000000000000000000e+00 3.989472844090300798e+07 3.989472844090300798e+07 4.573802720584052801e+07 4.573802720584052801e+07 2.158894691467285156e+02 3.338000000000000000e+03 0.000000000000000000e+00
1.110000000000000000e+02 4.000000000000000000e+00 4.000000000000000000e+00 3.885307394526699185e+07 3.885307394526699185e+07 4.451055215719918907e+07 4.451055215719918907e+07 1.650586380958557129e+02 2.474000000000000000e+03 0.000000000000000000e+00
1.120000000000000000e+02 4.000000000000000000e+00 4.000000000000000000e+00 4.098413930891056359e+07 4.098413930891056359e+07 4.554231444108773768e+07 4.554231444108773768e+07 1.974177410602569580e+02 3.050000000000000000e+03 0.000000000000000000e+00
1.130000000000000000e+02 4.000000000000000000e+00 4.000000000000000000e+00 4.118863791888814420e+07 4.118863791888814420e+07 4.608174802794101834e+07 4.608174802794101834e+07 1.841757822036743164e+02 2.762000000000000000e+03 0.000000000000000000e+00
1.140000000000000000e+02 4.000000000000000000e+00 4.000000000000000000e+00 4.322155739459050447e+07 4.322155739459050447e+07 4.569689153781381249e+07 4.569689153781381249e+07 1.912076027393341064e+02 2.906000000000000000e+03 0.000000000000000000e+00
1.150000000000000000e+02 4.000000000000000000e+00 4.000000000000000000e+00 4.058585070436151326e+07 4.058585070436151326e+07 4.681971698664587736e+07 4.681971698664587736e+07 3.380695235729217529e+02 5.498000000000000000e+03 0.000000000000000000e+00
1.160000000000000000e+02 4.000000000000000000e+00 4.000000000000000000e+00 4.241980572520601004e+07 4.241980572520601004e+07 4.646759932559947670e+07 4.646759932559947670e+07 3.675649349689483643e+02 5.786000000000000000e+03 0.000000000000000000e+00
1.170000000000000000e+02 4.000000000000000000e+00 4.000000000000000000e+00 4.110961726861370355e+07 4.110961726861370355e+07 4.631517541097316891e+07 4.631517541097316891e+07 1.902384412288665771e+02 2.906000000000000000e+03 0.000000000000000000e+00
1.180000000000000000e+02 4.000000000000000000e+00 4.000000000000000000e+00 4.132481603153025359e+07 4.132481603153025359e+07 4.567937108689926565e+07 4.567937108689926565e+07 1.902404105663299561e+02 2.906000000000000000e+03 0.000000000000000000e+00
1.190000000000000000e+02 4.000000000000000000e+00 4.000000000000000000e+00 4.096482786421274394e+07 4.096482786421274394e+07 4.423879184551581740e+07 4.423879184551581740e+07 1.502874221801757812e+02 2.330000000000000000e+03 0.000000000000000000e+00
1.200000000000000000e+02 4.000000000000000000e+00 4.000000000000000000e+00 4.083333845534741133e+07 4.083333845534741133e+07 4.545823540368905663e+07 4.545823540368905663e+07 1.550209052562713623e+02 2.330000000000000000e+03 0.000000000000000000e+00
1.210000000000000000e+02 4.000000000000000000e+00 4.000000000000000000e+00 4.276449461979562044e+07 4.276449461979562044e+07 4.595870915844856203e+07 4.595870915844856203e+07 1.323783564567565918e+02 2.042000000000000000e+03 0.000000000000000000e+00
1.220000000000000000e+02 4.000000000000000000e+00 4.000000000000000000e+00 4.116028549994644523e+07 4.116028549994644523e+07 4.555032582503073663e+07 4.555032582503073663e+07 1.909217741489410400e+02 2.906000000000000000e+03 0.000000000000000000e+00
1.230000000000000000e+02 4.000000000000000000e+00 4.000000000000000000e+00 4.164207611290442199e+07 4.164207611290442199e+07 4.551589775840043277e+07 4.551589775840043277e+07 1.708988685607910156e+02 2.618000000000000000e+03 0.000000000000000000e+00
1.240000000000000000e+02 4.000000000000000000e+00 4.000000000000000000e+00 4.034179596647406369e+07 4.034179596647406369e+07 4.565358008047985286e+07 4.565358008047985286e+07 2.100486843585968018e+02 2.618000000000000000e+03 0.000000000000000000e+00
1.250000000000000000e+02 4.000000000000000000e+00 4.000000000000000000e+00 4.178260940653720498e+07 4.178260940653720498e+07 4.559000302534270287e+07 4.559000302534270287e+07 2.278454370498657227e+02 3.482000000000000000e+03 0.000000000000000000e+00
1.260000000000000000e+02 4.000000000000000000e+00 4.000000000000000000e+00 4.174219556800362468e+07 4.174219556800362468e+07 4.618149063315328211e+07 4.618149063315328211e+07 2.172097415924072266e+02 3.194000000000000000e+03 0.000000000000000000e+00
1.270000000000000000e+02 4.000000000000000000e+00 4.000000000000000000e+00 4.202718617535553128e+07 4.202718617535553128e+07 4.547028680984890461e+07 4.547028680984890461e+07 1.715495500564575195e+02 2.618000000000000000e+03 0.000000000000000000e+00
1.280000000000000000e+02 4.000000000000000000e+00 4.000000000000000000e+00 4.084966300321436673e+07 4.084966300321436673e+07 4.532464504772235453e+07 4.532464504772235453e+07 2.389785788059234619e+02 3.626000000000000000e+03 0.000000000000000000e+00
1.290000000000000000e+02 4.000000000000000000e+00 4.000000000000000000e+00 4.188163420253349841e+07 4.188163420253349841e+07 4.583758485483144224e+07 4.583758485483144224e+07 1.798597886562347412e+02 2.762000000000000000e+03 0.000000000000000000e+00
1.300000000000000000e+02 4.000000000000000000e+00 4.000000000000000000e+00 3.989556305980468541e+07 3.989556305980468541e+07 4.643538788139055669e+07 4.643538788139055669e+07 2.306140315532684326e+02 3.482000000000000000e+03 0.000000000000000000e+00
1.310000000000000000e+02 4.000000000000000000e+00 4.000000000000000000e+00 3.988831785027799755e+07 3.988831785027799755e+07 4.550830156820655614e+07 4.550830156820655614e+07 2.820524868965148926e+02 4.346000000000000000e+03 0.000000000000000000e+00
1.320000000000000000e+02 4.000000000000000000e+00 4.000000000000000000e+00 4.131848616940218955e+07 4.131848616940218955e+07 4.556108786313460767e+07 4.556108786313460767e+07 1.637140583992004395e+02 2.474000000000000000e+03 0.000000000000000000e+00
1.330000000000000000e+02 4.000000000000000000e+00 4.000000000000000000e+00 3.988403934687208384e+07 3.988403934687208384e+07 4.517123754506546259e+07 4.517123754506546259e+07 2.084795019626617432e+02 3.194000000000000000e+03 0.000000000000000000e+00
1.340000000000000000e+02 4.000000000000000000e+00 4.000000000000000000e+00 4.004879854610972852e+07 4.004879854610972852e+07 4.618918172721982002e+07 4.618918172721982002e+07 1.849055123329162598e+02 2.762000000000000000e+03 0.000000000000000000e+00
1.350000000000000000e+02 4.000000000000000000e+00 4.000000000000000000e+00 4.344990877903147787e+07 4.344990877903147787e+07 4.499547889120351523e+07 4.499547889120351523e+07 2.357000234127044678e+02 3.626000000000000000e+03 0.000000000000000000e+00
1.360000000000000000e+02 4.000000000000000000e+00 4.000000000000000000e+00 4.228762903203906119e+07 4.228762903203906119e+07 4.683537397127167881e+07 4.683537397127167881e+07 2.415804986953735352e+02 3.770000000000000000e+03 0.000000000000000000e+00
1.370000000000000000e+02 4.000000000000000000e+00 4.000000000000000000e+00 4.282088181129832566e+07 4.282088181129832566e+07 4.473921758780387044e+07 4.473921758780387044e+07 1.836628684997558594e+02 2.762000000000000000e+03 0.000000000000000000e+00
1.380000000000000000e+02 4.000000000000000000e+00 4.000000000000000000e+00 4.232803911288302392e+07 4.232803911288302392e+07 4.649278611646807939e+07 4.649278611646807939e+07 2.100697677135467529e+02 3.194000000000000000e+03 0.000000000000000000e+00
1.390000000000000000e+02 4.000000000000000000e+00 4.000000000000000000e+00 4.229604241236401349e+07 4.229604241236401349e+07 4.593322421963619441e+07 4.593322421963619441e+07 2.834747793674468994e+02 3.626000000000000000e+03 0.000000000000000000e+00
1.400000000000000000e+02 4.000000000000000000e+00 4.000000000000000000e+00 3.939483055812732875e+07 3.939483055812732875e+07 4.498021708036301285e+07 4.498021708036301285e+07 2.778567559719085693e+02 3.914000000000000000e+03 0.000000000000000000e+00
1.410000000000000000e+02 4.000000000000000000e+00 4.000000000000000000e+00 4.189191158002641797e+07 4.189191158002641797e+07 4.642566838151404262e+07 4.642566838151404262e+07 2.436888167858123779e+02 3.770000000000000000e+03 0.000000000000000000e+00
1.420000000000000000e+02 4.000000000000000000e+00 4.000000000000000000e+00 3.996775714914937317e+07 3.996775714914937317e+07 4.534667511952154338e+07 4.534667511952154338e+07 1.437752435207366943e+02 2.186000000000000000e+03 0.000000000000000000e+00
1.430000000000000000e+02 4.000000000000000000e+00 4.000000000000000000e+00 4.094568808679459989e+07 4.094568808679459989e+07 4.537953322948953509e+07 4.537953322948953509e+07 1.634019215106964111e+02 2.474000000000000000e+03 0.000000000000000000e+00
1.440000000000000000e+02 4.000000000000000000e+00 4.000000000000000000e+00 4.146797106168726832e+07 4.146797106168726832e+07 4.666941667416847497e+07 4.666941667416847497e+07 2.501410620212554932e+02 3.770000000000000000e+03 0.000000000000000000e+00
1.450000000000000000e+02 4.000000000000000000e+00 4.000000000000000000e+00 4.076927569567233324e+07 4.076927569567233324e+07 4.520804566478887200e+07 4.520804566478887200e+07 1.599439756870269775e+02 2.474000000000000000e+03 0.000000000000000000e+00
1.460000000000000000e+02 4.000000000000000000e+00 4.000000000000000000e+00 4.333233267897482961e+07 4.333233267897482961e+07 4.590074705865129828e+07 4.590074705865129828e+07 3.478909897804260254e+02 5.498000000000000000e+03 0.000000000000000000e+00
1.470000000000000000e+02 4.000000000000000000e+00 4.000000000000000000e+00 4.187066561921890080e+07 4.187066561921890080e+07 4.617799547085239738e+07 4.617799547085239738e+07 2.208197336196899414e+02 3.338000000000000000e+03 0.000000000000000000e+00
1.480000000000000000e+02 4.000000000000000000e+00 4.000000000000000000e+00 4.081714714167819172e+07 4.081714714167819172e+07 4.583743941672500223e+07 4.583743941672500223e+07 1.772346200942993164e+02 2.762000000000000000e+03 0.000000000000000000e+00
1.490000000000000000e+02 4.000000000000000000e+00 4.000000000000000000e+00 4.193172144900646061e+07 4.193172144900646061e+07 4.584500602554315329e+07 4.584500602554315329e+07 2.599534482955932617e+02 4.058000000000000000e+03 0.000000000000000000e+00
1.500000000000000000e+02 4.000000000000000000e+00 4.000000000000000000e+00 4.007577239874927700e+07 4.007577239874927700e+07 4.608378576158331335e+07 4.608378576158331335e+07 3.220639390945434570e+02 5.066000000000000000e+03 0.000000000000000000e+00
1.510000000000000000e+02 4.000000000000000000e+00 4.000000000000000000e+00 3.936096398520080000e+07 3.936096398520080000e+07 4.661448504842173308e+07 4.661448504842173308e+07 2.991497900485992432e+02 4.634000000000000000e+03 0.000000000000000000e+00
1.520000000000000000e+02 4.000000000000000000e+00 4.000000000000000000e+00 4.182253896792809665e+07 4.182253896792809665e+07 4.601034885466186702e+07 4.601034885466186702e+07 2.420312972068786621e+02 3.626000000000000000e+03 0.000000000000000000e+00
1.530000000000000000e+02 4.000000000000000000e+00 4.000000000000000000e+00 4.048929135997879505e+07 4.048929135997879505e+07 4.522227760631547868e+07 4.522227760631547868e+07 1.453235507011413574e+02 2.186000000000000000e+03 0.000000000000000000e+00
1.540000000000000000e+02 4.000000000000000000e+00 4.000000000000000000e+00 3.934403282821772993e+07 3.934403282821772993e+07 4.559769316021228582e+07 4.559769316021228582e+07 5.462171025276184082e+02 9.242000000000000000e+03 0.000000000000000000e+00
1.550000000000000000e+02 4.000000000000000000e+00 4.000000000000000000e+00 4.032617860785188526e+07 4.032617860785188526e+07 4.606782178685160726e+07 4.606782178685160726e+07 2.516030759811401367e+02 3.338000000000000000e+03 0.000000000000000000e+00
1.560000000000000000e+02 4.000000000000000000e+00 4.000000000000000000e+00 4.274249435903362185e+07 4.274249435903362185e+07 4.566620456526619941e+07 4.566620456526619941e+07 2.014092013835906982e+02 2.906000000000000000e+03 0.000000000000000000e+00
1.570000000000000000e+02 4.000000000000000000e+00 4.000000000000000000e+00 4.166250905364854634e+07 4.166250905364854634e+07 4.570590055515528470e+07 4.570590055515528470e+07 1.709694552421569824e+02 2.618000000000000000e+03 0.000000000000000000e+00
1.580000000000000000e+02 4.000000000000000000e+00 4.000000000000000000e+00 4.101990312417975813e+07 4.101990312417975813e+07 4.583606160241818428e+07 4.583606160241818428e+07 1.789572229385375977e+02 2.618000000000000000e+03 0.000000000000000000e+00
1.590000000000000000e+02 4.000000000000000000e+00 4.000000000000000000e+00 4.028860490056038648e+07 4.028860490056038648e+07 4.606625039651099592e+07 4.606625039651099592e+07 2.641964528560638428e+02 4.058000000000000000e+03 0.000000000000000000e+00
1.600000000000000000e+02 4.000000000000000000e+00 4.000000000000000000e+00 4.287084930029293895e+07 4.287084930029293895e+07 4.639918856781465560e+07 4.639918856781465560e+07 1.541709597110748291e+02 2.330000000000000000e+03 0.000000000000000000e+00
1.610000000000000000e+02 4.000000000000000000e+00 4.000000000000000000e+00 4.158431676982374489e+07 4.158431676982374489e+07 4.544641880752909929e+07 4.544641880752909929e+07 1.685281467437744141e+02 2.618000000000000000e+03 0.000000000000000000e+00
1.620000000000000000e+02 4.000000000000000000e+00 4.000000000000000000e+00 4.221716734099772573e+07 4.221716734099772573e+07 4.604038610085935891e+07 4.604038610085935891e+07 2.132414305210113525e+02 3.338000000000000000e+03 0.000000000000000000e+00
1.630000000000000000e+02 4.000000000000000000e+00 4.000000000000000000e+00 4.150744606655482948e+07 4.150744606655482948e+07 4.594345637708026916e+07 4.594345637708026916e+07 2.831588351726531982e+02 4.490000000000000000e+03 0.000000000000000000e+00
1.640000000000000000e+02 4.000000000000000000e+00 4.000000000000000000e+00 4.218619181539744884e+07 4.218619181539744884e+07 4.581447036721345037e+07 4.581447036721345037e+07 2.230354573726654053e+02 3.482000000000000000e+03 0.000000000000000000e+00
1.650000000000000000e+02 4.000000000000000000e+00 4.000000000000000000e+00 3.977939797597095370e+07 3.977939797597095370e+07 4.607397141081283242e+07 4.607397141081283242e+07 2.291869814395904541e+02 3.626000000000000000e+03 0.000000000000000000e+00
1.660000000000000000e+02 4.000000000000000000e+00 4.000000000000000000e+00 4.289760095028038323e+07 4.289760095028038323e+07 4.567609382322421670e+07 4.567609382322421670e+07 1.875658197402954102e+02 2.906000000000000000e+03 0.000000000000000000e+00
1.670000000000000000e+02 4.000000000000000000e+00 4.000000000000000000e+00 4.303894753808802366e+07 4.303894753808802366e+07 4.608438256662955880e+07 4.608438256662955880e+07 1.340467259883880615e+02 2.042000000000000000e+03 0.000000000000000000e+00
1.680000000000000000e+02 4.000000000000000000e+00 4.000000000000000000e+00 4.275663726254848391e+07 4.275663726254848391e+07 4.553082236677446961e+07 4.553082236677446961e+07 1.074978199005126953e+02 1.610000000000000000e+03 0.000000000000000000e+00
1.690000000000000000e+02 4.000000000000000000e+00 4.000000000000000000e+00 4.091359162441904843e+07 4.091359162441904843e+07 4.532338832047447562e+07 4.532338832047447562e+07 2.010773420333862305e+02 3.050000000000000000e+03 0.000000000000000000e+00
1.700000000000000000e+02 4.000000000000000000e+00 4.000000000000000000e+00 4.074968835664745420e+07 4.074968835664745420e+07 4.486015521321299672e+07 4.486015521321299672e+07 2.641205875873565674e+02 4.202000000000000000e+03 0.000000000000000000e+00
1.710000000000000000e+02 4.000000000000000000e+00 4.000000000000000000e+00 4.175251240590834618e+07 4.175251240590834618e+07 4.579291978539771587e+07 4.579291978539771587e+07 2.577541565895080566e+02 3.770000000000000000e+03 0.000000000000000000e+00
1.720000000000000000e+02 4.000000000000000000e+00 4.000000000000000000e+00 3.984870932591533661e+07 3.984870932591533661e+07 4.582146456913513690e+07 4.582146456913513690e+07 3.493244116306304932e+02 5.066000000000000000e+03 0.000000000000000000e+00
1.730000000000000000e+02 4.000000000000000000e+00 4.000000000000000000e+00 4.211146614364717901e+07 4.211146614364717901e+07 4.564232789022330940e+07 4.564232789022330940e+07 2.203596830368041992e+02 3.338000000000000000e+03 0.000000000000000000e+00
1.740000000000000000e+02 4.000000000000000000e+00 4.000000000000000000e+00 4.075514181989786029e+07 4.075514181989786029e+07 4.601995328590097278e+07 4.601995328590097278e+07 2.493995416164398193e+02 3.770000000000000000e+03 0.000000000000000000e+00
1.750000000000000000e+02 4.000000000000000000e+00 4.000000000000000000e+00 4.268474141068857163e+07 4.268474141068857163e+07 4.537586622234510630e+07 4.537586622234510630e+07 1.623276114463806152e+02 2.474000000000000000e+03 0.000000000000000000e+00
1.760000000000000000e+02 4.000000000000000000e+00 4.000000000000000000e+00 4.258287925829862058e+07 4.258287925829862058e+07 4.567753259999986738e+07 4.567753259999986738e+07 2.209092376232147217e+02 3.338000000000000000e+03 0.000000000000000000e+00
1.770000000000000000e+02 4.000000000000000000e+00 4.000000000000000000e+00 4.201825186121141911e+07 4.201825186121141911e+07 4.476104092633669078e+07 4.476104092633669078e+07 1.904918303489685059e+02 2.906000000000000000e+03 0.000000000000000000e+00
1.780000000000000000e+02 4.000000000000000000e+00 4.000000000000000000e+00 4.042620967630542815e+07 4.042620967630542815e+07 4.568510474957560748e+07 4.568510474957560748e+07 2.692242665290832520e+02 4.058000000000000000e+03 0.000000000000000000e+00
1.790000000000000000e+02 4.000000000000000000e+00 4.000000000000000000e+00 4.370069894988399744e+07 4.370069894988399744e+07 4.616177405541951954e+07 4.616177405541951954e+07 1.423517606258392334e+02 2.186000000000000000e+03 0.000000000000000000e+00
1.800000000000000000e+02 4.000000000000000000e+00 4.000000000000000000e+00 4.030213020895846933e+07 4.030213020895846933e+07 4.601830350990844518e+07 4.601830350990844518e+07 2.570425739288330078e+02 3.914000000000000000e+03 0.000000000000000000e+00
1.810000000000000000e+02 4.000000000000000000e+00 4.000000000000000000e+00 4.054559587628934532e+07 4.054559587628934532e+07 4.654968921807269007e+07 4.654968921807269007e+07 3.338518397808074951e+02 4.634000000000000000e+03 0.000000000000000000e+00
1.820000000000000000e+02 4.000000000000000000e+00 4.000000000000000000e+00 3.872788698584931344e+07 3.872788698584931344e+07 4.571079112520264089e+07 4.571079112520264089e+07 3.240554795265197754e+02 4.778000000000000000e+03 0.000000000000000000e+00
1.830000000000000000e+02 4.000000000000000000e+00 4.000000000000000000e+00 3.989391075091114640e+07 3.989391075091114640e+07 4.582590620261012018e+07 4.582590620261012018e+07 2.737306525707244873e+02 4.202000000000000000e+03 0.000000000000000000e+00
1.840000000000000000e+02 4.000000000000000000e+00 4.000000000000000000e+00 3.963264804225465655e+07 3.963264804225465655e+07 4.616812708107426763e+07 4.616812708107426763e+07 4.026391367912292480e+02 6.362000000000000000e+03 0.000000000000000000e+00
1.850000000000000000e+02 4.000000000000000000e+00 4.000000000000000000e+00 4.252304963808313012e+07 4.252304963808313012e+07 4.638018271931954473e+07 4.638018271931954473e+07 2.410737452507019043e+02 3.626000000000000000e+03 0.000000000000000000e+00
1.860000000000000000e+02 4.000000000000000000e+00 4.000000000000000000e+00 4.169673916140139848e+07 4.169673916140139848e+07 4.644865625790395588e+07 4.644865625790395588e+07 2.079647984504699707e+02 3.194000000000000000e+03 0.000000000000000000e+00
1.870000000000000000e+02 4.000000000000000000e+00 4.000000000000000000e+00 4.196737587956859916e+07 4.196737587956859916e+07 4.590097158356355131e+07 4.590097158356355131e+07 3.012917108535766602e+02 4.634000000000000000e+03 0.000000000000000000e+00
1.880000000000000000e+02 4.000000000000000000e+00 4.000000000000000000e+00 4.265690883219370246e+07 4.265690883219370246e+07 4.609239912467148900e+07 4.609239912467148900e+07 3.088014869689941406e+02 4.778000000000000000e+03 0.000000000000000000e+00
1.890000000000000000e+02 4.000000000000000000e+00 4.000000000000000000e+00 3.994739887854374945e+07 3.994739887854374945e+07 4.543938504907334596e+07 4.543938504907334596e+07 2.881073582172393799e+02 4.490000000000000000e+03 0.000000000000000000e+00
1.900000000000000000e+02 4.000000000000000000e+00 4.000000000000000000e+00 4.265330935247439146e+07 4.265330935247439146e+07 4.586406707727896422e+07 4.586406707727896422e+07 1.622008237838745117e+02 2.474000000000000000e+03 0.000000000000000000e+00
1.910000000000000000e+02 4.000000000000000000e+00 4.000000000000000000e+00 4.272450632847636938e+07 4.272450632847636938e+07 4.615977872403125465e+07 4.615977872403125465e+07 1.935042746067047119e+02 2.906000000000000000e+03 0.000000000000000000e+00
1.920000000000000000e+02 4.000000000000000000e+00 4.000000000000000000e+00 4.260234652457247674e+07 4.260234652457247674e+07 4.646821482771188021e+07 4.646821482771188021e+07 2.973635168075561523e+02 4.490000000000000000e+03 0.000000000000000000e+00
1.930000000000000000e+02 4.000000000000000000e+00 4.000000000000000000e+00 4.141898608301782608e+07 4.141898608301782608e+07 4.603621912052810937e+07 4.603621912052810937e+07 2.353629651069641113e+02 3.626000000000000000e+03 0.000000000000000000e+00
1.940000000000000000e+02 4.000000000000000000e+00 4.000000000000000000e+00 4.135498360915272683e+07 4.135498360915272683e+07 4.506496736112376302e+07 4.506496736112376302e+07 1.640473656654357910e+02 2.474000000000000000e+03 0.000000000000000000e+00
1.950000000000000000e+02 4.000000000000000000e+00 4.000000000000000000e+00 4.006347923287416995e+07 4.006347923287416995e+07 4.599352971212437004e+07 4.599352971212437004e+07 1.430891830921173096e+02 2.186000000000000000e+03 0.000000000000000000e+00
1.960000000000000000e+02 4.000000000000000000e+00 4.000000000000000000e+00 4.078829242409407347e+07 4.078829242409407347e+07 4.590792568720660359e+07 4.590792568720660359e+07 2.484647254943847656e+02 3.194000000000000000e+03 0.000000000000000000e+00
1.970000000000000000e+02 4.000000000000000000e+00 4.000000000000000000e+00 4.104933380893199891e+07 4.104933380893199891e+07 4.541763070111384243e+07 4.541763070111384243e+07 2.469212560653686523e+02 3.626000000000000000e+03 0.000000000000000000e+00
1.980000000000000000e+02 4.000000000000000000e+00 4.000000000000000000e+00 4.161946157508195192e+07 4.161946157508195192e+07 4.650352224043270200e+07 4.650352224043270200e+07 2.021119613647460938e+02 3.482000000000000000e+03 0.000000000000000000e+00
1.990000000000000000e+02 4.000000000000000000e+00 4.000000000000000000e+00 3.920372534664507210e+07 3.920372534664507210e+07 4.651140026363635808e+07 4.651140026363635808e+07 2.539197938442230225e+02 4.490000000000000000e+03 0.000000000000000000e+00
