# # run number, ti calc, ti opt, aep init calc (kW), aep init opt (kW), aep run calc (kW), aep run opt (kW), run time (s), obj func calls, sens func calls
0.000000000000000000e+00 4.000000000000000000e+00 0.000000000000000000e+00 1.533306789134216011e+08 1.517104827068687677e+08 1.602859530344530344e+08 1.603189960617010295e+08 7.714420604705810547e+01 2.320000000000000000e+02 1.570000000000000000e+02
1.000000000000000000e+00 4.000000000000000000e+00 0.000000000000000000e+00 1.291137670864313245e+08 1.258058028515580446e+08 1.562388799042460918e+08 1.559971715706252456e+08 1.472404100894927979e+02 4.080000000000000000e+02 3.320000000000000000e+02
2.000000000000000000e+00 4.000000000000000000e+00 0.000000000000000000e+00 1.282262222135164291e+08 1.242403449365136325e+08 1.566581676167412996e+08 1.564060343401984572e+08 8.922189569473266602e+01 2.720000000000000000e+02 1.970000000000000000e+02
3.000000000000000000e+00 4.000000000000000000e+00 0.000000000000000000e+00 1.370833169764128029e+08 1.345974275124287009e+08 1.560229789101165533e+08 1.557761630110404193e+08 3.237477018833160400e+02 8.090000000000000000e+02 7.330000000000000000e+02
4.000000000000000000e+00 4.000000000000000000e+00 0.000000000000000000e+00 1.360226585080001354e+08 1.324197176321811527e+08 1.585271072845107615e+08 1.581692472387509048e+08 2.484752538204193115e+02 6.490000000000000000e+02 5.730000000000000000e+02
5.000000000000000000e+00 4.000000000000000000e+00 0.000000000000000000e+00 1.313337393790657520e+08 1.280789564583400637e+08 1.601288214133672118e+08 1.600589163701207638e+08 1.914700641632080078e+02 4.710000000000000000e+02 3.950000000000000000e+02
6.000000000000000000e+00 4.000000000000000000e+00 0.000000000000000000e+00 1.308685372611467838e+08 1.266286067742750347e+08 1.567072303801622391e+08 1.563297966897409260e+08 7.926044797897338867e+01 2.490000000000000000e+02 1.740000000000000000e+02
7.000000000000000000e+00 4.000000000000000000e+00 0.000000000000000000e+00 1.329577836745155156e+08 1.305313798669874668e+08 1.612507441752599478e+08 1.612268912715638280e+08 6.528222823143005371e+01 2.200000000000000000e+02 1.450000000000000000e+02
8.000000000000000000e+00 4.000000000000000000e+00 0.000000000000000000e+00 1.316521082513168603e+08 1.284170478785031587e+08 1.583525232939758301e+08 1.581615804308635592e+08 3.131561524868011475e+02 7.720000000000000000e+02 6.960000000000000000e+02
9.000000000000000000e+00 4.000000000000000000e+00 0.000000000000000000e+00 1.298721806083797216e+08 1.263649976176814437e+08 1.595676085404770970e+08 1.595246746230616868e+08 4.374180626869201660e+02 1.085000000000000000e+03 1.009000000000000000e+03
1.000000000000000000e+01 4.000000000000000000e+00 0.000000000000000000e+00 1.351563457465437651e+08 1.321614325101061910e+08 1.564144681745037138e+08 1.562062499864728749e+08 6.834492492675781250e+01 2.210000000000000000e+02 1.460000000000000000e+02
1.100000000000000000e+01 4.000000000000000000e+00 0.000000000000000000e+00 1.293649532386147529e+08 1.255593010273003578e+08 1.576744782613951862e+08 1.574877501158798635e+08 6.644082665443420410e+01 2.210000000000000000e+02 1.460000000000000000e+02
1.200000000000000000e+01 4.000000000000000000e+00 0.000000000000000000e+00 1.343951466811310351e+08 1.311446657950136662e+08 1.551491974309496284e+08 1.546788215346935391e+08 2.680651514530181885e+02 6.500000000000000000e+02 5.740000000000000000e+02
1.300000000000000000e+01 4.000000000000000000e+00 0.000000000000000000e+00 1.254685742354826182e+08 1.221828297764139920e+08 1.591371006770703197e+08 1.589983839709354341e+08 8.838264489173889160e+01 2.690000000000000000e+02 1.940000000000000000e+02
1.400000000000000000e+01 4.000000000000000000e+00 0.000000000000000000e+00 1.289147930494139194e+08 1.251201064110718817e+08 1.569255354039044976e+08 1.566928338218852282e+08 1.212039146423339844e+02 3.510000000000000000e+02 2.750000000000000000e+02
1.500000000000000000e+01 4.000000000000000000e+00 0.000000000000000000e+00 1.289313330912616104e+08 1.255416380823617727e+08 1.573352653006784320e+08 1.569751658173747063e+08 3.720068416595458984e+02 9.090000000000000000e+02 8.330000000000000000e+02
1.600000000000000000e+01 4.000000000000000000e+00 0.000000000000000000e+00 1.357297921370316148e+08 1.327007007369176894e+08 1.587109551813954711e+08 1.584574480773534179e+08 5.202355594635009766e+02 1.336000000000000000e+03 1.260000000000000000e+03
1.700000000000000000e+01 4.000000000000000000e+00 0.000000000000000000e+00 1.309405279829477519e+08 1.279600102562195808e+08 1.533284502338814437e+08 1.525719026609501243e+08 7.108261847496032715e+01 2.360000000000000000e+02 1.610000000000000000e+02
1.800000000000000000e+01 4.000000000000000000e+00 0.000000000000000000e+00 1.271015829866666049e+08 1.234549538425529599e+08 1.550862702470725179e+08 1.545371661836352646e+08 2.827381591796875000e+02 7.270000000000000000e+02 6.510000000000000000e+02
1.900000000000000000e+01 4.000000000000000000e+00 0.000000000000000000e+00 1.385044511280390322e+08 1.356970238054354489e+08 1.606927685056871474e+08 1.607367065679375529e+08 4.096554098129272461e+02 9.860000000000000000e+02 9.100000000000000000e+02
2.000000000000000000e+01 4.000000000000000000e+00 0.000000000000000000e+00 1.338201612462675720e+08 1.300724552677484155e+08 1.579392695063202977e+08 1.578003495246488452e+08 1.037255475521087646e+02 2.880000000000000000e+02 2.130000000000000000e+02
2.100000000000000000e+01 4.000000000000000000e+00 0.000000000000000000e+00 1.329233970474586040e+08 1.288542640826441199e+08 1.625775045935946107e+08 1.624723962375818193e+08 8.522824525833129883e+01 2.650000000000000000e+02 1.900000000000000000e+02
2.200000000000000000e+01 4.000000000000000000e+00 0.000000000000000000e+00 1.368454513654262424e+08 1.337935277414946109e+08 1.568237076062973738e+08 1.568440220403045714e+08 2.942333152294158936e+02 7.450000000000000000e+02 6.690000000000000000e+02
2.300000000000000000e+01 4.000000000000000000e+00 0.000000000000000000e+00 1.302445837474870980e+08 1.272268294648974836e+08 1.567846915099268258e+08 1.567631469788653851e+08 1.422948322296142578e+02 3.850000000000000000e+02 3.090000000000000000e+02
2.400000000000000000e+01 4.000000000000000000e+00 0.000000000000000000e+00 1.298549144837044477e+08 1.263352763622233570e+08 1.573591841574247479e+08 1.570122914805844426e+08 4.308109569549560547e+02 1.059000000000000000e+03 9.830000000000000000e+02
2.500000000000000000e+01 4.000000000000000000e+00 0.000000000000000000e+00 1.302605292837788463e+08 1.263695183110606968e+08 1.565397429561009109e+08 1.561178337143545747e+08 1.482325458526611328e+02 4.060000000000000000e+02 3.300000000000000000e+02
2.600000000000000000e+01 4.000000000000000000e+00 0.000000000000000000e+00 1.316761285722047687e+08 1.286313075494932830e+08 1.568169289213322997e+08 1.565361477457780540e+08 7.583361601829528809e+01 2.310000000000000000e+02 1.560000000000000000e+02
2.700000000000000000e+01 4.000000000000000000e+00 0.000000000000000000e+00 1.329721183341661990e+08 1.286384836583195180e+08 1.594212806974575520e+08 1.591118126479128599e+08 1.024800624847412109e+02 3.070000000000000000e+02 2.320000000000000000e+02
2.800000000000000000e+01 4.000000000000000000e+00 0.000000000000000000e+00 1.358006368852396905e+08 1.323158434490386993e+08 1.565542198871448040e+08 1.562744772372778058e+08 8.734082341194152832e+01 2.680000000000000000e+02 1.930000000000000000e+02
2.900000000000000000e+01 4.000000000000000000e+00 0.000000000000000000e+00 1.373148799413326979e+08 1.334980449578921497e+08 1.575351850630256832e+08 1.572384831615751386e+08 7.023943061828613281e+02 1.704000000000000000e+03 1.628000000000000000e+03
3.000000000000000000e+01 4.000000000000000000e+00 0.000000000000000000e+00 1.348044397200119197e+08 1.315005547743010819e+08 1.586359353519829810e+08 1.584607694908182919e+08 1.081995794773101807e+02 3.200000000000000000e+02 2.440000000000000000e+02
3.100000000000000000e+01 4.000000000000000000e+00 0.000000000000000000e+00 1.293339136307219267e+08 1.259870075857795030e+08 1.592833400866757631e+08 1.590504786843543649e+08 8.081557989120483398e+01 2.520000000000000000e+02 1.770000000000000000e+02
3.200000000000000000e+01 4.000000000000000000e+00 0.000000000000000000e+00 1.322242463633921891e+08 1.283735619969100356e+08 1.574015815955210626e+08 1.570458086242006719e+08 1.840811736583709717e+02 4.380000000000000000e+02 3.620000000000000000e+02
3.300000000000000000e+01 4.000000000000000000e+00 0.000000000000000000e+00 1.306164598744315803e+08 1.273242031487387419e+08 1.559413141206810176e+08 1.555980958202435672e+08 1.224107203483581543e+02 2.500000000000000000e+02 1.750000000000000000e+02
3.400000000000000000e+01 4.000000000000000000e+00 0.000000000000000000e+00 1.304824686643111855e+08 1.271006306528652310e+08 1.590838440449092984e+08 1.589730504644096196e+08 9.983277702331542969e+01 2.980000000000000000e+02 2.230000000000000000e+02
3.500000000000000000e+01 4.000000000000000000e+00 0.000000000000000000e+00 1.275671060582158267e+08 1.235981746809166670e+08 1.579065572155139446e+08 1.578127776033889353e+08 7.566927051544189453e+01 2.440000000000000000e+02 1.690000000000000000e+02
3.600000000000000000e+01 4.000000000000000000e+00 0.000000000000000000e+00 1.343450309527927935e+08 1.308279173571532816e+08 1.591447700787693262e+08 1.590519099628942907e+08 6.427673554420471191e+01 2.160000000000000000e+02 1.410000000000000000e+02
3.700000000000000000e+01 4.000000000000000000e+00 0.000000000000000000e+00 1.399288109847818315e+08 1.374690061907492578e+08 1.572273973136560321e+08 1.571153246776064634e+08 2.122826387882232666e+02 5.680000000000000000e+02 4.920000000000000000e+02
3.800000000000000000e+01 4.000000000000000000e+00 0.000000000000000000e+00 1.302345316515678018e+08 1.265202477682469189e+08 1.559971341714106202e+08 1.556506850253645182e+08 4.617389066219329834e+02 1.140000000000000000e+03 1.064000000000000000e+03
3.900000000000000000e+01 4.000000000000000000e+00 0.000000000000000000e+00 1.337041564592166841e+08 1.291147992478436828e+08 1.617871471590784192e+08 1.619474944008426368e+08 1.722959280014038086e+02 4.690000000000000000e+02 3.940000000000000000e+02
4.000000000000000000e+01 4.000000000000000000e+00 0.000000000000000000e+00 1.345860177917238772e+08 1.310771371291667074e+08 1.579049543223490417e+08 1.577311176271221340e+08 2.032687969207763672e+02 3.590000000000000000e+02 2.830000000000000000e+02
4.100000000000000000e+01 4.000000000000000000e+00 0.000000000000000000e+00 1.345147220712771714e+08 1.314018946550275534e+08 1.602881930478288829e+08 1.600999605799281299e+08 6.561427950859069824e+01 2.180000000000000000e+02 1.430000000000000000e+02
4.200000000000000000e+01 4.000000000000000000e+00 0.000000000000000000e+00 1.363585053330691159e+08 1.335806266010925472e+08 1.581893700426325798e+08 1.580281473792620599e+08 2.102297260761260986e+02 5.510000000000000000e+02 4.750000000000000000e+02
4.300000000000000000e+01 4.000000000000000000e+00 0.000000000000000000e+00 1.293497483968228847e+08 1.259438119750659615e+08 1.597599029768275321e+08 1.598567314944051206e+08 3.149178800582885742e+02 7.780000000000000000e+02 7.020000000000000000e+02
4.400000000000000000e+01 4.000000000000000000e+00 0.000000000000000000e+00 1.346111052185873985e+08 1.317012653905682415e+08 1.583244337096613348e+08 1.583341001740361750e+08 5.827878594398498535e+01 1.990000000000000000e+02 1.240000000000000000e+02
4.500000000000000000e+01 4.000000000000000000e+00 0.000000000000000000e+00 1.350151537819038033e+08 1.316873529931691289e+08 1.601338663606007993e+08 1.598472111124148369e+08 2.726871297359466553e+02 6.100000000000000000e+02 5.340000000000000000e+02
4.600000000000000000e+01 4.000000000000000000e+00 0.000000000000000000e+00 1.325490053757309467e+08 1.294542042394973636e+08 1.583425584636230171e+08 1.580569866044426858e+08 9.691313576698303223e+01 2.940000000000000000e+02 2.180000000000000000e+02
4.700000000000000000e+01 4.000000000000000000e+00 0.000000000000000000e+00 1.315078126322220862e+08 1.278752890464626998e+08 1.565617033166377246e+08 1.561366257044646144e+08 7.064461274147033691e+02 9.990000000000000000e+02 9.230000000000000000e+02
4.800000000000000000e+01 4.000000000000000000e+00 0.000000000000000000e+00 1.320803966255790442e+08 1.276750241078717560e+08 1.585361299199768007e+08 1.582460370287852287e+08 1.238359410762786865e+02 3.000000000000000000e+02 2.250000000000000000e+02
4.900000000000000000e+01 4.000000000000000000e+00 0.000000000000000000e+00 1.342917891854333282e+08 1.298433167568611801e+08 1.556708352829589844e+08 1.552833221314064264e+08 4.840410037040710449e+02 1.200000000000000000e+03 1.124000000000000000e+03
5.000000000000000000e+01 4.000000000000000000e+00 0.000000000000000000e+00 1.318943409295146614e+08 1.280243762285213470e+08 1.591563423690938950e+08 1.590421728865717053e+08 7.754862499237060547e+01 2.380000000000000000e+02 1.630000000000000000e+02
5.100000000000000000e+01 4.000000000000000000e+00 0.000000000000000000e+00 1.347247881631893814e+08 1.307191257867786288e+08 1.581858710069740713e+08 1.578931783385192752e+08 1.026734941005706787e+02 3.030000000000000000e+02 2.280000000000000000e+02
5.200000000000000000e+01 4.000000000000000000e+00 0.000000000000000000e+00 1.327049855321110934e+08 1.293503456667383611e+08 1.574672622345807254e+08 1.571807218246600926e+08 3.830768687725067139e+02 9.270000000000000000e+02 8.510000000000000000e+02
5.300000000000000000e+01 4.000000000000000000e+00 0.000000000000000000e+00 1.299153537567991614e+08 1.271768124995929301e+08 1.561314407976103127e+08 1.558341046417973936e+08 6.743153309822082520e+01 2.180000000000000000e+02 1.430000000000000000e+02
5.400000000000000000e+01 4.000000000000000000e+00 0.000000000000000000e+00 1.324021335533247888e+08 1.288105060518049151e+08 1.570177137254638672e+08 1.568105143164165616e+08 9.178882222175598145e+02 2.035000000000000000e+03 1.959000000000000000e+03
5.500000000000000000e+01 4.000000000000000000e+00 0.000000000000000000e+00 1.354908720046174228e+08 1.326863284028572887e+08 1.576286865531606674e+08 1.574250171810155809e+08 4.015782163143157959e+02 8.450000000000000000e+02 7.690000000000000000e+02
5.600000000000000000e+01 4.000000000000000000e+00 0.000000000000000000e+00 1.340924951299693584e+08 1.304896753308957368e+08 1.588771940786159337e+08 1.587625703516080081e+08 1.234365158081054688e+02 2.420000000000000000e+02 1.670000000000000000e+02
5.700000000000000000e+01 4.000000000000000000e+00 0.000000000000000000e+00 1.370758128451025188e+08 1.339356455718989968e+08 1.594872294494182467e+08 1.595016875941129625e+08 2.587875931262969971e+02 6.500000000000000000e+02 5.740000000000000000e+02
5.800000000000000000e+01 4.000000000000000000e+00 0.000000000000000000e+00 1.335004409853979647e+08 1.300212676235250980e+08 1.583033329175192714e+08 1.580039767539037168e+08 1.395572011470794678e+02 3.480000000000000000e+02 2.720000000000000000e+02
5.900000000000000000e+01 4.000000000000000000e+00 0.000000000000000000e+00 1.318227487503446490e+08 1.279520180320031643e+08 1.573669786404785216e+08 1.571438712752490938e+08 2.872791111469268799e+02 6.130000000000000000e+02 5.370000000000000000e+02
6.000000000000000000e+01 4.000000000000000000e+00 0.000000000000000000e+00 1.332712676798011363e+08 1.301297177325564027e+08 1.560176520417381525e+08 1.557497604822367728e+08 1.090286948680877686e+02 2.170000000000000000e+02 1.420000000000000000e+02
6.100000000000000000e+01 4.000000000000000000e+00 0.000000000000000000e+00 1.373919414039882720e+08 1.345818241405053437e+08 1.593858294202609658e+08 1.593403079830665290e+08 3.007947704792022705e+02 7.140000000000000000e+02 6.380000000000000000e+02
6.200000000000000000e+01 4.000000000000000000e+00 0.000000000000000000e+00 1.383880735679048598e+08 1.355491864274375141e+08 1.587569579856907725e+08 1.586780146829631329e+08 7.832656049728393555e+01 2.460000000000000000e+02 1.710000000000000000e+02
6.300000000000000000e+01 4.000000000000000000e+00 0.000000000000000000e+00 1.324465948150128722e+08 1.287161314954000711e+08 1.574146638542213142e+08 1.573123058297334313e+08 5.569371764659881592e+02 1.221000000000000000e+03 1.145000000000000000e+03
6.400000000000000000e+01 4.000000000000000000e+00 0.000000000000000000e+00 1.261750604004299939e+08 1.218212000743075907e+08 1.582676797568555772e+08 1.581046002559582293e+08 7.465359425544738770e+01 2.300000000000000000e+02 1.550000000000000000e+02
6.500000000000000000e+01 4.000000000000000000e+00 0.000000000000000000e+00 1.291440300247131586e+08 1.258143887640655786e+08 1.561605173189813495e+08 1.558938074290705025e+08 1.712791907787322998e+02 4.640000000000000000e+02 3.890000000000000000e+02
6.600000000000000000e+01 4.000000000000000000e+00 0.000000000000000000e+00 1.385167954338431656e+08 1.356974122645016909e+08 1.603798384041349590e+08 1.603684060190213025e+08 7.873039197921752930e+01 2.350000000000000000e+02 1.600000000000000000e+02
6.700000000000000000e+01 4.000000000000000000e+00 0.000000000000000000e+00 1.345857448859766722e+08 1.316420973925376981e+08 1.598338772536300421e+08 1.596026199171195924e+08 8.354903078079223633e+01 2.510000000000000000e+02 1.760000000000000000e+02
6.800000000000000000e+01 4.000000000000000000e+00 0.000000000000000000e+00 1.337614671775289178e+08 1.310435835914398581e+08 1.587130224845432937e+08 1.585565657998847067e+08 7.647413873672485352e+01 2.270000000000000000e+02 1.520000000000000000e+02
6.900000000000000000e+01 4.000000000000000000e+00 0.000000000000000000e+00 1.312867178317850083e+08 1.279161764039341211e+08 1.566484858488507569e+08 1.564259764101347029e+08 9.166976428031921387e+01 2.490000000000000000e+02 1.730000000000000000e+02
7.000000000000000000e+01 4.000000000000000000e+00 0.000000000000000000e+00 1.305704455087168813e+08 1.272656426537369192e+08 1.604636036498545706e+08 1.603925416196534336e+08 5.315067617893218994e+02 7.470000000000000000e+02 6.710000000000000000e+02
7.100000000000000000e+01 4.000000000000000000e+00 0.000000000000000000e+00 1.268232891684693694e+08 1.229843437437201142e+08 1.587306866385889947e+08 1.587240678732573390e+08 8.682759213447570801e+01 2.370000000000000000e+02 1.620000000000000000e+02
7.200000000000000000e+01 4.000000000000000000e+00 0.000000000000000000e+00 1.351644770680593848e+08 1.313512650971651822e+08 1.592909570679257810e+08 1.593101715163751543e+08 2.461886186599731445e+02 6.470000000000000000e+02 5.710000000000000000e+02
7.300000000000000000e+01 4.000000000000000000e+00 0.000000000000000000e+00 1.336588107610650361e+08 1.303094382299478054e+08 1.569380658811698854e+08 1.566854613341489434e+08 1.593604764938354492e+02 3.760000000000000000e+02 3.000000000000000000e+02
7.400000000000000000e+01 4.000000000000000000e+00 0.000000000000000000e+00 1.370482796978027523e+08 1.341034102958583236e+08 1.588089237301112413e+08 1.586841581533035040e+08 4.197884666919708252e+02 9.020000000000000000e+02 8.260000000000000000e+02
7.500000000000000000e+01 4.000000000000000000e+00 0.000000000000000000e+00 1.358672798351584077e+08 1.325468749604669213e+08 1.557738995238640606e+08 1.557266303199665546e+08 2.141041655540466309e+02 3.340000000000000000e+02 2.590000000000000000e+02
7.600000000000000000e+01 4.000000000000000000e+00 0.000000000000000000e+00 1.317996399201947600e+08 1.287246182644787431e+08 1.571023059377560616e+08 1.569899637321215868e+08 1.355861389636993408e+02 3.360000000000000000e+02 2.600000000000000000e+02
7.700000000000000000e+01 4.000000000000000000e+00 0.000000000000000000e+00 1.357624838585451543e+08 1.324674111366538256e+08 1.583979980292387009e+08 1.579612570158667266e+08 1.449810059070587158e+02 3.030000000000000000e+02 2.270000000000000000e+02
7.800000000000000000e+01 4.000000000000000000e+00 0.000000000000000000e+00 1.347882932072322071e+08 1.314117624251321107e+08 1.563933504752736092e+08 1.558060484885937274e+08 5.529155001640319824e+02 9.140000000000000000e+02 8.380000000000000000e+02
7.900000000000000000e+01 4.000000000000000000e+00 0.000000000000000000e+00 1.329560624215495586e+08 1.291462868266587853e+08 1.570771340611339808e+08 1.565883653370476067e+08 3.726256895065307617e+02 8.550000000000000000e+02 7.790000000000000000e+02
8.000000000000000000e+01 4.000000000000000000e+00 0.000000000000000000e+00 1.257946007991490513e+08 1.215707753544381559e+08 1.560052647726121843e+08 1.555731644717188179e+08 7.770172104835510254e+02 1.202000000000000000e+03 1.126000000000000000e+03
8.100000000000000000e+01 4.000000000000000000e+00 0.000000000000000000e+00 1.387826831602172256e+08 1.361763020335654914e+08 1.609398332680991292e+08 1.608352994366069734e+08 1.814266884326934814e+02 3.870000000000000000e+02 3.110000000000000000e+02
8.200000000000000000e+01 4.000000000000000000e+00 0.000000000000000000e+00 1.364614646580381989e+08 1.322984894258265793e+08 1.579034244945469499e+08 1.577023928631782532e+08 1.041342048645019531e+02 2.130000000000000000e+02 1.380000000000000000e+02
8.300000000000000000e+01 4.000000000000000000e+00 0.000000000000000000e+00 1.353540557991373539e+08 1.318091351423046738e+08 1.579264727236996889e+08 1.575522164815949500e+08 2.395344681739807129e+02 6.230000000000000000e+02 5.470000000000000000e+02
8.400000000000000000e+01 4.000000000000000000e+00 0.000000000000000000e+00 1.362749846571371555e+08 1.336133747231742591e+08 1.582379795953899920e+08 1.581518534317142367e+08 5.883406686782836914e+01 2.040000000000000000e+02 1.290000000000000000e+02
8.500000000000000000e+01 4.000000000000000000e+00 0.000000000000000000e+00 1.321831211890404522e+08 1.285662878785191029e+08 1.557758020710474849e+08 1.553914430479590893e+08 1.209189009666442871e+02 3.380000000000000000e+02 2.630000000000000000e+02
8.600000000000000000e+01 4.000000000000000000e+00 0.000000000000000000e+00 1.272646447903516293e+08 1.234911892809276283e+08 1.557239353193456829e+08 1.551867053400715292e+08 1.203406293392181396e+02 3.100000000000000000e+02 2.350000000000000000e+02
8.700000000000000000e+01 4.000000000000000000e+00 0.000000000000000000e+00 1.365643940348174870e+08 1.339230672859078497e+08 1.594787979471516311e+08 1.595881444747091830e+08 1.670823786258697510e+02 4.470000000000000000e+02 3.720000000000000000e+02
8.800000000000000000e+01 4.000000000000000000e+00 0.000000000000000000e+00 1.332364594690823257e+08 1.305353779790759385e+08 1.602304357895620763e+08 1.600734813431767523e+08 3.071393032073974609e+02 7.650000000000000000e+02 6.890000000000000000e+02
8.900000000000000000e+01 4.000000000000000000e+00 0.000000000000000000e+00 1.329604916901580244e+08 1.291095213871712685e+08 1.585404983789949715e+08 1.580945124958602488e+08 4.949546048641204834e+02 7.690000000000000000e+02 6.930000000000000000e+02
9.000000000000000000e+01 4.000000000000000000e+00 0.000000000000000000e+00 1.342864860109171271e+08 1.302227653233906776e+08 1.586440765084366202e+08 1.583010953462723196e+08 1.822729024887084961e+02 4.860000000000000000e+02 4.100000000000000000e+02
9.100000000000000000e+01 4.000000000000000000e+00 0.000000000000000000e+00 1.362476557812480032e+08 1.336391147661721408e+08 1.597037794746878147e+08 1.596685159425755739e+08 2.273281698226928711e+02 6.070000000000000000e+02 5.310000000000000000e+02
9.200000000000000000e+01 4.000000000000000000e+00 0.000000000000000000e+00 1.328392633736603707e+08 1.299305972235847563e+08 1.597683171933491230e+08 1.597480987038727105e+08 7.641738629341125488e+01 2.440000000000000000e+02 1.690000000000000000e+02
9.300000000000000000e+01 4.000000000000000000e+00 0.000000000000000000e+00 1.365386334620566964e+08 1.339340165118366182e+08 1.574154098745158613e+08 1.572151782197367847e+08 7.153194665908813477e+01 2.010000000000000000e+02 1.260000000000000000e+02
9.400000000000000000e+01 4.000000000000000000e+00 0.000000000000000000e+00 1.324483539654521793e+08 1.287420051193816364e+08 1.584910177919012904e+08 1.583773735767793655e+08 1.893753027915954590e+02 4.950000000000000000e+02 4.190000000000000000e+02
9.500000000000000000e+01 4.000000000000000000e+00 0.000000000000000000e+00 1.328883363194091320e+08 1.287777221910444647e+08 1.564393135966366827e+08 1.559924097901518345e+08 1.726031804084777832e+02 4.600000000000000000e+02 3.840000000000000000e+02
9.600000000000000000e+01 4.000000000000000000e+00 0.000000000000000000e+00 1.378616015919315219e+08 1.349014411965902150e+08 1.596353743106162548e+08 1.596019359525497258e+08 2.718234977722167969e+02 6.820000000000000000e+02 6.060000000000000000e+02
9.700000000000000000e+01 4.000000000000000000e+00 0.000000000000000000e+00 1.335265626737740636e+08 1.301195500559598207e+08 1.577629610555911660e+08 1.573950382768036425e+08 1.500066630840301514e+02 4.180000000000000000e+02 3.420000000000000000e+02
9.800000000000000000e+01 4.000000000000000000e+00 0.000000000000000000e+00 1.321017990238233656e+08 1.285154287889513522e+08 1.590424395458977222e+08 1.589901775999679863e+08 1.708867807388305664e+02 3.070000000000000000e+02 2.320000000000000000e+02
9.900000000000000000e+01 4.000000000000000000e+00 0.000000000000000000e+00 1.364534656246295869e+08 1.338966578508949727e+08 1.566326152793307304e+08 1.564345773432032466e+08 3.509791371822357178e+02 8.880000000000000000e+02 8.120000000000000000e+02
1.000000000000000000e+02 4.000000000000000000e+00 0.000000000000000000e+00 1.362326841262248456e+08 1.333114170346769243e+08 1.576295849604474604e+08 1.570987093108087182e+08 1.181657927036285400e+02 2.950000000000000000e+02 2.190000000000000000e+02
1.010000000000000000e+02 4.000000000000000000e+00 0.000000000000000000e+00 1.346010296185818315e+08 1.313444214863605350e+08 1.570321929084575474e+08 1.569318907587287426e+08 2.445082814693450928e+02 5.390000000000000000e+02 4.630000000000000000e+02
1.020000000000000000e+02 4.000000000000000000e+00 0.000000000000000000e+00 1.337867529558806568e+08 1.305259181460265964e+08 1.575621947481279075e+08 1.573489723771423697e+08 1.377005445957183838e+02 3.880000000000000000e+02 3.120000000000000000e+02
1.030000000000000000e+02 4.000000000000000000e+00 0.000000000000000000e+00 1.281112992868188173e+08 1.243791929658730924e+08 1.568963942387039363e+08 1.564209216276091933e+08 8.824789142608642578e+01 2.640000000000000000e+02 1.890000000000000000e+02
1.040000000000000000e+02 4.000000000000000000e+00 0.000000000000000000e+00 1.383575889413479269e+08 1.354547607520041466e+08 1.591791950666630864e+08 1.592099726558806896e+08 7.339089703559875488e+01 2.330000000000000000e+02 1.580000000000000000e+02
1.050000000000000000e+02 4.000000000000000000e+00 0.000000000000000000e+00 1.369563857781888545e+08 1.340851878846558481e+08 1.593454073451842368e+08 1.593787232602585256e+08 3.264018478393554688e+02 8.370000000000000000e+02 7.610000000000000000e+02
1.060000000000000000e+02 4.000000000000000000e+00 0.000000000000000000e+00 1.263508274994027764e+08 1.226631999065949023e+08 1.589576085886095464e+08 1.587354930229911208e+08 1.305399138927459717e+02 3.640000000000000000e+02 2.880000000000000000e+02
1.070000000000000000e+02 4.000000000000000000e+00 0.000000000000000000e+00 1.347049412781787515e+08 1.325488963101826906e+08 1.568433548477170169e+08 1.565261823844056726e+08 1.824379000663757324e+02 4.920000000000000000e+02 4.160000000000000000e+02
1.080000000000000000e+02 4.000000000000000000e+00 0.000000000000000000e+00 1.351132790432214737e+08 1.324663102366967946e+08 1.588164386340483129e+08 1.588373282292194366e+08 2.914030861854553223e+02 7.440000000000000000e+02 6.680000000000000000e+02
1.090000000000000000e+02 4.000000000000000000e+00 0.000000000000000000e+00 1.267254147803264558e+08 1.228576667972125858e+08 1.549907335285663605e+08 1.545973769592338204e+08 9.037651443481445312e+01 2.710000000000000000e+02 1.950000000000000000e+02
1.100000000000000000e+02 4.000000000000000000e+00 0.000000000000000000e+00 1.301525439896702170e+08 1.268097444174803644e+08 1.575778198737066388e+08 1.571756531255849302e+08 5.276423528194427490e+02 1.281000000000000000e+03 1.205000000000000000e+03
1.110000000000000000e+02 4.000000000000000000e+00 0.000000000000000000e+00 1.255110386832959205e+08 1.222036668972340077e+08 1.560585251901731193e+08 1.557029411091656685e+08 1.262675054073333740e+02 3.600000000000000000e+02 2.840000000000000000e+02
1.120000000000000000e+02 4.000000000000000000e+00 0.000000000000000000e+00 1.320582874231031835e+08 1.291573950674286187e+08 1.583106028245185018e+08 1.583278931773050427e+08 5.860617918968200684e+02 1.471000000000000000e+03 1.395000000000000000e+03
1.130000000000000000e+02 4.000000000000000000e+00 0.000000000000000000e+00 1.318845655078663081e+08 1.281392949519309998e+08 1.569014058366270661e+08 1.564778789641080499e+08 9.882120275497436523e+01 2.980000000000000000e+02 2.230000000000000000e+02
1.140000000000000000e+02 4.000000000000000000e+00 0.000000000000000000e+00 1.392416484808222353e+08 1.362028815395839810e+08 1.589867880420612395e+08 1.587454214331593215e+08 8.791270232200622559e+01 2.700000000000000000e+02 1.940000000000000000e+02
1.150000000000000000e+02 4.000000000000000000e+00 0.000000000000000000e+00 1.312463424549673647e+08 1.277575264668971449e+08 1.529481621924238205e+08 1.522009281638124287e+08 1.174296365022659302e+03 2.566000000000000000e+03 2.490000000000000000e+03
1.160000000000000000e+02 4.000000000000000000e+00 0.000000000000000000e+00 1.376593591382527947e+08 1.342615235650044084e+08 1.567076889475312233e+08 1.565590535353418291e+08 1.621414961814880371e+02 4.450000000000000000e+02 3.690000000000000000e+02
1.170000000000000000e+02 4.000000000000000000e+00 0.000000000000000000e+00 1.307424583985208720e+08 1.268097270343438089e+08 1.587913191179082394e+08 1.585872130095881224e+08 8.031170272827148438e+01 2.260000000000000000e+02 1.500000000000000000e+02
1.180000000000000000e+02 4.000000000000000000e+00 0.000000000000000000e+00 1.328921552193457782e+08 1.294490967022989392e+08 1.553772309816163480e+08 1.549141235759685934e+08 1.930708034038543701e+02 4.480000000000000000e+02 3.720000000000000000e+02
1.190000000000000000e+02 4.000000000000000000e+00 0.000000000000000000e+00 1.319104958265037388e+08 1.278360142272456288e+08 1.567170669200268686e+08 1.561286222050331831e+08 1.029408485889434814e+02 2.750000000000000000e+02 2.000000000000000000e+02
1.200000000000000000e+02 4.000000000000000000e+00 0.000000000000000000e+00 1.352454831283104420e+08 1.323702473464723676e+08 1.586396659438905716e+08 1.584253640411751568e+08 1.256155846118927002e+02 3.090000000000000000e+02 2.340000000000000000e+02
1.210000000000000000e+02 4.000000000000000000e+00 0.000000000000000000e+00 1.386058094152568579e+08 1.357777011473277807e+08 1.555627192949738801e+08 1.553179875003296137e+08 8.837087774276733398e+01 1.950000000000000000e+02 1.200000000000000000e+02
1.220000000000000000e+02 4.000000000000000000e+00 0.000000000000000000e+00 1.326341566949841231e+08 1.292193302329077870e+08 1.597849583175290525e+08 1.598199781984061301e+08 1.476276707649230957e+02 2.690000000000000000e+02 1.940000000000000000e+02
1.230000000000000000e+02 4.000000000000000000e+00 0.000000000000000000e+00 1.349020795751671791e+08 1.320410483478366435e+08 1.595882708223848939e+08 1.593495680001791716e+08 8.331666970252990723e+01 2.510000000000000000e+02 1.760000000000000000e+02
1.240000000000000000e+02 4.000000000000000000e+00 0.000000000000000000e+00 1.274209313225800842e+08 1.236167188428712934e+08 1.596604591878816187e+08 1.596172255676951408e+08 1.454148349761962891e+02 3.550000000000000000e+02 2.800000000000000000e+02
1.250000000000000000e+02 4.000000000000000000e+00 0.000000000000000000e+00 1.345124453044435084e+08 1.314605606249105483e+08 1.565325712863717377e+08 1.563368842323166728e+08 7.010899162292480469e+01 2.090000000000000000e+02 1.340000000000000000e+02
1.260000000000000000e+02 4.000000000000000000e+00 0.000000000000000000e+00 1.329330884021826386e+08 1.297404351746588796e+08 1.606623057196973860e+08 1.604264290555384755e+08 1.391556291580200195e+02 2.570000000000000000e+02 1.820000000000000000e+02
1.270000000000000000e+02 4.000000000000000000e+00 0.000000000000000000e+00 1.331785428026375771e+08 1.292295163240787685e+08 1.580582871507159770e+08 1.577589460766811073e+08 1.353592574596405029e+02 3.710000000000000000e+02 2.960000000000000000e+02
1.280000000000000000e+02 4.000000000000000000e+00 0.000000000000000000e+00 1.319931217840459049e+08 1.285351816166117340e+08 1.549254229834351838e+08 1.546903186040862501e+08 7.606462550163269043e+01 2.160000000000000000e+02 1.410000000000000000e+02
1.290000000000000000e+02 4.000000000000000000e+00 0.000000000000000000e+00 1.337889836057432443e+08 1.304138287387511879e+08 1.565607731385913193e+08 1.562074320657206178e+08 2.351443517208099365e+02 6.030000000000000000e+02 5.270000000000000000e+02
1.300000000000000000e+02 4.000000000000000000e+00 0.000000000000000000e+00 1.301831440277141184e+08 1.267090532417346388e+08 1.580568314763041735e+08 1.578588518909445107e+08 1.011456301212310791e+02 2.620000000000000000e+02 1.870000000000000000e+02
1.310000000000000000e+02 4.000000000000000000e+00 0.000000000000000000e+00 1.298265355462509543e+08 1.262849810713087618e+08 1.577646089129433036e+08 1.576124724038136601e+08 1.657646830081939697e+02 3.040000000000000000e+02 2.290000000000000000e+02
1.320000000000000000e+02 4.000000000000000000e+00 0.000000000000000000e+00 1.310648652072560042e+08 1.274222254181536883e+08 1.578462557904194593e+08 1.576344138305700123e+08 8.001052927970886230e+01 2.500000000000000000e+02 1.750000000000000000e+02
1.330000000000000000e+02 4.000000000000000000e+00 0.000000000000000000e+00 1.316909875764917135e+08 1.287559716060975641e+08 1.573242172032944262e+08 1.569060165094131529e+08 7.900929236412048340e+01 2.450000000000000000e+02 1.700000000000000000e+02
1.340000000000000000e+02 4.000000000000000000e+00 0.000000000000000000e+00 1.298721255001296848e+08 1.271949912333059758e+08 1.584768621234470010e+08 1.582339499573343396e+08 7.116501855850219727e+01 2.300000000000000000e+02 1.550000000000000000e+02
1.350000000000000000e+02 4.000000000000000000e+00 0.000000000000000000e+00 1.389890776512194872e+08 1.357784447666830122e+08 1.594022948104172647e+08 1.591092119840008318e+08 1.117276582717895508e+02 3.220000000000000000e+02 2.470000000000000000e+02
1.360000000000000000e+02 4.000000000000000000e+00 0.000000000000000000e+00 1.353349706402064562e+08 1.315574780328373909e+08 1.570972171980176270e+08 1.565825153122076392e+08 5.193499279022216797e+01 1.880000000000000000e+02 1.130000000000000000e+02
1.370000000000000000e+02 4.000000000000000000e+00 0.000000000000000000e+00 1.385122962383866608e+08 1.353376567468148470e+08 1.572560342499357760e+08 1.571756734003342092e+08 1.262469906806945801e+02 3.380000000000000000e+02 2.620000000000000000e+02
1.380000000000000000e+02 4.000000000000000000e+00 0.000000000000000000e+00 1.372785942951092124e+08 1.340645638341897279e+08 1.586961199760377705e+08 1.585865909918215871e+08 5.303668522834777832e+01 1.900000000000000000e+02 1.150000000000000000e+02
1.390000000000000000e+02 4.000000000000000000e+00 0.000000000000000000e+00 1.353705365736685693e+08 1.318813800750512928e+08 1.559133412675564289e+08 1.557230058765335977e+08 7.043684434890747070e+01 2.060000000000000000e+02 1.310000000000000000e+02
1.400000000000000000e+02 4.000000000000000000e+00 0.000000000000000000e+00 1.266953624614799321e+08 1.235388866674951166e+08 1.558103768602382541e+08 1.555978889941182137e+08 1.433181352615356445e+02 3.260000000000000000e+02 2.510000000000000000e+02
1.410000000000000000e+02 4.000000000000000000e+00 0.000000000000000000e+00 1.351308722353185415e+08 1.324688664955751747e+08 1.592236583949200213e+08 1.588406996508040428e+08 1.115193321704864502e+02 2.860000000000000000e+02 2.100000000000000000e+02
1.420000000000000000e+02 4.000000000000000000e+00 0.000000000000000000e+00 1.297948837385722697e+08 1.259919461916183680e+08 1.556102925591262281e+08 1.552933771392523944e+08 6.472693538665771484e+01 2.170000000000000000e+02 1.420000000000000000e+02
1.430000000000000000e+02 4.000000000000000000e+00 0.000000000000000000e+00 1.326457713682029694e+08 1.299778656034142226e+08 1.572434219781661332e+08 1.571589376985521615e+08 9.288225364685058594e+01 2.510000000000000000e+02 1.760000000000000000e+02
1.440000000000000000e+02 4.000000000000000000e+00 0.000000000000000000e+00 1.353243170608976185e+08 1.320743077784006000e+08 1.602871370081568658e+08 1.603091616359132826e+08 3.819889686107635498e+02 9.640000000000000000e+02 8.880000000000000000e+02
1.450000000000000000e+02 4.000000000000000000e+00 0.000000000000000000e+00 1.309283268774675280e+08 1.267446712890701145e+08 1.535923480220918357e+08 1.529224596194426715e+08 1.870084884166717529e+02 3.440000000000000000e+02 2.690000000000000000e+02
1.460000000000000000e+02 4.000000000000000000e+00 0.000000000000000000e+00 1.385528256829730868e+08 1.355866548056225181e+08 1.574010559984335303e+08 1.571438934154728651e+08 1.847019805908203125e+02 3.240000000000000000e+02 2.490000000000000000e+02
1.470000000000000000e+02 4.000000000000000000e+00 0.000000000000000000e+00 1.353229592535512447e+08 1.322239720407845229e+08 1.535673796135234833e+08 1.531494348481297195e+08 7.161746001243591309e+01 2.020000000000000000e+02 1.270000000000000000e+02
1.480000000000000000e+02 4.000000000000000000e+00 0.000000000000000000e+00 1.306738034041632116e+08 1.271864181132590175e+08 1.584056386920464039e+08 1.582593409713973701e+08 1.157087323665618896e+02 2.900000000000000000e+02 2.150000000000000000e+02
1.490000000000000000e+02 4.000000000000000000e+00 0.000000000000000000e+00 1.358743403586485982e+08 1.324456227276572585e+08 1.583036187133847475e+08 1.582120840120063424e+08 2.443642361164093018e+02 5.610000000000000000e+02 4.850000000000000000e+02
1.500000000000000000e+02 4.000000000000000000e+00 0.000000000000000000e+00 1.291638532350776941e+08 1.256415158669994026e+08 1.572272556542408764e+08 1.566459697950330675e+08 2.650330483913421631e+02 6.770000000000000000e+02 6.010000000000000000e+02
1.510000000000000000e+02 4.000000000000000000e+00 0.000000000000000000e+00 1.299426729732497633e+08 1.264631584616346508e+08 1.535107348952197433e+08 1.530449696922583282e+08 1.471876177787780762e+02 4.500000000000000000e+02 3.740000000000000000e+02
1.520000000000000000e+02 4.000000000000000000e+00 0.000000000000000000e+00 1.346188495213094652e+08 1.312933701204910874e+08 1.611007985138008595e+08 1.610150738108935058e+08 1.020907676219940186e+02 2.430000000000000000e+02 1.680000000000000000e+02
1.530000000000000000e+02 4.000000000000000000e+00 0.000000000000000000e+00 1.308182241112786233e+08 1.271575083880889565e+08 1.590069620415573418e+08 1.589726392200800776e+08 1.802762002944946289e+02 4.580000000000000000e+02 3.830000000000000000e+02
1.540000000000000000e+02 4.000000000000000000e+00 0.000000000000000000e+00 1.277813759119561464e+08 1.237657298099511713e+08 1.576626357851444483e+08 1.574860988385430276e+08 1.229965643882751465e+02 2.320000000000000000e+02 1.570000000000000000e+02
1.550000000000000000e+02 4.000000000000000000e+00 0.000000000000000000e+00 1.283867986945145130e+08 1.245045783316875398e+08 1.579368761181509793e+08 1.577962758272865415e+08 1.460814125537872314e+02 3.940000000000000000e+02 3.190000000000000000e+02
1.560000000000000000e+02 4.000000000000000000e+00 0.000000000000000000e+00 1.375567997210558355e+08 1.340892901269241720e+08 1.582919827111862302e+08 1.580543310488434732e+08 1.354284837245941162e+02 3.410000000000000000e+02 2.650000000000000000e+02
1.570000000000000000e+02 4.000000000000000000e+00 0.000000000000000000e+00 1.346149879304089844e+08 1.311807613903281093e+08 1.589643689891845286e+08 1.588602628097145855e+08 8.182112097740173340e+01 2.300000000000000000e+02 1.550000000000000000e+02
1.580000000000000000e+02 4.000000000000000000e+00 0.000000000000000000e+00 1.339697423094197512e+08 1.307259818774703294e+08 1.583407939978548586e+08 1.583256848294695318e+08 7.962839293479919434e+01 2.490000000000000000e+02 1.730000000000000000e+02
1.590000000000000000e+02 4.000000000000000000e+00 0.000000000000000000e+00 1.313628887681153566e+08 1.282469118512249291e+08 1.594398635345482528e+08 1.594741789694040120e+08 1.776635196208953857e+02 3.220000000000000000e+02 2.470000000000000000e+02
1.600000000000000000e+02 4.000000000000000000e+00 0.000000000000000000e+00 1.358427624840905964e+08 1.327559046957123727e+08 1.579512819859281182e+08 1.579555277023536265e+08 2.472064113616943359e+02 5.240000000000000000e+02 4.480000000000000000e+02
1.610000000000000000e+02 4.000000000000000000e+00 0.000000000000000000e+00 1.349465323942066133e+08 1.317008579057583213e+08 1.613040599144257009e+08 1.611340862166745663e+08 1.931046268939971924e+02 5.180000000000000000e+02 4.430000000000000000e+02
1.620000000000000000e+02 4.000000000000000000e+00 0.000000000000000000e+00 1.351669044780291021e+08 1.318133577125992924e+08 1.578532131854627132e+08 1.574563514437031150e+08 7.801792240142822266e+01 2.430000000000000000e+02 1.680000000000000000e+02
1.630000000000000000e+02 4.000000000000000000e+00 0.000000000000000000e+00 1.356704357654166222e+08 1.322452085072860122e+08 1.586390483697314858e+08 1.582032956294488907e+08 9.807421803474426270e+01 2.590000000000000000e+02 1.840000000000000000e+02
1.640000000000000000e+02 4.000000000000000000e+00 0.000000000000000000e+00 1.339417432676359862e+08 1.302164255339496732e+08 1.596742333922151923e+08 1.594825563090811074e+08 1.109335422515869141e+02 2.280000000000000000e+02 1.530000000000000000e+02
1.650000000000000000e+02 4.000000000000000000e+00 0.000000000000000000e+00 1.302123408804478049e+08 1.268925836398592591e+08 1.570041994347989857e+08 1.567742470484624207e+08 9.349740886688232422e+01 2.800000000000000000e+02 2.040000000000000000e+02
1.660000000000000000e+02 4.000000000000000000e+00 0.000000000000000000e+00 1.378164837518388331e+08 1.348774454110645950e+08 1.594821792111594379e+08 1.592675842915029228e+08 8.985992264747619629e+01 2.770000000000000000e+02 2.020000000000000000e+02
1.670000000000000000e+02 4.000000000000000000e+00 0.000000000000000000e+00 1.391201521791888475e+08 1.354079883265502453e+08 1.607321625679274201e+08 1.606994989800882041e+08 7.370015859603881836e+01 2.350000000000000000e+02 1.600000000000000000e+02
1.680000000000000000e+02 4.000000000000000000e+00 0.000000000000000000e+00 1.370383605332236588e+08 1.342044894145582616e+08 1.594856465081182122e+08 1.593258552660991251e+08 1.556157293319702148e+02 4.300000000000000000e+02 3.540000000000000000e+02
1.690000000000000000e+02 4.000000000000000000e+00 0.000000000000000000e+00 1.339648299206013680e+08 1.310169935057909787e+08 1.557204613891491890e+08 1.553586770312464833e+08 4.233810925483703613e+02 1.074000000000000000e+03 9.980000000000000000e+02
1.700000000000000000e+02 4.000000000000000000e+00 0.000000000000000000e+00 1.320081350072259158e+08 1.282748757755805850e+08 1.571119655534004569e+08 1.570361510565314889e+08 8.204210948944091797e+01 2.250000000000000000e+02 1.500000000000000000e+02
1.710000000000000000e+02 4.000000000000000000e+00 0.000000000000000000e+00 1.316644429487310648e+08 1.274468705106872618e+08 1.584145706547252238e+08 1.582676474714145362e+08 9.829151256084442139e+02 1.872000000000000000e+03 1.796000000000000000e+03
1.720000000000000000e+02 4.000000000000000000e+00 0.000000000000000000e+00 1.310869669171548635e+08 1.274085332532860488e+08 1.573877693292572498e+08 1.570544948676548600e+08 6.803931100368499756e+02 1.036000000000000000e+03 9.600000000000000000e+02
1.730000000000000000e+02 4.000000000000000000e+00 0.000000000000000000e+00 1.358186472407015860e+08 1.331639264796053022e+08 1.610116166788327694e+08 1.608331086839475632e+08 6.584558296203613281e+01 2.230000000000000000e+02 1.480000000000000000e+02
1.740000000000000000e+02 4.000000000000000000e+00 0.000000000000000000e+00 1.322704885858948678e+08 1.284972053113610893e+08 1.577469897257688642e+08 1.575290742507660091e+08 1.205593221187591553e+02 3.430000000000000000e+02 2.670000000000000000e+02
1.750000000000000000e+02 4.000000000000000000e+00 0.000000000000000000e+00 1.362373958252031505e+08 1.323440279318889380e+08 1.584001594267634451e+08 1.584837224944221973e+08 1.144601912498474121e+02 2.920000000000000000e+02 2.170000000000000000e+02
1.760000000000000000e+02 4.000000000000000000e+00 0.000000000000000000e+00 1.385720808672430217e+08 1.356335378993643820e+08 1.570691016244518161e+08 1.567613901364273727e+08 1.479210236072540283e+02 3.570000000000000000e+02 2.820000000000000000e+02
1.770000000000000000e+02 4.000000000000000000e+00 0.000000000000000000e+00 1.344264619193051159e+08 1.317155757232834548e+08 1.554810007865601182e+08 1.550746212830839753e+08 1.177934372425079346e+02 2.990000000000000000e+02 2.230000000000000000e+02
1.780000000000000000e+02 4.000000000000000000e+00 0.000000000000000000e+00 1.300749096319698244e+08 1.261177503420396596e+08 1.583031090361398458e+08 1.580856269108614624e+08 1.105202994346618652e+02 3.000000000000000000e+02 2.250000000000000000e+02
1.790000000000000000e+02 4.000000000000000000e+00 0.000000000000000000e+00 1.431642085749583244e+08 1.405355073592172563e+08 1.601781255940550864e+08 1.601567538958402276e+08 8.082658672332763672e+01 2.570000000000000000e+02 1.820000000000000000e+02
1.800000000000000000e+02 4.000000000000000000e+00 0.000000000000000000e+00 1.304874353687657565e+08 1.267600454372020364e+08 1.549290356133356690e+08 1.544073533494547307e+08 2.368170235157012939e+02 5.600000000000000000e+02 4.840000000000000000e+02
1.810000000000000000e+02 4.000000000000000000e+00 0.000000000000000000e+00 1.306054395714736134e+08 1.261943092608284354e+08 1.575945774516657293e+08 1.573495485675940812e+08 1.419483952522277832e+02 3.940000000000000000e+02 3.180000000000000000e+02
1.820000000000000000e+02 4.000000000000000000e+00 0.000000000000000000e+00 1.263903390280197412e+08 1.222644873991386145e+08 1.559083084604715705e+08 1.554688933942479789e+08 1.213492796421051025e+02 3.070000000000000000e+02 2.320000000000000000e+02
1.830000000000000000e+02 4.000000000000000000e+00 0.000000000000000000e+00 1.295113876219552606e+08 1.273131788982695937e+08 1.584816502307724059e+08 1.585478584982765913e+08 1.195110301971435547e+02 3.430000000000000000e+02 2.680000000000000000e+02
1.840000000000000000e+02 4.000000000000000000e+00 0.000000000000000000e+00 1.282206450261793882e+08 1.240649418035496473e+08 1.568953501148391664e+08 1.565806768544319272e+08 4.118728990554809570e+02 9.810000000000000000e+02 9.050000000000000000e+02
1.850000000000000000e+02 4.000000000000000000e+00 0.000000000000000000e+00 1.366445988168224394e+08 1.331612214166539907e+08 1.582673553638742268e+08 1.581462522363283336e+08 1.516860597133636475e+02 4.230000000000000000e+02 3.480000000000000000e+02
1.860000000000000000e+02 4.000000000000000000e+00 0.000000000000000000e+00 1.340615013679532409e+08 1.313270234975206405e+08 1.556964391497119963e+08 1.554726626841223538e+08 8.228584718704223633e+01 2.610000000000000000e+02 1.850000000000000000e+02
1.870000000000000000e+02 4.000000000000000000e+00 0.000000000000000000e+00 1.359624488424450755e+08 1.337172811522902250e+08 1.587264498890026808e+08 1.586208324895474911e+08 8.509978461265563965e+01 2.700000000000000000e+02 1.950000000000000000e+02
1.880000000000000000e+02 4.000000000000000000e+00 0.000000000000000000e+00 1.383514581734314561e+08 1.354951477159702778e+08 1.602701091281204224e+08 1.604026517669909596e+08 9.240205860137939453e+01 2.290000000000000000e+02 1.540000000000000000e+02
1.890000000000000000e+02 4.000000000000000000e+00 0.000000000000000000e+00 1.300956812684329450e+08 1.270318480825447291e+08 1.573791031694436967e+08 1.569899303519633412e+08 2.938504137992858887e+02 6.740000000000000000e+02 5.980000000000000000e+02
1.900000000000000000e+02 4.000000000000000000e+00 0.000000000000000000e+00 1.362862367533838153e+08 1.326169971016709507e+08 1.627519151158289015e+08 1.627104624824316800e+08 1.484641842842102051e+02 3.670000000000000000e+02 2.910000000000000000e+02
1.910000000000000000e+02 4.000000000000000000e+00 0.000000000000000000e+00 1.395101989850926101e+08 1.367630960348900259e+08 1.568869530731871128e+08 1.567585610041626394e+08 1.025752948284149170e+03 2.626000000000000000e+03 2.550000000000000000e+03
1.920000000000000000e+02 4.000000000000000000e+00 0.000000000000000000e+00 1.369210407776005864e+08 1.331673938961216360e+08 1.571320780426551998e+08 1.567126575835325122e+08 1.314270462989807129e+02 3.770000000000000000e+02 3.010000000000000000e+02
1.930000000000000000e+02 4.000000000000000000e+00 0.000000000000000000e+00 1.336149544718065709e+08 1.304449839703394175e+08 1.554569170437167585e+08 1.548950282278737128e+08 1.342158575057983398e+02 3.250000000000000000e+02 2.490000000000000000e+02
1.940000000000000000e+02 4.000000000000000000e+00 0.000000000000000000e+00 1.321820889305636883e+08 1.287806536350761652e+08 1.592993302367707491e+08 1.591316501138911843e+08 9.690401782989501953e+02 2.017000000000000000e+03 1.941000000000000000e+03
1.950000000000000000e+02 4.000000000000000000e+00 0.000000000000000000e+00 1.290869089170382917e+08 1.240644921167303920e+08 1.570922014536036253e+08 1.568918666026815772e+08 9.569870221614837646e+02 1.929000000000000000e+03 1.853000000000000000e+03
1.960000000000000000e+02 4.000000000000000000e+00 0.000000000000000000e+00 1.334204806173361987e+08 1.305980623523809910e+08 1.567060436832731366e+08 1.561612476067247987e+08 1.442411923408508301e+02 3.430000000000000000e+02 2.680000000000000000e+02
1.970000000000000000e+02 4.000000000000000000e+00 0.000000000000000000e+00 1.312492885018190444e+08 1.274474261338708252e+08 1.547866427399530411e+08 1.542739634634139836e+08 2.879403584003448486e+02 5.990000000000000000e+02 5.230000000000000000e+02
1.980000000000000000e+02 4.000000000000000000e+00 0.000000000000000000e+00 1.346866344970670342e+08 1.315323683121230453e+08 1.575590964628885090e+08 1.572880139425791502e+08 6.165809137821197510e+02 1.471000000000000000e+03 1.395000000000000000e+03
1.990000000000000000e+02 4.000000000000000000e+00 0.000000000000000000e+00 1.261193055716100335e+08 1.222156038406620622e+08 1.537141659976643622e+08 1.532247468242951930e+08 2.847595765590667725e+02 4.400000000000000000e+02 3.640000000000000000e+02
