# # run number, exp fac, ti calc, ti opt, aep init calc (kW), aep init opt (kW), aep run calc (kW), aep run opt (kW), run time (s), obj func calls, sens func calls
0.000000000000000000e+00 1.000000000000000000e+00 4.000000000000000000e+00 5.000000000000000000e+00 9.698615658924242258e+08 9.698636292384606600e+08 1.045396340555560350e+09 1.045395658800180674e+09 1.765989160537719727e+02 1.090000000000000000e+02 1.050000000000000000e+02
1.000000000000000000e+00 1.000000000000000000e+00 4.000000000000000000e+00 5.000000000000000000e+00 8.194714595797584057e+08 8.194756368407497406e+08 9.938125351450101137e+08 9.938108900106344223e+08 5.330431530475616455e+02 3.080000000000000000e+02 3.040000000000000000e+02
2.000000000000000000e+00 1.000000000000000000e+00 4.000000000000000000e+00 5.000000000000000000e+00 8.146508322264180183e+08 8.146629194193730354e+08 9.985878003057463169e+08 9.985857576292413473e+08 6.427913730144500732e+02 2.410000000000000000e+02 2.360000000000000000e+02
3.000000000000000000e+00 1.000000000000000000e+00 4.000000000000000000e+00 5.000000000000000000e+00 8.685256195739291906e+08 8.685266695998095274e+08 1.010776917136659503e+09 1.010774407898335099e+09 3.771451969146728516e+02 1.990000000000000000e+02 1.940000000000000000e+02
4.000000000000000000e+00 1.000000000000000000e+00 4.000000000000000000e+00 5.000000000000000000e+00 8.614953989516531229e+08 8.614995187680881023e+08 9.946657448002278805e+08 9.946632826190384626e+08 3.938662128448486328e+02 2.140000000000000000e+02 2.100000000000000000e+02
5.000000000000000000e+00 1.000000000000000000e+00 4.000000000000000000e+00 5.000000000000000000e+00 8.323195805467363596e+08 8.323277450447957516e+08 1.003578061685242891e+09 1.003575895797908902e+09 5.835383479595184326e+02 3.690000000000000000e+02 3.640000000000000000e+02
6.000000000000000000e+00 1.000000000000000000e+00 4.000000000000000000e+00 5.000000000000000000e+00 8.298717600765730143e+08 8.298774944782991409e+08 1.005825026917578459e+09 1.005820391141992569e+09 9.727625460624694824e+02 5.030000000000000000e+02 4.990000000000000000e+02
7.000000000000000000e+00 1.000000000000000000e+00 4.000000000000000000e+00 5.000000000000000000e+00 8.463316318084439039e+08 8.463384401675078869e+08 1.015906602408258080e+09 1.015904759572679162e+09 2.964091470241546631e+02 1.680000000000000000e+02 1.640000000000000000e+02
8.000000000000000000e+00 1.000000000000000000e+00 4.000000000000000000e+00 5.000000000000000000e+00 8.365283213574746847e+08 8.365302540921528339e+08 1.018918547532543302e+09 1.018914620421825528e+09 3.608983998298645020e+02 1.750000000000000000e+02 1.710000000000000000e+02
9.000000000000000000e+00 1.000000000000000000e+00 4.000000000000000000e+00 5.000000000000000000e+00 8.243563440019340515e+08 8.243609146601084471e+08 1.018836643331404924e+09 1.018832435217034817e+09 4.459574809074401855e+02 2.040000000000000000e+02 2.000000000000000000e+02
1.000000000000000000e+01 1.000000000000000000e+00 4.000000000000000000e+00 5.000000000000000000e+00 8.557321452490423918e+08 8.557359245158380270e+08 1.016605863594682097e+09 1.016603238386145949e+09 2.116736315011978149e+03 2.110000000000000000e+02 2.070000000000000000e+02
1.100000000000000000e+01 1.000000000000000000e+00 4.000000000000000000e+00 5.000000000000000000e+00 8.218779721089138985e+08 8.218809407288651466e+08 1.006291400775912881e+09 1.006288716903244257e+09 5.172763509750366211e+02 2.920000000000000000e+02 2.880000000000000000e+02
1.200000000000000000e+01 1.000000000000000000e+00 4.000000000000000000e+00 5.000000000000000000e+00 8.560055923708398342e+08 8.560082094328763485e+08 9.975027377394758463e+08 9.975016056620436907e+08 6.384992341995239258e+02 3.370000000000000000e+02 3.320000000000000000e+02
1.300000000000000000e+01 1.000000000000000000e+00 4.000000000000000000e+00 5.000000000000000000e+00 7.985456457433402538e+08 7.985507983048050404e+08 1.003947740361914277e+09 1.003947850282126427e+09 5.598808009624481201e+02 2.790000000000000000e+02 2.740000000000000000e+02
1.400000000000000000e+01 1.000000000000000000e+00 4.000000000000000000e+00 5.000000000000000000e+00 8.173470097511314154e+08 8.173485402034845352e+08 1.017620442498315454e+09 1.017617461308339834e+09 6.720477919578552246e+02 3.460000000000000000e+02 3.420000000000000000e+02
1.500000000000000000e+01 1.000000000000000000e+00 4.000000000000000000e+00 5.000000000000000000e+00 8.186882617099429369e+08 8.186893811894633770e+08 1.009618706085536242e+09 1.009617922424136400e+09 6.317705941200256348e+02 3.550000000000000000e+02 3.500000000000000000e+02
1.600000000000000000e+01 1.000000000000000000e+00 4.000000000000000000e+00 5.000000000000000000e+00 8.609993543305261135e+08 8.610034999606968164e+08 1.017590393475262046e+09 1.017586942148745656e+09 3.240523569583892822e+02 1.760000000000000000e+02 1.720000000000000000e+02
1.700000000000000000e+01 1.000000000000000000e+00 4.000000000000000000e+00 5.000000000000000000e+00 8.320884566734415293e+08 8.320943145394431353e+08 9.927851248220337629e+08 9.927823453596625328e+08 7.796386358737945557e+02 4.040000000000000000e+02 3.990000000000000000e+02
1.800000000000000000e+01 1.000000000000000000e+00 4.000000000000000000e+00 5.000000000000000000e+00 8.081747523021608591e+08 8.081912165937113762e+08 9.815922685339694023e+08 9.815914386716754436e+08 7.669643862247467041e+02 3.850000000000000000e+02 3.800000000000000000e+02
1.900000000000000000e+01 1.000000000000000000e+00 4.000000000000000000e+00 5.000000000000000000e+00 8.787295427163072824e+08 8.787339944525288343e+08 1.024309219919504881e+09 1.024306319012644529e+09 9.968454370498657227e+02 5.540000000000000000e+02 5.500000000000000000e+02
2.000000000000000000e+01 1.000000000000000000e+00 4.000000000000000000e+00 5.000000000000000000e+00 8.486920821973627806e+08 8.486954194389227629e+08 9.824202511372197866e+08 9.824183217923192978e+08 4.684535520076751709e+02 2.520000000000000000e+02 2.470000000000000000e+02
2.100000000000000000e+01 1.000000000000000000e+00 4.000000000000000000e+00 5.000000000000000000e+00 8.425646208444045782e+08 8.425663873870211840e+08 1.033464108522786260e+09 1.033460933865742326e+09 5.419252619743347168e+02 2.640000000000000000e+02 2.600000000000000000e+02
2.200000000000000000e+01 1.000000000000000000e+00 4.000000000000000000e+00 5.000000000000000000e+00 8.670167835704218149e+08 8.670301981793744564e+08 1.016730757550794721e+09 1.016729063514892459e+09 5.363835849761962891e+02 2.930000000000000000e+02 2.890000000000000000e+02
2.300000000000000000e+01 1.000000000000000000e+00 4.000000000000000000e+00 5.000000000000000000e+00 8.274085687483694553e+08 8.274158530622357130e+08 1.010162944921196580e+09 1.010160991989872456e+09 2.502472560405731201e+02 1.580000000000000000e+02 1.540000000000000000e+02
2.400000000000000000e+01 1.000000000000000000e+00 4.000000000000000000e+00 5.000000000000000000e+00 8.270643367233660221e+08 8.270704651123446226e+08 1.004031803650203466e+09 1.004031912251531005e+09 3.515831921100616455e+02 1.870000000000000000e+02 1.830000000000000000e+02
2.500000000000000000e+01 1.000000000000000000e+00 4.000000000000000000e+00 5.000000000000000000e+00 8.254192393565590382e+08 8.254230667294691801e+08 1.003010674329159856e+09 1.003009398709783554e+09 6.995364141464233398e+02 3.780000000000000000e+02 3.740000000000000000e+02
2.600000000000000000e+01 1.000000000000000000e+00 4.000000000000000000e+00 5.000000000000000000e+00 8.341095516421741247e+08 8.341151342213323116e+08 1.010010454064503074e+09 1.010007383678969145e+09 3.740706570148468018e+02 1.420000000000000000e+02 1.380000000000000000e+02
2.700000000000000000e+01 1.000000000000000000e+00 4.000000000000000000e+00 5.000000000000000000e+00 8.448280091984957457e+08 8.448324500774563551e+08 9.970767923352279663e+08 9.970763688817814589e+08 4.151273419857025146e+02 2.070000000000000000e+02 2.030000000000000000e+02
2.800000000000000000e+01 1.000000000000000000e+00 4.000000000000000000e+00 5.000000000000000000e+00 8.588971794474827051e+08 8.589035094907133579e+08 1.001807819733589411e+09 1.001806619629815698e+09 4.107308118343353271e+02 2.060000000000000000e+02 2.020000000000000000e+02
2.900000000000000000e+01 1.000000000000000000e+00 4.000000000000000000e+00 5.000000000000000000e+00 8.684423135368735790e+08 8.684446289827145338e+08 1.012246964939822316e+09 1.012244564435514688e+09 4.756817848682403564e+02 2.320000000000000000e+02 2.280000000000000000e+02
3.000000000000000000e+01 1.000000000000000000e+00 4.000000000000000000e+00 5.000000000000000000e+00 8.538095658862922192e+08 8.538147048743612766e+08 1.013287715238698363e+09 1.013284557722846866e+09 4.771391439437866211e+02 2.320000000000000000e+02 2.280000000000000000e+02
3.100000000000000000e+01 1.000000000000000000e+00 4.000000000000000000e+00 5.000000000000000000e+00 8.234845958994250298e+08 8.234878156682521105e+08 9.995874183164324760e+08 9.995849812506343126e+08 4.758659181594848633e+02 2.110000000000000000e+02 2.070000000000000000e+02
3.200000000000000000e+01 1.000000000000000000e+00 4.000000000000000000e+00 5.000000000000000000e+00 8.386373479890394211e+08 8.386458812748224735e+08 9.999483005483738184e+08 9.999458890061501265e+08 2.665554230213165283e+02 1.530000000000000000e+02 1.490000000000000000e+02
3.300000000000000000e+01 1.000000000000000000e+00 4.000000000000000000e+00 5.000000000000000000e+00 8.284953925953204632e+08 8.285038653605319262e+08 9.997497916344047785e+08 9.997471292568060160e+08 4.212178299427032471e+02 2.200000000000000000e+02 2.150000000000000000e+02
3.400000000000000000e+01 1.000000000000000000e+00 4.000000000000000000e+00 5.000000000000000000e+00 8.286634636958100796e+08 8.286699609873069525e+08 9.990022910821274519e+08 9.990014783567308187e+08 5.900213050842285156e+02 3.230000000000000000e+02 3.180000000000000000e+02
3.500000000000000000e+01 1.000000000000000000e+00 4.000000000000000000e+00 5.000000000000000000e+00 8.111948028508449793e+08 8.111999978772302866e+08 1.013078241116197824e+09 1.013075844633496523e+09 8.294689569473266602e+02 4.220000000000000000e+02 4.170000000000000000e+02
3.600000000000000000e+01 1.000000000000000000e+00 4.000000000000000000e+00 5.000000000000000000e+00 8.516402273869673014e+08 8.516451227003318071e+08 1.000148765218813419e+09 1.000145979133566976e+09 1.180646615028381348e+03 6.490000000000000000e+02 6.450000000000000000e+02
3.700000000000000000e+01 1.000000000000000000e+00 4.000000000000000000e+00 5.000000000000000000e+00 8.878748705692952871e+08 8.878789441614178419e+08 9.983489407998310328e+08 9.983469960143225193e+08 3.765011749267578125e+02 2.000000000000000000e+02 1.960000000000000000e+02
3.800000000000000000e+01 1.000000000000000000e+00 4.000000000000000000e+00 5.000000000000000000e+00 8.272891297160171270e+08 8.272957169869914055e+08 1.008542670243289948e+09 1.008540566385030866e+09 4.597459089756011963e+02 2.550000000000000000e+02 2.510000000000000000e+02
3.900000000000000000e+01 1.000000000000000000e+00 4.000000000000000000e+00 5.000000000000000000e+00 8.466245123714698553e+08 8.466284897350617647e+08 1.009247240418477535e+09 1.009246657701936722e+09 5.518477149009704590e+02 2.960000000000000000e+02 2.910000000000000000e+02
4.000000000000000000e+01 1.000000000000000000e+00 4.000000000000000000e+00 5.000000000000000000e+00 8.514681869738949537e+08 8.514729396365586519e+08 1.004191223807012677e+09 1.004187649212091565e+09 4.295302648544311523e+02 2.310000000000000000e+02 2.270000000000000000e+02
4.100000000000000000e+01 1.000000000000000000e+00 4.000000000000000000e+00 5.000000000000000000e+00 8.549386779972639084e+08 8.549400058416563272e+08 1.015304596735165358e+09 1.015301489898077846e+09 2.910283169746398926e+02 1.610000000000000000e+02 1.560000000000000000e+02
4.200000000000000000e+01 1.000000000000000000e+00 4.000000000000000000e+00 5.000000000000000000e+00 8.664828336407316923e+08 8.664911298094180822e+08 1.008246339710548162e+09 1.008246321240326405e+09 4.319509909152984619e+02 2.490000000000000000e+02 2.450000000000000000e+02
4.300000000000000000e+01 1.000000000000000000e+00 4.000000000000000000e+00 5.000000000000000000e+00 8.224867830647665262e+08 8.224929853605526686e+08 1.016466460786880016e+09 1.016464436008792281e+09 9.580632131099700928e+02 3.600000000000000000e+02 3.550000000000000000e+02
4.400000000000000000e+01 1.000000000000000000e+00 4.000000000000000000e+00 5.000000000000000000e+00 8.556705247222728729e+08 8.556770002635632753e+08 1.009674773793515921e+09 1.009672285014295697e+09 1.294343436002731323e+03 6.610000000000000000e+02 6.570000000000000000e+02
4.500000000000000000e+01 1.000000000000000000e+00 4.000000000000000000e+00 5.000000000000000000e+00 8.556516941213936806e+08 8.556566166014659405e+08 1.021616737203195214e+09 1.021612040649807692e+09 1.054427973031997681e+03 5.570000000000000000e+02 5.530000000000000000e+02
4.600000000000000000e+01 1.000000000000000000e+00 4.000000000000000000e+00 5.000000000000000000e+00 8.425574994422279596e+08 8.425617356034088135e+08 1.010256157074288845e+09 1.010257682670281053e+09 4.275982830524444580e+02 2.240000000000000000e+02 2.190000000000000000e+02
4.700000000000000000e+01 1.000000000000000000e+00 4.000000000000000000e+00 5.000000000000000000e+00 8.351068304747542143e+08 8.351144921386711597e+08 1.004048798395820498e+09 1.004046890150831580e+09 5.869059259891510010e+02 3.170000000000000000e+02 3.130000000000000000e+02
4.800000000000000000e+01 1.000000000000000000e+00 4.000000000000000000e+00 5.000000000000000000e+00 8.371803249190294743e+08 8.371857283273216486e+08 1.016482345041732311e+09 1.016480357562055230e+09 8.767913310527801514e+02 4.770000000000000000e+02 4.730000000000000000e+02
4.900000000000000000e+01 1.000000000000000000e+00 4.000000000000000000e+00 5.000000000000000000e+00 8.504133235109106302e+08 8.504188368799012899e+08 1.010044523559487820e+09 1.010042825057254314e+09 3.953710649013519287e+02 2.170000000000000000e+02 2.130000000000000000e+02
5.000000000000000000e+01 1.000000000000000000e+00 4.000000000000000000e+00 5.000000000000000000e+00 8.354004035377444029e+08 8.354021516109853983e+08 1.008000722786529064e+09 1.007999522048157692e+09 1.004579076051712036e+03 5.370000000000000000e+02 5.330000000000000000e+02
5.100000000000000000e+01 1.000000000000000000e+00 4.000000000000000000e+00 5.000000000000000000e+00 8.532730846862850189e+08 8.532763741518372297e+08 1.015587182929822445e+09 1.015584811157911062e+09 9.447509009838104248e+02 5.030000000000000000e+02 4.980000000000000000e+02
5.200000000000000000e+01 1.000000000000000000e+00 4.000000000000000000e+00 5.000000000000000000e+00 8.443480801298950911e+08 8.443493043751423359e+08 9.953817607461519241e+08 9.953794037150254250e+08 3.387758028507232666e+02 1.740000000000000000e+02 1.700000000000000000e+02
5.300000000000000000e+01 1.000000000000000000e+00 4.000000000000000000e+00 5.000000000000000000e+00 8.274728274846398830e+08 8.274759628211290836e+08 1.003789885894409537e+09 1.003788834943974614e+09 3.226497891998291016e+04 2.082500000000000000e+04 2.082000000000000000e+04
5.400000000000000000e+01 1.000000000000000000e+00 4.000000000000000000e+00 5.000000000000000000e+00 8.421817444442266226e+08 8.421873826531558037e+08 1.008981674543904066e+09 1.008981303649251580e+09 3.714501690864562988e+02 1.930000000000000000e+02 1.890000000000000000e+02
5.500000000000000000e+01 1.000000000000000000e+00 4.000000000000000000e+00 5.000000000000000000e+00 8.604110876268893480e+08 8.604191521959981918e+08 1.001119100085729480e+09 1.001117801966870308e+09 3.383008949756622314e+02 1.930000000000000000e+02 1.890000000000000000e+02
5.600000000000000000e+01 1.000000000000000000e+00 4.000000000000000000e+00 5.000000000000000000e+00 8.479021430069785118e+08 8.479079335828505754e+08 1.004875345438656688e+09 1.004874678269814014e+09 3.968932988643646240e+02 2.170000000000000000e+02 2.130000000000000000e+02
5.700000000000000000e+01 1.000000000000000000e+00 4.000000000000000000e+00 5.000000000000000000e+00 8.695442937174164057e+08 8.695488393793419600e+08 1.008417334388641715e+09 1.008416239839144349e+09 5.301410429477691650e+02 2.980000000000000000e+02 2.930000000000000000e+02
5.800000000000000000e+01 1.000000000000000000e+00 4.000000000000000000e+00 5.000000000000000000e+00 8.482931324209785461e+08 8.482932240126162767e+08 1.015536429876881003e+09 1.015535115710124850e+09 4.560012938976287842e+02 2.390000000000000000e+02 2.350000000000000000e+02
5.900000000000000000e+01 1.000000000000000000e+00 4.000000000000000000e+00 5.000000000000000000e+00 8.354176210794137716e+08 8.354215716244658232e+08 1.001788778588441849e+09 1.001786079281010389e+09 3.649080090522766113e+02 1.930000000000000000e+02 1.890000000000000000e+02
6.000000000000000000e+01 1.000000000000000000e+00 4.000000000000000000e+00 5.000000000000000000e+00 8.463994723831051588e+08 8.464029368997366428e+08 9.995092895454986095e+08 9.995042903466271162e+08 2.403545587062835693e+03 9.250000000000000000e+02 9.200000000000000000e+02
6.100000000000000000e+01 1.000000000000000000e+00 4.000000000000000000e+00 5.000000000000000000e+00 8.733558113068070412e+08 8.733587094228169918e+08 1.016652010457117200e+09 1.016648829371310353e+09 3.506733350753784180e+02 1.830000000000000000e+02 1.790000000000000000e+02
6.200000000000000000e+01 1.000000000000000000e+00 4.000000000000000000e+00 5.000000000000000000e+00 8.767687650739015341e+08 8.767707246725932360e+08 1.016990711613856196e+09 1.016988389232303500e+09 6.962592320442199707e+02 3.760000000000000000e+02 3.710000000000000000e+02
6.300000000000000000e+01 1.000000000000000000e+00 4.000000000000000000e+00 5.000000000000000000e+00 8.410134353692523241e+08 8.410264413500802517e+08 1.000931061784232855e+09 1.000927965247684360e+09 4.264616940021514893e+02 1.900000000000000000e+02 1.860000000000000000e+02
6.400000000000000000e+01 1.000000000000000000e+00 4.000000000000000000e+00 5.000000000000000000e+00 8.021904889360206127e+08 8.021924792533981800e+08 1.014308013900624871e+09 1.014306197921964169e+09 7.903889830112457275e+02 2.760000000000000000e+02 2.720000000000000000e+02
6.500000000000000000e+01 1.000000000000000000e+00 4.000000000000000000e+00 5.000000000000000000e+00 8.228700611573141813e+08 8.228700052613980770e+08 9.917962408847391605e+08 9.917948804749987125e+08 3.607172198295593262e+02 2.340000000000000000e+02 2.300000000000000000e+02
6.600000000000000000e+01 1.000000000000000000e+00 4.000000000000000000e+00 5.000000000000000000e+00 8.779487061911865473e+08 8.779532276826735735e+08 1.020266442991809964e+09 1.020260664820587635e+09 2.081361770629882812e+02 1.470000000000000000e+02 1.430000000000000000e+02
6.700000000000000000e+01 1.000000000000000000e+00 4.000000000000000000e+00 5.000000000000000000e+00 8.549296996640331745e+08 8.549327642225022316e+08 1.023502615976942062e+09 1.023500698741589665e+09 3.498056850433349609e+02 1.960000000000000000e+02 1.920000000000000000e+02
6.800000000000000000e+01 1.000000000000000000e+00 4.000000000000000000e+00 5.000000000000000000e+00 8.504144907276262045e+08 8.504159120454137325e+08 9.933398755670366287e+08 9.933359202281481028e+08 5.480813260078430176e+02 3.640000000000000000e+02 3.590000000000000000e+02
6.900000000000000000e+01 1.000000000000000000e+00 4.000000000000000000e+00 5.000000000000000000e+00 8.319618934039030075e+08 8.319740357291696072e+08 1.022093216014962316e+09 1.022092392163564205e+09 3.600290799140930176e+02 2.070000000000000000e+02 2.030000000000000000e+02
7.000000000000000000e+01 1.000000000000000000e+00 4.000000000000000000e+00 5.000000000000000000e+00 8.296933862871264219e+08 8.296980097762506008e+08 1.015969878059538722e+09 1.015966699556666136e+09 4.240680351257324219e+02 2.360000000000000000e+02 2.320000000000000000e+02
7.100000000000000000e+01 1.000000000000000000e+00 4.000000000000000000e+00 5.000000000000000000e+00 8.072958911371517181e+08 8.072983958188654184e+08 1.010871852311042309e+09 1.010867616856585383e+09 3.711862030029296875e+02 2.290000000000000000e+02 2.250000000000000000e+02
7.200000000000000000e+01 1.000000000000000000e+00 4.000000000000000000e+00 5.000000000000000000e+00 8.567101505945761204e+08 8.567212194690873623e+08 1.010796048700192571e+09 1.010794452729988694e+09 3.673890789985656738e+03 1.587000000000000000e+03 1.583000000000000000e+03
7.300000000000000000e+01 1.000000000000000000e+00 4.000000000000000000e+00 5.000000000000000000e+00 8.469303012580233812e+08 8.469328577799131870e+08 1.004870131303329825e+09 1.004869076993116260e+09 4.084723830223083496e+02 1.660000000000000000e+02 1.620000000000000000e+02
7.400000000000000000e+01 1.000000000000000000e+00 4.000000000000000000e+00 5.000000000000000000e+00 8.705082738554171324e+08 8.705103094424144030e+08 1.007629252865628242e+09 1.007627041146582127e+09 7.136891808509826660e+02 3.760000000000000000e+02 3.710000000000000000e+02
7.500000000000000000e+01 1.000000000000000000e+00 4.000000000000000000e+00 5.000000000000000000e+00 8.631938610894165039e+08 8.631957866868233681e+08 1.013492013214828372e+09 1.013486656340176702e+09 7.598985421657562256e+02 3.640000000000000000e+02 3.590000000000000000e+02
7.600000000000000000e+01 1.000000000000000000e+00 4.000000000000000000e+00 5.000000000000000000e+00 8.381428882040333748e+08 8.381463722461704016e+08 1.010148092737977266e+09 1.010146313857973099e+09 4.031009910106658936e+02 2.440000000000000000e+02 2.400000000000000000e+02
7.700000000000000000e+01 1.000000000000000000e+00 4.000000000000000000e+00 5.000000000000000000e+00 8.608066137368091345e+08 8.608130202006344795e+08 1.011663067399125218e+09 1.011661016326537132e+09 3.533404648303985596e+02 1.860000000000000000e+02 1.820000000000000000e+02
7.800000000000000000e+01 1.000000000000000000e+00 4.000000000000000000e+00 5.000000000000000000e+00 8.556912198022953272e+08 8.556921785785440207e+08 1.001314041494955063e+09 1.001310186049819589e+09 1.287407397031784058e+03 7.010000000000000000e+02 6.970000000000000000e+02
7.900000000000000000e+01 1.000000000000000000e+00 4.000000000000000000e+00 5.000000000000000000e+00 8.444206187175035477e+08 8.444262691407210827e+08 9.879894723656246662e+08 9.880656419561372995e+08 9.147913050651550293e+02 3.410000000000000000e+02 3.360000000000000000e+02
8.000000000000000000e+01 1.000000000000000000e+00 4.000000000000000000e+00 5.000000000000000000e+00 7.986325969670503139e+08 7.986373671225185394e+08 9.973420132125054598e+08 9.973378514617940187e+08 6.968596129417419434e+02 3.530000000000000000e+02 3.490000000000000000e+02
8.100000000000000000e+01 1.000000000000000000e+00 4.000000000000000000e+00 5.000000000000000000e+00 8.806694437303922176e+08 8.806730986729470491e+08 1.001413313911381245e+09 1.001413433651088834e+09 3.098844740390777588e+02 1.660000000000000000e+02 1.610000000000000000e+02
8.200000000000000000e+01 1.000000000000000000e+00 4.000000000000000000e+00 5.000000000000000000e+00 8.633017477252711058e+08 8.633091898926885128e+08 1.001582960553342223e+09 1.001579669006342530e+09 5.094241290092468262e+02 2.920000000000000000e+02 2.870000000000000000e+02
8.300000000000000000e+01 1.000000000000000000e+00 4.000000000000000000e+00 5.000000000000000000e+00 8.585853578744139671e+08 8.585882927106091976e+08 1.013659272199585557e+09 1.013656714409597754e+09 4.880371861457824707e+02 2.590000000000000000e+02 2.550000000000000000e+02
8.400000000000000000e+01 1.000000000000000000e+00 4.000000000000000000e+00 5.000000000000000000e+00 8.640404867682110071e+08 8.640416674029777050e+08 1.000625202117197752e+09 1.000623820037941575e+09 4.398303570747375488e+02 2.250000000000000000e+02 2.200000000000000000e+02
8.500000000000000000e+01 1.000000000000000000e+00 4.000000000000000000e+00 5.000000000000000000e+00 8.394886725133798122e+08 8.394909363200497627e+08 9.909275818280644417e+08 9.909252985317287445e+08 3.802690379619598389e+02 2.120000000000000000e+02 2.080000000000000000e+02
8.600000000000000000e+01 1.000000000000000000e+00 4.000000000000000000e+00 5.000000000000000000e+00 8.079617620372545719e+08 8.079653238311530352e+08 9.854497067631124258e+08 9.854483604302777052e+08 4.805850949287414551e+02 2.380000000000000000e+02 2.340000000000000000e+02
8.700000000000000000e+01 1.000000000000000000e+00 4.000000000000000000e+00 5.000000000000000000e+00 8.660608577068672180e+08 8.660645628434890509e+08 1.013594632345265388e+09 1.013593648469842434e+09 5.843067989349365234e+02 3.220000000000000000e+02 3.180000000000000000e+02
8.800000000000000000e+01 1.000000000000000000e+00 4.000000000000000000e+00 5.000000000000000000e+00 8.455889002564339638e+08 8.455900857378656864e+08 1.006599783488840938e+09 1.006596457452307701e+09 1.716095999956130981e+03 9.770000000000000000e+02 9.730000000000000000e+02
8.900000000000000000e+01 1.000000000000000000e+00 4.000000000000000000e+00 5.000000000000000000e+00 8.445436286177604198e+08 8.445494737596185207e+08 1.007694143425775886e+09 1.007692433461055636e+09 5.074980671405792236e+02 2.880000000000000000e+02 2.830000000000000000e+02
9.000000000000000000e+01 1.000000000000000000e+00 4.000000000000000000e+00 5.000000000000000000e+00 8.507844571426104307e+08 8.507957465823206902e+08 1.012789994624910355e+09 1.012788530351189137e+09 3.859567999839782715e+02 1.960000000000000000e+02 1.920000000000000000e+02
9.100000000000000000e+01 1.000000000000000000e+00 4.000000000000000000e+00 5.000000000000000000e+00 8.658513153807935715e+08 8.658548189480801821e+08 1.014600262735296249e+09 1.014598459225696683e+09 6.573475120067596436e+02 3.850000000000000000e+02 3.810000000000000000e+02
9.200000000000000000e+01 1.000000000000000000e+00 4.000000000000000000e+00 5.000000000000000000e+00 8.423473411852046251e+08 8.423512707702683210e+08 1.016885362729152322e+09 1.016884301116856933e+09 4.595028700828552246e+02 2.450000000000000000e+02 2.400000000000000000e+02
9.300000000000000000e+01 1.000000000000000000e+00 4.000000000000000000e+00 5.000000000000000000e+00 8.670246299001529217e+08 8.670266077154455185e+08 1.022023918105181932e+09 1.022022149140373349e+09 1.411169619083404541e+03 7.750000000000000000e+02 7.710000000000000000e+02
9.400000000000000000e+01 1.000000000000000000e+00 4.000000000000000000e+00 5.000000000000000000e+00 8.391614823150572777e+08 8.391668032690728903e+08 1.012789488693997264e+09 1.012788776758690596e+09 7.760961608886718750e+02 2.790000000000000000e+02 2.750000000000000000e+02
9.500000000000000000e+01 1.000000000000000000e+00 4.000000000000000000e+00 5.000000000000000000e+00 8.415831324356746674e+08 8.415870962122088671e+08 1.001173702345480561e+09 1.001171733883260489e+09 5.239125289916992188e+02 2.750000000000000000e+02 2.710000000000000000e+02
9.600000000000000000e+01 1.000000000000000000e+00 4.000000000000000000e+00 5.000000000000000000e+00 8.740710684979684353e+08 8.740826890825518370e+08 1.012464709020229459e+09 1.012462248220179200e+09 3.625270621776580811e+02 1.880000000000000000e+02 1.840000000000000000e+02
9.700000000000000000e+01 1.000000000000000000e+00 4.000000000000000000e+00 5.000000000000000000e+00 8.485294131684621572e+08 8.485365787093660831e+08 1.019327972812072277e+09 1.019324233281739473e+09 3.597443048954010010e+02 1.850000000000000000e+02 1.810000000000000000e+02
9.800000000000000000e+01 1.000000000000000000e+00 4.000000000000000000e+00 5.000000000000000000e+00 8.380290428168706894e+08 8.380341285349658728e+08 9.870723299555683136e+08 9.870701025842716694e+08 1.032137940168380737e+03 3.820000000000000000e+02 3.770000000000000000e+02
9.900000000000000000e+01 1.000000000000000000e+00 4.000000000000000000e+00 5.000000000000000000e+00 8.664581959491130114e+08 8.664615682854396105e+08 1.003655055210296869e+09 1.003650660388695598e+09 3.739432828426361084e+02 1.700000000000000000e+02 1.660000000000000000e+02
1.000000000000000000e+02 1.000000000000000000e+00 4.000000000000000000e+00 5.000000000000000000e+00 8.641871976731992960e+08 8.641943531787301302e+08 1.015345624427529216e+09 1.015343834512665987e+09 8.088914351463317871e+02 3.070000000000000000e+02 3.030000000000000000e+02
1.010000000000000000e+02 1.000000000000000000e+00 4.000000000000000000e+00 5.000000000000000000e+00 8.540074655855624676e+08 8.540126427869557142e+08 1.007733991158003211e+09 1.007731827139504313e+09 6.360121459960937500e+02 3.670000000000000000e+02 3.630000000000000000e+02
1.020000000000000000e+02 1.000000000000000000e+00 4.000000000000000000e+00 5.000000000000000000e+00 8.510471408309223652e+08 8.510529640007900000e+08 1.008169103070140243e+09 1.008165577229599476e+09 4.682622520923614502e+02 2.000000000000000000e+02 1.960000000000000000e+02
1.030000000000000000e+02 1.000000000000000000e+00 4.000000000000000000e+00 5.000000000000000000e+00 8.144540197758656740e+08 8.144596725341955423e+08 1.009955045680839539e+09 1.009951099606177688e+09 1.084624719858169556e+03 3.720000000000000000e+02 3.680000000000000000e+02
1.040000000000000000e+02 1.000000000000000000e+00 4.000000000000000000e+00 5.000000000000000000e+00 8.795416069797778130e+08 8.795448849989476204e+08 1.016116103802862406e+09 1.016114766800498724e+09 6.424344069957733154e+02 2.310000000000000000e+02 2.270000000000000000e+02
1.050000000000000000e+02 1.000000000000000000e+00 4.000000000000000000e+00 5.000000000000000000e+00 8.689813470572868586e+08 8.689821558054745197e+08 1.017262207921659589e+09 1.017256707578570127e+09 3.257565138339996338e+02 2.210000000000000000e+02 2.170000000000000000e+02
1.060000000000000000e+02 1.000000000000000000e+00 4.000000000000000000e+00 5.000000000000000000e+00 8.052252833690915108e+08 8.052265364799145460e+08 1.010643311970809817e+09 1.010641978116959214e+09 5.271941978931427002e+02 3.520000000000000000e+02 3.480000000000000000e+02
1.070000000000000000e+02 1.000000000000000000e+00 4.000000000000000000e+00 5.000000000000000000e+00 8.578936777744432688e+08 8.578933770483763218e+08 1.002126073410681725e+09 1.002125514628012419e+09 6.413107659816741943e+02 4.160000000000000000e+02 4.110000000000000000e+02
1.080000000000000000e+02 1.000000000000000000e+00 4.000000000000000000e+00 5.000000000000000000e+00 8.576946363018790483e+08 8.576970742563893795e+08 1.010104076753437281e+09 1.010099806518136501e+09 3.406524879932403564e+02 2.250000000000000000e+02 2.210000000000000000e+02
1.090000000000000000e+02 1.000000000000000000e+00 4.000000000000000000e+00 5.000000000000000000e+00 8.052256396451904774e+08 8.052368046008111238e+08 9.948950557249016762e+08 9.948928831848061085e+08 4.694811239242553711e+02 2.610000000000000000e+02 2.570000000000000000e+02
1.100000000000000000e+02 1.000000000000000000e+00 4.000000000000000000e+00 5.000000000000000000e+00 8.277425931573090553e+08 8.277492472255986929e+08 1.022017646943032861e+09 1.022016975143772602e+09 5.875803978443145752e+02 3.940000000000000000e+02 3.900000000000000000e+02
1.110000000000000000e+02 1.000000000000000000e+00 4.000000000000000000e+00 5.000000000000000000e+00 7.995007911105685234e+08 7.995049479588726759e+08 9.932815822963953018e+08 9.932799949918826818e+08 4.715716140985488892e+03 2.838000000000000000e+03 2.833000000000000000e+03
1.120000000000000000e+02 1.000000000000000000e+00 4.000000000000000000e+00 5.000000000000000000e+00 8.395261757780627012e+08 8.395347083580887318e+08 1.012128362863330245e+09 1.012127244053187013e+09 3.260218431949615479e+02 1.790000000000000000e+02 1.750000000000000000e+02
1.130000000000000000e+02 1.000000000000000000e+00 4.000000000000000000e+00 5.000000000000000000e+00 8.379626029229221344e+08 8.379658467117323875e+08 1.000831248606775284e+09 1.000829468281473994e+09 5.046578209400177002e+02 3.160000000000000000e+02 3.120000000000000000e+02
1.140000000000000000e+02 1.000000000000000000e+00 4.000000000000000000e+00 5.000000000000000000e+00 8.826557173508596420e+08 8.826619232839670181e+08 1.001990028319344759e+09 1.001989162656571388e+09 3.299956307172775269e+03 2.152000000000000000e+03 2.148000000000000000e+03
1.150000000000000000e+02 1.000000000000000000e+00 4.000000000000000000e+00 5.000000000000000000e+00 8.343533218223314285e+08 8.343539316250157356e+08 9.701779068089879751e+08 9.701782729958997965e+08 1.209157012939453125e+03 7.700000000000000000e+02 7.660000000000000000e+02
1.160000000000000000e+02 1.000000000000000000e+00 4.000000000000000000e+00 5.000000000000000000e+00 8.720873100437766314e+08 8.720899421870912313e+08 1.013791193539807916e+09 1.013788851558400512e+09 3.046178019046783447e+02 2.020000000000000000e+02 1.980000000000000000e+02
1.170000000000000000e+02 1.000000000000000000e+00 4.000000000000000000e+00 5.000000000000000000e+00 8.303258611742063761e+08 8.303289526579777002e+08 1.011308713597499013e+09 1.011306724453261256e+09 3.962449159622192383e+02 2.650000000000000000e+02 2.610000000000000000e+02
1.180000000000000000e+02 1.000000000000000000e+00 4.000000000000000000e+00 5.000000000000000000e+00 8.441078553504031897e+08 8.441143751151803732e+08 9.940389950896762609e+08 9.940360057682930231e+08 3.362201600074768066e+02 2.180000000000000000e+02 2.140000000000000000e+02
1.190000000000000000e+02 1.000000000000000000e+00 4.000000000000000000e+00 5.000000000000000000e+00 8.392045809429094791e+08 8.392062652802982330e+08 9.984092078104304075e+08 9.984080413465917110e+08 5.861630201339721680e+02 3.710000000000000000e+02 3.660000000000000000e+02
1.200000000000000000e+02 1.000000000000000000e+00 4.000000000000000000e+00 5.000000000000000000e+00 8.567129674398106337e+08 8.567169336592148542e+08 1.002808243593997717e+09 1.002806358994820714e+09 2.532679231166839600e+02 1.640000000000000000e+02 1.590000000000000000e+02
1.210000000000000000e+02 1.000000000000000000e+00 4.000000000000000000e+00 5.000000000000000000e+00 8.785742832765251398e+08 8.785779552059289217e+08 1.000183816495762348e+09 1.000183039562606215e+09 4.837133810520172119e+02 3.260000000000000000e+02 3.210000000000000000e+02
1.220000000000000000e+02 1.000000000000000000e+00 4.000000000000000000e+00 5.000000000000000000e+00 8.399859734878246784e+08 8.399905838070107698e+08 1.019253437019413590e+09 1.019250460639811397e+09 2.626950411796569824e+02 1.730000000000000000e+02 1.690000000000000000e+02
1.230000000000000000e+02 1.000000000000000000e+00 4.000000000000000000e+00 5.000000000000000000e+00 8.578889979062757492e+08 8.578954458018027544e+08 1.013716842617025971e+09 1.013713448399473906e+09 3.428303070068359375e+02 2.230000000000000000e+02 2.190000000000000000e+02
1.240000000000000000e+02 1.000000000000000000e+00 4.000000000000000000e+00 5.000000000000000000e+00 8.101271299785375595e+08 8.101315266440286636e+08 1.013640538765387893e+09 1.013640326159252167e+09 3.320108959674835205e+02 2.110000000000000000e+02 2.070000000000000000e+02
1.250000000000000000e+02 1.000000000000000000e+00 4.000000000000000000e+00 5.000000000000000000e+00 8.530381063434087038e+08 8.530414145395369530e+08 1.021277136389448166e+09 1.021273093910975099e+09 1.325457414102554321e+04 7.006000000000000000e+03 7.002000000000000000e+03
1.260000000000000000e+02 1.000000000000000000e+00 4.000000000000000000e+00 5.000000000000000000e+00 8.446984837757240534e+08 8.447010740458265543e+08 1.020253937784001946e+09 1.020252283978939652e+09 2.876491920948028564e+02 1.950000000000000000e+02 1.910000000000000000e+02
1.270000000000000000e+02 1.000000000000000000e+00 4.000000000000000000e+00 5.000000000000000000e+00 8.443787287415642738e+08 8.443786896416623592e+08 1.036974646285281658e+09 1.036972940120165586e+09 2.758768208026885986e+02 1.910000000000000000e+02 1.870000000000000000e+02
1.280000000000000000e+02 1.000000000000000000e+00 4.000000000000000000e+00 5.000000000000000000e+00 8.365121801022435427e+08 8.365142249190565348e+08 9.836886455991715193e+08 9.836871421176674366e+08 4.872720530033111572e+02 3.230000000000000000e+02 3.180000000000000000e+02
1.290000000000000000e+02 1.000000000000000000e+00 4.000000000000000000e+00 5.000000000000000000e+00 8.478603680861718655e+08 8.478713252801762819e+08 1.005768940056780100e+09 1.005766149643187404e+09 5.298752591609954834e+02 3.450000000000000000e+02 3.410000000000000000e+02
1.300000000000000000e+02 1.000000000000000000e+00 4.000000000000000000e+00 5.000000000000000000e+00 8.259082446860281229e+08 8.259160393085837364e+08 9.995519437724188566e+08 9.995505845864583254e+08 3.024241399765014648e+02 1.770000000000000000e+02 1.730000000000000000e+02
1.310000000000000000e+02 1.000000000000000000e+00 4.000000000000000000e+00 5.000000000000000000e+00 8.260543944469525814e+08 8.260632669163644314e+08 1.018304241221124768e+09 1.018301913670612216e+09 3.684901878833770752e+02 2.470000000000000000e+02 2.430000000000000000e+02
1.320000000000000000e+02 1.000000000000000000e+00 4.000000000000000000e+00 5.000000000000000000e+00 8.311340964282029867e+08 8.311363367831612825e+08 1.005012689838823915e+09 1.005011326202680349e+09 1.368157108020782471e+04 6.984000000000000000e+03 6.979000000000000000e+03
1.330000000000000000e+02 1.000000000000000000e+00 4.000000000000000000e+00 5.000000000000000000e+00 8.382114848712978363e+08 8.382160816887190342e+08 9.859759084113379717e+08 9.859722663459575176e+08 6.162420170307159424e+02 3.940000000000000000e+02 3.890000000000000000e+02
1.340000000000000000e+02 1.000000000000000000e+00 4.000000000000000000e+00 5.000000000000000000e+00 8.276863874355534315e+08 8.276898013626947403e+08 1.002162126788792372e+09 1.002160190745983958e+09 5.920011010169982910e+02 3.800000000000000000e+02 3.750000000000000000e+02
1.350000000000000000e+02 1.000000000000000000e+00 4.000000000000000000e+00 5.000000000000000000e+00 8.796808636497131586e+08 8.796908374411320686e+08 1.016200385055819154e+09 1.016199116695654631e+09 3.216361999511718750e+02 2.170000000000000000e+02 2.130000000000000000e+02
1.360000000000000000e+02 1.000000000000000000e+00 4.000000000000000000e+00 5.000000000000000000e+00 8.585069891092827320e+08 8.585110078564724922e+08 1.005376445833345890e+09 1.005375693908031583e+09 1.568487998962402344e+03 1.035000000000000000e+03 1.030000000000000000e+03
1.370000000000000000e+02 1.000000000000000000e+00 4.000000000000000000e+00 5.000000000000000000e+00 8.780515742648917437e+08 8.780557850287760496e+08 1.004300045241288900e+09 1.004299222418378234e+09 4.097992820739746094e+02 2.330000000000000000e+02 2.290000000000000000e+02
1.380000000000000000e+02 1.000000000000000000e+00 4.000000000000000000e+00 5.000000000000000000e+00 8.716264506593743563e+08 8.716273837938604355e+08 1.004951555556986570e+09 1.004950112048632383e+09 6.050424931049346924e+02 4.040000000000000000e+02 3.990000000000000000e+02
1.390000000000000000e+02 1.000000000000000000e+00 4.000000000000000000e+00 5.000000000000000000e+00 8.581401500453548431e+08 8.581436205486742258e+08 1.000543503633468509e+09 1.000541757288556695e+09 7.776204397678375244e+02 4.670000000000000000e+02 4.620000000000000000e+02
1.400000000000000000e+02 1.000000000000000000e+00 4.000000000000000000e+00 5.000000000000000000e+00 8.084753176270135641e+08 8.084813567186139822e+08 9.957062227107143402e+08 9.957039541944651604e+08 5.965692501068115234e+02 3.750000000000000000e+02 3.700000000000000000e+02
1.410000000000000000e+02 1.000000000000000000e+00 4.000000000000000000e+00 5.000000000000000000e+00 8.583271789384516478e+08 8.583395145293483734e+08 1.010308995545057416e+09 1.010308406534928203e+09 4.071138279438018799e+02 2.640000000000000000e+02 2.600000000000000000e+02
1.420000000000000000e+02 1.000000000000000000e+00 4.000000000000000000e+00 5.000000000000000000e+00 8.227859753459768295e+08 8.227885614757546186e+08 1.006847983037343621e+09 1.006846081521161914e+09 4.333326640129089355e+02 2.600000000000000000e+02 2.560000000000000000e+02
1.430000000000000000e+02 1.000000000000000000e+00 4.000000000000000000e+00 5.000000000000000000e+00 8.438249287460299730e+08 8.438336446663432121e+08 1.021395452424737573e+09 1.021392119978909492e+09 7.768153071403503418e+02 5.060000000000000000e+02 5.020000000000000000e+02
1.440000000000000000e+02 1.000000000000000000e+00 4.000000000000000000e+00 5.000000000000000000e+00 8.583892718038743734e+08 8.583914574716082811e+08 1.019305752246874809e+09 1.019303179379707694e+09 3.798605880737304688e+02 2.610000000000000000e+02 2.570000000000000000e+02
1.450000000000000000e+02 1.000000000000000000e+00 4.000000000000000000e+00 5.000000000000000000e+00 8.321261129783521891e+08 8.321287963426500559e+08 9.833189817988387346e+08 9.833168434832628965e+08 3.428601639270782471e+02 2.120000000000000000e+02 2.080000000000000000e+02
1.460000000000000000e+02 1.000000000000000000e+00 4.000000000000000000e+00 5.000000000000000000e+00 8.770838460643755198e+08 8.770915364702955484e+08 1.007086813234955072e+09 1.007084587254248738e+09 2.938223609924316406e+02 1.990000000000000000e+02 1.950000000000000000e+02
1.470000000000000000e+02 1.000000000000000000e+00 4.000000000000000000e+00 5.000000000000000000e+00 8.588466351665304899e+08 8.588497180972627401e+08 9.984731099177298546e+08 9.984706080445663929e+08 3.216472010612487793e+02 2.140000000000000000e+02 2.100000000000000000e+02
1.480000000000000000e+02 1.000000000000000000e+00 4.000000000000000000e+00 5.000000000000000000e+00 8.299841526673763990e+08 8.299857040855917931e+08 1.012679831507681251e+09 1.012675973833824277e+09 3.391063477993011475e+02 1.880000000000000000e+02 1.840000000000000000e+02
1.490000000000000000e+02 1.000000000000000000e+00 4.000000000000000000e+00 5.000000000000000000e+00 8.620463482339644432e+08 8.620472138537294865e+08 1.018618672170484662e+09 1.018615629651832461e+09 3.819906928539276123e+02 2.460000000000000000e+02 2.420000000000000000e+02
1.500000000000000000e+02 1.000000000000000000e+00 4.000000000000000000e+00 5.000000000000000000e+00 8.190719122246198654e+08 8.190783730626944304e+08 1.023220677973212957e+09 1.023218880378269911e+09 3.707419219017028809e+02 2.470000000000000000e+02 2.430000000000000000e+02
1.510000000000000000e+02 1.000000000000000000e+00 4.000000000000000000e+00 5.000000000000000000e+00 8.266303060529837608e+08 8.266347523257589340e+08 1.005943770393165827e+09 1.005941964956595778e+09 6.049378230571746826e+02 3.930000000000000000e+02 3.890000000000000000e+02
1.520000000000000000e+02 1.000000000000000000e+00 4.000000000000000000e+00 5.000000000000000000e+00 8.548371148089126348e+08 8.548443852892308235e+08 1.012674308534945965e+09 1.012672899235505700e+09 5.464112508296966553e+02 3.620000000000000000e+02 3.570000000000000000e+02
1.530000000000000000e+02 1.000000000000000000e+00 4.000000000000000000e+00 5.000000000000000000e+00 8.312675378492580652e+08 8.312704124494475126e+08 1.004536988439034343e+09 1.004534452368465424e+09 3.037940649986267090e+02 1.880000000000000000e+02 1.840000000000000000e+02
1.540000000000000000e+02 1.000000000000000000e+00 4.000000000000000000e+00 5.000000000000000000e+00 8.098472855887689590e+08 8.098509079790374041e+08 9.989776236941573620e+08 9.989777035202064514e+08 2.999821140766143799e+02 1.940000000000000000e+02 1.890000000000000000e+02
1.550000000000000000e+02 1.000000000000000000e+00 4.000000000000000000e+00 5.000000000000000000e+00 8.159853417288275957e+08 8.159923699540978670e+08 1.002892110881552696e+09 1.002890375184314966e+09 3.198851590156555176e+02 2.130000000000000000e+02 2.090000000000000000e+02
1.560000000000000000e+02 1.000000000000000000e+00 4.000000000000000000e+00 5.000000000000000000e+00 8.717884811469253302e+08 8.717972283480862379e+08 1.010537764472361088e+09 1.010536039892210603e+09 2.078587501049041748e+02 1.380000000000000000e+02 1.340000000000000000e+02
1.570000000000000000e+02 1.000000000000000000e+00 4.000000000000000000e+00 5.000000000000000000e+00 8.556008556732361317e+08 8.556014093662824631e+08 1.007085768885589600e+09 1.007085431745590568e+09 5.943302760124206543e+02 3.930000000000000000e+02 3.880000000000000000e+02
1.580000000000000000e+02 1.000000000000000000e+00 4.000000000000000000e+00 5.000000000000000000e+00 8.499023073583394289e+08 8.499070814922285080e+08 1.021090317397252798e+09 1.021088239663652539e+09 4.768461999893188477e+02 3.030000000000000000e+02 2.990000000000000000e+02
1.590000000000000000e+02 1.000000000000000000e+00 4.000000000000000000e+00 5.000000000000000000e+00 8.336016523884845972e+08 8.336119983425538540e+08 1.009940248534269333e+09 1.009937586344818234e+09 6.528038690090179443e+02 4.040000000000000000e+02 4.000000000000000000e+02
1.600000000000000000e+02 1.000000000000000000e+00 4.000000000000000000e+00 5.000000000000000000e+00 8.652211205031256676e+08 8.652267729848710299e+08 1.018888411457873583e+09 1.018886842628241539e+09 2.405634610652923584e+02 1.660000000000000000e+02 1.620000000000000000e+02
1.610000000000000000e+02 1.000000000000000000e+00 4.000000000000000000e+00 5.000000000000000000e+00 8.564025728097541332e+08 8.564127906283888817e+08 1.015809494604344845e+09 1.015806893322275281e+09 3.694031779766082764e+02 2.460000000000000000e+02 2.420000000000000000e+02
1.620000000000000000e+02 1.000000000000000000e+00 4.000000000000000000e+00 5.000000000000000000e+00 8.592220986085021496e+08 8.592264602843453884e+08 1.008440921588382125e+09 1.008440219554493546e+09 2.952352950572967529e+02 1.960000000000000000e+02 1.920000000000000000e+02
1.630000000000000000e+02 1.000000000000000000e+00 4.000000000000000000e+00 5.000000000000000000e+00 8.596001390246568918e+08 8.596069314687218666e+08 9.986212106436591148e+08 9.986173066537905931e+08 1.557356324911117554e+03 1.003000000000000000e+03 9.980000000000000000e+02
1.640000000000000000e+02 1.000000000000000000e+00 4.000000000000000000e+00 5.000000000000000000e+00 8.486006563595286608e+08 8.486066596998602152e+08 9.997243602686815262e+08 9.997234807628947496e+08 3.664159522056579590e+02 2.510000000000000000e+02 2.460000000000000000e+02
1.650000000000000000e+02 1.000000000000000000e+00 4.000000000000000000e+00 5.000000000000000000e+00 8.261287834376275539e+08 8.261332760288908482e+08 9.980267774342594147e+08 9.980259086841402054e+08 7.279272298812866211e+02 4.550000000000000000e+02 4.500000000000000000e+02
1.660000000000000000e+02 1.000000000000000000e+00 4.000000000000000000e+00 5.000000000000000000e+00 8.740763852802892923e+08 8.740785491228652000e+08 1.007360667002203107e+09 1.007359235998540640e+09 3.167350351810455322e+02 2.170000000000000000e+02 2.130000000000000000e+02
1.670000000000000000e+02 1.000000000000000000e+00 4.000000000000000000e+00 5.000000000000000000e+00 8.791866513419263363e+08 8.791890668911910057e+08 1.019512324282691479e+09 1.019508449755194902e+09 3.211543450355529785e+02 2.200000000000000000e+02 2.160000000000000000e+02
1.680000000000000000e+02 1.000000000000000000e+00 4.000000000000000000e+00 5.000000000000000000e+00 8.677863168501443863e+08 8.677873002474691868e+08 1.017699798054469824e+09 1.017697807088547587e+09 1.007714267969131470e+03 4.080000000000000000e+02 4.040000000000000000e+02
1.690000000000000000e+02 1.000000000000000000e+00 4.000000000000000000e+00 5.000000000000000000e+00 8.519451778872027397e+08 8.519528300096093416e+08 9.979609028935145140e+08 9.979578097861293554e+08 9.419037330150604248e+02 3.800000000000000000e+02 3.750000000000000000e+02
1.700000000000000000e+02 1.000000000000000000e+00 4.000000000000000000e+00 5.000000000000000000e+00 8.361549202634370327e+08 8.361601179696124792e+08 9.944221317544023991e+08 9.944197701509263515e+08 7.272995119094848633e+02 2.780000000000000000e+02 2.740000000000000000e+02
1.710000000000000000e+02 1.000000000000000000e+00 4.000000000000000000e+00 5.000000000000000000e+00 8.357873819556630850e+08 8.357890034705581665e+08 9.955834242636562586e+08 9.955803281486183405e+08 1.118263240098953247e+03 4.460000000000000000e+02 4.420000000000000000e+02
1.720000000000000000e+02 1.000000000000000000e+00 4.000000000000000000e+00 5.000000000000000000e+00 8.335373506847083569e+08 8.335390131382462978e+08 9.962139882430983782e+08 9.962124665376495123e+08 6.378390901088714600e+02 2.510000000000000000e+02 2.470000000000000000e+02
1.730000000000000000e+02 1.000000000000000000e+00 4.000000000000000000e+00 5.000000000000000000e+00 8.608895905119093657e+08 8.608961079432461262e+08 1.016405914401181340e+09 1.016405458419264436e+09 6.270044801235198975e+02 2.480000000000000000e+02 2.440000000000000000e+02
1.740000000000000000e+02 1.000000000000000000e+00 4.000000000000000000e+00 5.000000000000000000e+00 8.398851762989087105e+08 8.398910618450455666e+08 1.005005441680891752e+09 1.005005000399454832e+09 5.728402559757232666e+02 2.190000000000000000e+02 2.150000000000000000e+02
1.750000000000000000e+02 1.000000000000000000e+00 4.000000000000000000e+00 5.000000000000000000e+00 8.638018926026145220e+08 8.638062994562145472e+08 1.000974624305765152e+09 1.000970817747019410e+09 4.283555049896240234e+02 1.920000000000000000e+02 1.870000000000000000e+02
1.760000000000000000e+02 1.000000000000000000e+00 4.000000000000000000e+00 5.000000000000000000e+00 8.786531839124121666e+08 8.786572763411309719e+08 9.936082408290997744e+08 9.936052609588301182e+08 5.532439739704132080e+02 2.670000000000000000e+02 2.620000000000000000e+02
1.770000000000000000e+02 1.000000000000000000e+00 4.000000000000000000e+00 5.000000000000000000e+00 8.553046127878063917e+08 8.553095451016696692e+08 1.005226574584618807e+09 1.005223688076536059e+09 8.276426088809967041e+02 3.030000000000000000e+02 2.990000000000000000e+02
1.780000000000000000e+02 1.000000000000000000e+00 4.000000000000000000e+00 5.000000000000000000e+00 8.247927148533897400e+08 8.248039609081157446e+08 1.007981184713209987e+09 1.007981013492967606e+09 1.161268961906433105e+03 6.340000000000000000e+02 6.300000000000000000e+02
1.790000000000000000e+02 1.000000000000000000e+00 4.000000000000000000e+00 5.000000000000000000e+00 9.062044368628710508e+08 9.062053113366199732e+08 1.016666973380542994e+09 1.016664692484525442e+09 3.952968690395355225e+02 2.290000000000000000e+02 2.250000000000000000e+02
1.800000000000000000e+02 1.000000000000000000e+00 4.000000000000000000e+00 5.000000000000000000e+00 8.284520134289594889e+08 8.284577319673002958e+08 1.000783635283671498e+09 1.000782369893945336e+09 5.231546628475189209e+02 2.770000000000000000e+02 2.730000000000000000e+02
1.810000000000000000e+02 1.000000000000000000e+00 4.000000000000000000e+00 5.000000000000000000e+00 8.288914583088349104e+08 8.288941157214469910e+08 1.007771557709711671e+09 1.007768800438089609e+09 4.314244320392608643e+02 2.300000000000000000e+02 2.260000000000000000e+02
1.820000000000000000e+02 1.000000000000000000e+00 4.000000000000000000e+00 5.000000000000000000e+00 8.031337562259806395e+08 8.031375623721059561e+08 1.005854671002657413e+09 1.005854178914812326e+09 5.563682079315185547e+02 2.070000000000000000e+02 2.030000000000000000e+02
1.830000000000000000e+02 1.000000000000000000e+00 4.000000000000000000e+00 5.000000000000000000e+00 8.239697404487501383e+08 8.239745176449296474e+08 9.995065961659829617e+08 9.995041643143371344e+08 6.703086009025573730e+02 2.910000000000000000e+02 2.860000000000000000e+02
1.840000000000000000e+02 1.000000000000000000e+00 4.000000000000000000e+00 5.000000000000000000e+00 8.125555945593032837e+08 8.125590182681424618e+08 9.881445973869059086e+08 9.881427137736905813e+08 3.841336328983306885e+02 1.790000000000000000e+02 1.750000000000000000e+02
1.850000000000000000e+02 1.000000000000000000e+00 4.000000000000000000e+00 5.000000000000000000e+00 8.679586647634791136e+08 8.679688272749383450e+08 9.925786680519773960e+08 9.925802535406289101e+08 5.012724659442901611e+02 2.700000000000000000e+02 2.650000000000000000e+02
1.860000000000000000e+02 1.000000000000000000e+00 4.000000000000000000e+00 5.000000000000000000e+00 8.506816281181151867e+08 8.506930014937025309e+08 1.003905032110487461e+09 1.003904222166032672e+09 1.200701576948165894e+03 5.180000000000000000e+02 5.130000000000000000e+02
1.870000000000000000e+02 1.000000000000000000e+00 4.000000000000000000e+00 5.000000000000000000e+00 8.635734440512512922e+08 8.635825096323698759e+08 1.006655023451998472e+09 1.006653945566243768e+09 1.318182750940322876e+03 5.520000000000000000e+02 5.470000000000000000e+02
1.880000000000000000e+02 1.000000000000000000e+00 4.000000000000000000e+00 5.000000000000000000e+00 8.764365495804255009e+08 8.764405030447684526e+08 1.023432478534481049e+09 1.023428864051963449e+09 3.505616750717163086e+02 1.450000000000000000e+02 1.410000000000000000e+02
1.890000000000000000e+02 1.000000000000000000e+00 4.000000000000000000e+00 5.000000000000000000e+00 8.284752076188836098e+08 8.284825788575795889e+08 1.008952976787128329e+09 1.008949240959587097e+09 5.110440580844879150e+02 2.710000000000000000e+02 2.660000000000000000e+02
1.900000000000000000e+02 1.000000000000000000e+00 4.000000000000000000e+00 5.000000000000000000e+00 8.635381537658488750e+08 8.635446280653238297e+08 1.024630895854595542e+09 1.024627523405563831e+09 4.198684937953948975e+02 2.320000000000000000e+02 2.280000000000000000e+02
1.910000000000000000e+02 1.000000000000000000e+00 4.000000000000000000e+00 5.000000000000000000e+00 8.861381010368032455e+08 8.861384450342241526e+08 1.009319369124323964e+09 1.009314242702484727e+09 4.001591598987579346e+02 1.580000000000000000e+02 1.540000000000000000e+02
1.920000000000000000e+02 1.000000000000000000e+00 4.000000000000000000e+00 5.000000000000000000e+00 8.668520190406410694e+08 8.668568653762196302e+08 1.008688750152425885e+09 1.008685812096855164e+09 5.470921320915222168e+02 2.320000000000000000e+02 2.280000000000000000e+02
1.930000000000000000e+02 1.000000000000000000e+00 4.000000000000000000e+00 5.000000000000000000e+00 8.499678287828619480e+08 8.499756597692394257e+08 9.836472548333323002e+08 9.836443347108941078e+08 4.527095491886138916e+02 2.400000000000000000e+02 2.350000000000000000e+02
1.940000000000000000e+02 1.000000000000000000e+00 4.000000000000000000e+00 5.000000000000000000e+00 8.401423604699808359e+08 8.401615333549319506e+08 1.016165219437891722e+09 1.016163748219993234e+09 3.656182091236114502e+02 2.000000000000000000e+02 1.960000000000000000e+02
1.950000000000000000e+02 1.000000000000000000e+00 4.000000000000000000e+00 5.000000000000000000e+00 8.162030975570501089e+08 8.162067687812488079e+08 1.008193447082171559e+09 1.008191758857859135e+09 1.315201094150543213e+03 5.050000000000000000e+02 5.000000000000000000e+02
1.960000000000000000e+02 1.000000000000000000e+00 4.000000000000000000e+00 5.000000000000000000e+00 8.461444626372089386e+08 8.461560090741691589e+08 9.941825430003542900e+08 9.941814192810556889e+08 1.336622469902038574e+03 5.050000000000000000e+02 5.000000000000000000e+02
1.970000000000000000e+02 1.000000000000000000e+00 4.000000000000000000e+00 5.000000000000000000e+00 8.324397005450460911e+08 8.324433465269035101e+08 9.887295742488516569e+08 9.887267269000740051e+08 3.760229730606079102e+02 1.950000000000000000e+02 1.910000000000000000e+02
1.980000000000000000e+02 1.000000000000000000e+00 4.000000000000000000e+00 5.000000000000000000e+00 8.548512545829209089e+08 8.548558047944239378e+08 9.994355796144886017e+08 9.994359434775869846e+08 3.955019729137420654e+02 2.170000000000000000e+02 2.130000000000000000e+02
1.990000000000000000e+02 1.000000000000000000e+00 4.000000000000000000e+00 5.000000000000000000e+00 8.020990619461354017e+08 8.021023598963012695e+08 1.007512429592903495e+09 1.007509466993783474e+09 5.568386740684509277e+02 2.700000000000000000e+02 2.660000000000000000e+02
