# # run number, ti calc, ti opt, aep init calc (kW), aep init opt (kW), aep run calc (kW), aep run opt (kW), run time (s), obj func calls, sens func calls
0.000000000000000000e+00 4.000000000000000000e+00 0.000000000000000000e+00 7.121572437279298902e+07 6.971427461427803338e+07 7.194475892886476219e+07 7.114435980489976704e+07 7.763138055801391602e+00 2.700000000000000000e+01 2.900000000000000000e+01
# # run number, ti calc, ti opt, aep init calc (kW), aep init opt (kW), aep run calc (kW), aep run opt (kW), run time (s), obj func calls, sens func calls
0.000000000000000000e+00 4.000000000000000000e+00 5.000000000000000000e+00 7.121572437279298902e+07 6.971427461427803338e+07 7.198509934250399470e+07 7.198509772046472132e+07 1.545523047447204590e+01 5.200000000000000000e+01 5.400000000000000000e+01
1.000000000000000000e+00 4.000000000000000000e+00 0.000000000000000000e+00 6.504619075115741044e+07 6.455922104084414244e+07 7.300966125514478981e+07 7.296329958600147069e+07 1.638164734840393066e+01 6.000000000000000000e+01 6.200000000000000000e+01
1.000000000000000000e+00 4.000000000000000000e+00 5.000000000000000000e+00 6.504619075115741044e+07 6.455922104084414244e+07 7.304378301086622477e+07 7.304377405283999443e+07 1.541976857185363770e+01 5.100000000000000000e+01 5.300000000000000000e+01
2.000000000000000000e+00 4.000000000000000000e+00 0.000000000000000000e+00 6.222574713749827445e+07 6.178111663551090658e+07 7.281552058417190611e+07 7.288674102481383085e+07 8.783406209945678711e+01 2.920000000000000000e+02 2.940000000000000000e+02
2.000000000000000000e+00 4.000000000000000000e+00 5.000000000000000000e+00 6.222574713749827445e+07 6.178111663551090658e+07 7.318517299332337081e+07 7.318517097152481973e+07 8.602104258537292480e+01 2.460000000000000000e+02 2.480000000000000000e+02
3.000000000000000000e+00 4.000000000000000000e+00 0.000000000000000000e+00 5.888102347786907107e+07 5.766522535949686170e+07 7.186632431928594410e+07 7.174332742900691926e+07 3.209497070312500000e+01 1.090000000000000000e+02 1.110000000000000000e+02
3.000000000000000000e+00 4.000000000000000000e+00 5.000000000000000000e+00 5.888102347786907107e+07 5.766522535949686170e+07 7.196728713417387009e+07 7.196728536715233326e+07 4.575200009346008301e+01 1.350000000000000000e+02 1.370000000000000000e+02
4.000000000000000000e+00 4.000000000000000000e+00 0.000000000000000000e+00 5.770551213862870634e+07 5.700906210789507627e+07 7.291440267310708761e+07 7.284837396441385150e+07 2.485168457031250000e+01 8.700000000000000000e+01 8.900000000000000000e+01
5.000000000000000000e+00 4.000000000000000000e+00 0.000000000000000000e+00 5.858771479707969725e+07 5.763246161623150110e+07 7.242054642575599253e+07 7.225799910192587972e+07 1.659753608703613281e+01 5.500000000000000000e+01 5.700000000000000000e+01
5.000000000000000000e+00 4.000000000000000000e+00 5.000000000000000000e+00 5.858771479707969725e+07 5.763246161623150110e+07 7.459723248917835951e+07 7.459713103920583427e+07 8.012061214447021484e+01 2.440000000000000000e+02 2.460000000000000000e+02
6.000000000000000000e+00 4.000000000000000000e+00 0.000000000000000000e+00 5.890476439549399167e+07 5.825652522568044811e+07 7.317527559423176944e+07 7.318254333210474253e+07 3.715218400955200195e+01 1.410000000000000000e+02 1.430000000000000000e+02
6.000000000000000000e+00 4.000000000000000000e+00 5.000000000000000000e+00 5.890476439549399167e+07 5.825652522568044811e+07 7.417069737266990542e+07 7.417062901581536233e+07 1.151523623466491699e+02 3.690000000000000000e+02 3.710000000000000000e+02
7.000000000000000000e+00 4.000000000000000000e+00 0.000000000000000000e+00 5.983274730091127008e+07 5.914510404713935405e+07 7.339709456393246353e+07 7.341972305985093117e+07 1.601924753189086914e+01 5.800000000000000000e+01 6.000000000000000000e+01
7.000000000000000000e+00 4.000000000000000000e+00 5.000000000000000000e+00 5.983274730091127008e+07 5.914510404713935405e+07 7.343825166006118059e+07 7.343815361577442288e+07 4.744186043739318848e+01 1.590000000000000000e+02 1.610000000000000000e+02
8.000000000000000000e+00 4.000000000000000000e+00 0.000000000000000000e+00 6.203535843128188699e+07 6.147114773647623509e+07 7.415567070432364941e+07 7.390622059916442633e+07 5.688629198074340820e+01 1.880000000000000000e+02 1.900000000000000000e+02
8.000000000000000000e+00 4.000000000000000000e+00 5.000000000000000000e+00 6.203535843128188699e+07 6.147114773647623509e+07 7.417201837314745784e+07 7.417202214913603663e+07 7.514045023918151855e+01 2.130000000000000000e+02 2.150000000000000000e+02
9.000000000000000000e+00 4.000000000000000000e+00 0.000000000000000000e+00 6.053679892964009941e+07 6.023706567567910999e+07 7.191245229556795955e+07 7.192590237862218916e+07 3.302168631553649902e+01 1.120000000000000000e+02 1.140000000000000000e+02
9.000000000000000000e+00 4.000000000000000000e+00 5.000000000000000000e+00 6.053679892964009941e+07 6.023706567567910999e+07 7.192854206038123369e+07 7.192854086794050038e+07 9.346314191818237305e+00 2.800000000000000000e+01 3.000000000000000000e+01
1.000000000000000000e+01 4.000000000000000000e+00 0.000000000000000000e+00 6.354078745428315550e+07 6.302546558230500668e+07 7.307832170033513010e+07 7.296969403532560170e+07 1.759246349334716797e+01 6.100000000000000000e+01 6.300000000000000000e+01
1.000000000000000000e+01 4.000000000000000000e+00 5.000000000000000000e+00 6.354078745428315550e+07 6.302546558230500668e+07 7.313331851604562998e+07 7.313329431076180935e+07 6.908308887481689453e+01 2.130000000000000000e+02 2.150000000000000000e+02
1.100000000000000000e+01 4.000000000000000000e+00 0.000000000000000000e+00 6.426671641035673767e+07 6.367428587386908382e+07 7.401280982138948143e+07 7.405583488158437610e+07 2.812696552276611328e+01 7.700000000000000000e+01 7.900000000000000000e+01
1.100000000000000000e+01 4.000000000000000000e+00 5.000000000000000000e+00 6.426671641035673767e+07 6.367428587386908382e+07 7.403048462321369350e+07 7.403043066455614567e+07 2.956047081947326660e+01 8.900000000000000000e+01 9.100000000000000000e+01
1.200000000000000000e+01 4.000000000000000000e+00 0.000000000000000000e+00 6.191962625680556148e+07 6.095140904070936888e+07 7.349335308109322190e+07 7.331542987699723244e+07 1.471531653404235840e+01 5.500000000000000000e+01 5.700000000000000000e+01
1.200000000000000000e+01 4.000000000000000000e+00 5.000000000000000000e+00 6.191962625680556148e+07 6.095140904070936888e+07 7.364926030936205387e+07 7.364924914059203863e+07 1.498531076908111572e+02 4.910000000000000000e+02 4.930000000000000000e+02
1.300000000000000000e+01 4.000000000000000000e+00 0.000000000000000000e+00 6.234943543008296192e+07 6.157273648118555546e+07 7.250860456048321724e+07 7.259479385471943021e+07 2.783620357513427734e+01 9.800000000000000000e+01 1.000000000000000000e+02
1.300000000000000000e+01 4.000000000000000000e+00 5.000000000000000000e+00 6.234943543008296192e+07 6.157273648118555546e+07 7.252813758733803034e+07 7.252815719597704709e+07 1.317387294769287109e+01 3.900000000000000000e+01 4.100000000000000000e+01
1.400000000000000000e+01 4.000000000000000000e+00 0.000000000000000000e+00 5.909811352904681861e+07 5.844633964237026125e+07 7.304051874377505481e+07 7.304670217077365518e+07 1.050600318908691406e+02 2.780000000000000000e+02 2.800000000000000000e+02
1.400000000000000000e+01 4.000000000000000000e+00 5.000000000000000000e+00 5.909811352904681861e+07 5.844633964237026125e+07 7.307103135074403882e+07 7.307102981330236793e+07 1.665740895271301270e+01 5.200000000000000000e+01 5.400000000000000000e+01
1.500000000000000000e+01 4.000000000000000000e+00 0.000000000000000000e+00 6.018794725967570394e+07 5.953553352407184988e+07 7.276418733738717437e+07 7.276150982730829716e+07 5.357302546501159668e+01 1.810000000000000000e+02 1.830000000000000000e+02
1.500000000000000000e+01 4.000000000000000000e+00 5.000000000000000000e+00 6.018794725967570394e+07 5.953553352407184988e+07 7.279522518010486662e+07 7.279518316603414714e+07 5.874251651763916016e+01 1.880000000000000000e+02 1.900000000000000000e+02
1.600000000000000000e+01 4.000000000000000000e+00 0.000000000000000000e+00 6.078638526502799243e+07 6.018500332477575541e+07 7.341932519422824681e+07 7.343643544948926568e+07 1.967601490020751953e+01 6.100000000000000000e+01 6.300000000000000000e+01
1.600000000000000000e+01 4.000000000000000000e+00 5.000000000000000000e+00 6.078638526502799243e+07 6.018500332477575541e+07 7.361662908880355954e+07 7.361660958875024319e+07 4.371462917327880859e+01 1.360000000000000000e+02 1.380000000000000000e+02
1.700000000000000000e+01 4.000000000000000000e+00 0.000000000000000000e+00 5.424738664065643400e+07 5.327984317889624089e+07 7.145736516837202013e+07 7.137979169731234014e+07 6.282899713516235352e+01 2.150000000000000000e+02 2.170000000000000000e+02
1.700000000000000000e+01 4.000000000000000000e+00 5.000000000000000000e+00 5.424738664065643400e+07 5.327984317889624089e+07 7.149842568024691939e+07 7.149843416224044561e+07 1.169013309478759766e+01 4.000000000000000000e+01 4.200000000000000000e+01
1.800000000000000000e+01 4.000000000000000000e+00 0.000000000000000000e+00 5.892418152840270102e+07 5.847329018286450952e+07 7.211031563947598636e+07 7.200796020359705389e+07 2.480596303939819336e+01 8.400000000000000000e+01 8.600000000000000000e+01
1.800000000000000000e+01 4.000000000000000000e+00 5.000000000000000000e+00 5.892418152840270102e+07 5.847329018286450952e+07 7.217649627615347505e+07 7.217649724526290596e+07 6.707945823669433594e+01 2.000000000000000000e+02 2.020000000000000000e+02
1.900000000000000000e+01 4.000000000000000000e+00 0.000000000000000000e+00 6.020368056999032944e+07 5.958858275691977143e+07 7.224160716594018042e+07 7.231277131149888039e+07 2.669602322578430176e+01 8.500000000000000000e+01 8.700000000000000000e+01
1.900000000000000000e+01 4.000000000000000000e+00 5.000000000000000000e+00 6.020368056999032944e+07 5.958858275691977143e+07 7.238668316922648251e+07 7.238663353986662626e+07 1.510899271965026855e+02 4.260000000000000000e+02 4.280000000000000000e+02
2.000000000000000000e+01 4.000000000000000000e+00 0.000000000000000000e+00 6.261522278537081182e+07 6.212421428027561307e+07 7.549015008405181766e+07 7.553098318022073805e+07 3.204144201278686523e+02 6.260000000000000000e+02 6.280000000000000000e+02
2.000000000000000000e+01 4.000000000000000000e+00 5.000000000000000000e+00 6.261522278537081182e+07 6.212421428027561307e+07 7.552317374500623345e+07 7.552310834803451598e+07 9.006851196289062500e+00 2.500000000000000000e+01 2.700000000000000000e+01
2.100000000000000000e+01 4.000000000000000000e+00 0.000000000000000000e+00 6.100438863946863264e+07 6.032818656939243525e+07 7.216266639956146479e+07 7.223715275448426604e+07 4.894165897369384766e+01 1.500000000000000000e+02 1.520000000000000000e+02
2.100000000000000000e+01 4.000000000000000000e+00 5.000000000000000000e+00 6.100438863946863264e+07 6.032818656939243525e+07 7.224216238364556432e+07 7.224217149095569551e+07 9.940914511680603027e+01 2.210000000000000000e+02 2.230000000000000000e+02
2.200000000000000000e+01 4.000000000000000000e+00 0.000000000000000000e+00 6.164070979074623436e+07 6.082179194012711197e+07 7.452563766474156082e+07 7.454541011569432914e+07 3.045899820327758789e+01 8.800000000000000000e+01 9.000000000000000000e+01
2.200000000000000000e+01 4.000000000000000000e+00 5.000000000000000000e+00 6.164070979074623436e+07 6.082179194012711197e+07 7.454787710138392448e+07 7.454779703066919744e+07 1.284172749519348145e+01 3.900000000000000000e+01 4.100000000000000000e+01
2.300000000000000000e+01 4.000000000000000000e+00 0.000000000000000000e+00 6.060075804570861906e+07 5.998130779172364622e+07 7.356641313652108610e+07 7.365198547136257589e+07 4.032409691810607910e+01 1.280000000000000000e+02 1.300000000000000000e+02
2.300000000000000000e+01 4.000000000000000000e+00 5.000000000000000000e+00 6.060075804570861906e+07 5.998130779172364622e+07 7.375706259621952474e+07 7.375702930110576749e+07 6.391038084030151367e+01 1.820000000000000000e+02 1.840000000000000000e+02
2.400000000000000000e+01 4.000000000000000000e+00 0.000000000000000000e+00 6.316108534584662318e+07 6.262782125029805303e+07 7.196717081139108539e+07 7.183645374842384458e+07 2.866273422241210938e+02 8.640000000000000000e+02 8.660000000000000000e+02
2.400000000000000000e+01 4.000000000000000000e+00 5.000000000000000000e+00 6.316108534584662318e+07 6.262782125029805303e+07 7.261493015242968500e+07 7.261487991584286094e+07 7.425147056579589844e+01 2.250000000000000000e+02 2.270000000000000000e+02
2.500000000000000000e+01 4.000000000000000000e+00 0.000000000000000000e+00 6.137213614718772471e+07 6.044526245062573254e+07 7.470947131401991844e+07 7.473485662904191017e+07 6.277826595306396484e+01 2.200000000000000000e+02 2.220000000000000000e+02
2.500000000000000000e+01 4.000000000000000000e+00 5.000000000000000000e+00 6.137213614718772471e+07 6.044526245062573254e+07 7.473151719186291099e+07 7.473151752172125876e+07 5.821190357208251953e+01 1.730000000000000000e+02 1.750000000000000000e+02
2.600000000000000000e+01 4.000000000000000000e+00 0.000000000000000000e+00 6.241288317771627754e+07 6.194351463608165830e+07 7.315686282546201348e+07 7.329479856890688837e+07 1.948268294334411621e+01 6.300000000000000000e+01 6.500000000000000000e+01
2.600000000000000000e+01 4.000000000000000000e+00 5.000000000000000000e+00 6.241288317771627754e+07 6.194351463608165830e+07 7.317361865248668194e+07 7.317357112739901245e+07 6.284264349937438965e+01 2.020000000000000000e+02 2.040000000000000000e+02
2.700000000000000000e+01 4.000000000000000000e+00 0.000000000000000000e+00 6.450313998721392453e+07 6.380461522349083424e+07 7.120101188880763948e+07 7.111439486246022582e+07 2.288734769821166992e+01 7.000000000000000000e+01 7.200000000000000000e+01
2.700000000000000000e+01 4.000000000000000000e+00 5.000000000000000000e+00 6.450313998721392453e+07 6.380461522349083424e+07 7.198900341071297228e+07 7.198900478355014324e+07 7.367318201065063477e+01 1.930000000000000000e+02 1.950000000000000000e+02
2.800000000000000000e+01 4.000000000000000000e+00 0.000000000000000000e+00 6.091290519459364563e+07 5.948603022520282865e+07 7.160635553438985348e+07 7.146780678185218573e+07 2.552753782272338867e+01 9.300000000000000000e+01 9.500000000000000000e+01
2.800000000000000000e+01 4.000000000000000000e+00 5.000000000000000000e+00 6.091290519459364563e+07 5.948603022520282865e+07 7.161959755137170851e+07 7.161948115972061455e+07 3.179811310768127441e+01 1.030000000000000000e+02 1.050000000000000000e+02
2.900000000000000000e+01 4.000000000000000000e+00 0.000000000000000000e+00 5.455351738249110430e+07 5.387446346955618262e+07 7.298698430118681490e+07 7.294237870534898341e+07 3.339330816268920898e+01 1.240000000000000000e+02 1.260000000000000000e+02
2.900000000000000000e+01 4.000000000000000000e+00 5.000000000000000000e+00 5.455351738249110430e+07 5.387446346955618262e+07 7.300411208894562721e+07 7.300411059454007447e+07 3.875860118865966797e+01 1.190000000000000000e+02 1.210000000000000000e+02
3.000000000000000000e+01 4.000000000000000000e+00 0.000000000000000000e+00 6.038724695409312844e+07 5.962330415009731054e+07 7.368852655346469581e+07 7.376771630497026443e+07 3.605435156822204590e+01 1.310000000000000000e+02 1.330000000000000000e+02
3.000000000000000000e+01 4.000000000000000000e+00 5.000000000000000000e+00 6.038724695409312844e+07 5.962330415009731054e+07 7.371006117933914065e+07 7.371002708520141244e+07 4.506893658638000488e+01 1.490000000000000000e+02 1.510000000000000000e+02
3.100000000000000000e+01 4.000000000000000000e+00 0.000000000000000000e+00 6.560359206566321105e+07 6.522156771531261504e+07 7.354617126971456409e+07 7.354878836649520695e+07 1.552033400535583496e+01 4.900000000000000000e+01 5.100000000000000000e+01
3.100000000000000000e+01 4.000000000000000000e+00 5.000000000000000000e+00 6.560359206566321105e+07 6.522156771531261504e+07 7.356295881580533087e+07 7.356295836924682558e+07 3.226524019241333008e+01 1.040000000000000000e+02 1.060000000000000000e+02
3.200000000000000000e+01 4.000000000000000000e+00 0.000000000000000000e+00 5.782005958990720659e+07 5.692054721487214416e+07 7.303418372739563882e+07 7.305366066797630489e+07 1.642172932624816895e+01 6.100000000000000000e+01 6.300000000000000000e+01
3.200000000000000000e+01 4.000000000000000000e+00 5.000000000000000000e+00 5.782005958990720659e+07 5.692054721487214416e+07 7.304455281450487673e+07 7.304451657781431079e+07 3.482474493980407715e+01 1.120000000000000000e+02 1.140000000000000000e+02
3.300000000000000000e+01 4.000000000000000000e+00 0.000000000000000000e+00 5.904951329658342898e+07 5.819435647058261931e+07 7.161189730462677777e+07 7.147145321590083838e+07 6.340508317947387695e+01 2.190000000000000000e+02 2.210000000000000000e+02
3.300000000000000000e+01 4.000000000000000000e+00 5.000000000000000000e+00 5.904951329658342898e+07 5.819435647058261931e+07 7.209231552335330844e+07 7.209231665012678504e+07 5.321638488769531250e+01 1.620000000000000000e+02 1.640000000000000000e+02
3.400000000000000000e+01 4.000000000000000000e+00 0.000000000000000000e+00 5.844245423402835429e+07 5.783562255616938323e+07 7.337657815945032239e+07 7.334274791520786285e+07 4.064308357238769531e+01 1.270000000000000000e+02 1.290000000000000000e+02
3.400000000000000000e+01 4.000000000000000000e+00 5.000000000000000000e+00 5.844245423402835429e+07 5.783562255616938323e+07 7.340492588914045691e+07 7.340486125231918693e+07 3.111213898658752441e+01 7.600000000000000000e+01 7.800000000000000000e+01
3.500000000000000000e+01 4.000000000000000000e+00 0.000000000000000000e+00 5.942304551955692470e+07 5.899350534156421572e+07 7.531477187335750461e+07 7.542801146013334394e+07 7.338125753402709961e+01 2.700000000000000000e+02 2.720000000000000000e+02
3.500000000000000000e+01 4.000000000000000000e+00 5.000000000000000000e+00 5.942304551955692470e+07 5.899350534156421572e+07 7.532375536612856388e+07 7.532375475278432667e+07 1.032911729812622070e+01 3.200000000000000000e+01 3.400000000000000000e+01
3.600000000000000000e+01 4.000000000000000000e+00 0.000000000000000000e+00 6.060710748146677017e+07 5.983881345334701985e+07 7.335378436779806018e+07 7.333437016036695242e+07 2.714288544654846191e+02 7.750000000000000000e+02 7.770000000000000000e+02
3.600000000000000000e+01 4.000000000000000000e+00 5.000000000000000000e+00 6.060710748146677017e+07 5.983881345334701985e+07 7.337367639327907562e+07 7.337367085218776762e+07 6.759183239936828613e+01 1.870000000000000000e+02 1.890000000000000000e+02
3.700000000000000000e+01 4.000000000000000000e+00 0.000000000000000000e+00 6.139433365627985448e+07 6.092372837145363539e+07 7.481888755970968306e+07 7.470431521156632900e+07 8.331555461883544922e+01 2.950000000000000000e+02 2.970000000000000000e+02
3.700000000000000000e+01 4.000000000000000000e+00 5.000000000000000000e+00 6.139433365627985448e+07 6.092372837145363539e+07 7.484156831927879155e+07 7.484150811476987600e+07 8.216196393966674805e+01 2.360000000000000000e+02 2.380000000000000000e+02
3.800000000000000000e+01 4.000000000000000000e+00 0.000000000000000000e+00 6.070342111285011470e+07 6.010999766282223165e+07 7.341176047781887650e+07 7.339240072502821684e+07 3.674499058723449707e+01 1.380000000000000000e+02 1.400000000000000000e+02
3.800000000000000000e+01 4.000000000000000000e+00 5.000000000000000000e+00 6.070342111285011470e+07 6.010999766282223165e+07 7.482652667238771915e+07 7.482652734527529776e+07 5.954154300689697266e+01 1.980000000000000000e+02 2.000000000000000000e+02
3.900000000000000000e+01 4.000000000000000000e+00 0.000000000000000000e+00 6.269004675613684952e+07 6.195043605985548347e+07 7.129612315425466001e+07 7.127073035336768627e+07 3.541747617721557617e+01 1.250000000000000000e+02 1.270000000000000000e+02
3.900000000000000000e+01 4.000000000000000000e+00 5.000000000000000000e+00 6.269004675613684952e+07 6.195043605985548347e+07 7.486847149155758321e+07 7.486846892816385627e+07 2.500775623321533203e+01 7.400000000000000000e+01 7.600000000000000000e+01
4.000000000000000000e+01 4.000000000000000000e+00 0.000000000000000000e+00 5.897047900578472763e+07 5.805025029487956315e+07 7.259160693056480587e+07 7.271714041282883286e+07 1.455433654785156250e+01 5.500000000000000000e+01 5.700000000000000000e+01
4.000000000000000000e+01 4.000000000000000000e+00 5.000000000000000000e+00 5.897047900578472763e+07 5.805025029487956315e+07 7.264109186350060999e+07 7.264109496071484685e+07 7.900662899017333984e+00 2.700000000000000000e+01 2.900000000000000000e+01
4.100000000000000000e+01 4.000000000000000000e+00 0.000000000000000000e+00 5.979264495935542881e+07 5.918747586957772821e+07 7.237833411322522163e+07 7.236909344521752000e+07 4.484221522808074951e+02 1.378000000000000000e+03 1.380000000000000000e+03
4.100000000000000000e+01 4.000000000000000000e+00 5.000000000000000000e+00 5.979264495935542881e+07 5.918747586957772821e+07 7.239559681590627134e+07 7.239555843843491375e+07 5.845997285842895508e+01 1.930000000000000000e+02 1.950000000000000000e+02
4.200000000000000000e+01 4.000000000000000000e+00 0.000000000000000000e+00 5.551776496956668794e+07 5.489226197946988791e+07 7.311740775780156255e+07 7.299795059895236790e+07 2.508578848838806152e+01 8.800000000000000000e+01 9.000000000000000000e+01
4.200000000000000000e+01 4.000000000000000000e+00 5.000000000000000000e+00 5.551776496956668794e+07 5.489226197946988791e+07 7.356383622346404195e+07 7.356382741471806169e+07 6.050069737434387207e+01 1.860000000000000000e+02 1.880000000000000000e+02
4.300000000000000000e+01 4.000000000000000000e+00 0.000000000000000000e+00 6.273524986134980619e+07 6.188197724755191058e+07 7.178945234962542355e+07 7.165716165071123838e+07 1.379009001255035400e+02 4.450000000000000000e+02 4.470000000000000000e+02
4.300000000000000000e+01 4.000000000000000000e+00 5.000000000000000000e+00 6.273524986134980619e+07 6.188197724755191058e+07 7.182609739315293729e+07 7.182617610659895837e+07 6.711661386489868164e+01 2.030000000000000000e+02 2.050000000000000000e+02
4.400000000000000000e+01 4.000000000000000000e+00 0.000000000000000000e+00 6.401270615817700326e+07 6.357178394913107902e+07 7.340570537596032023e+07 7.334886675637488067e+07 8.798601484298706055e+01 3.100000000000000000e+02 3.120000000000000000e+02
4.400000000000000000e+01 4.000000000000000000e+00 5.000000000000000000e+00 6.401270615817700326e+07 6.357178394913107902e+07 7.342360251419143379e+07 7.342359460316130519e+07 1.379095697402954102e+01 4.300000000000000000e+01 4.500000000000000000e+01
4.500000000000000000e+01 4.000000000000000000e+00 0.000000000000000000e+00 5.975875120300907642e+07 5.893652593512649834e+07 7.395419064490923285e+07 7.399906917571581900e+07 1.735265398025512695e+01 5.900000000000000000e+01 6.100000000000000000e+01
4.500000000000000000e+01 4.000000000000000000e+00 5.000000000000000000e+00 5.975875120300907642e+07 5.893652593512649834e+07 7.423696538901852071e+07 7.423696833156666160e+07 3.163123464584350586e+01 9.800000000000000000e+01 1.000000000000000000e+02
4.600000000000000000e+01 4.000000000000000000e+00 0.000000000000000000e+00 6.081190893573434651e+07 6.016290080633140355e+07 7.354578181594957411e+07 7.345610199016386271e+07 2.816082763671875000e+01 9.600000000000000000e+01 9.800000000000000000e+01
4.600000000000000000e+01 4.000000000000000000e+00 5.000000000000000000e+00 6.081190893573434651e+07 6.016290080633140355e+07 7.356852920009119809e+07 7.356848632193659246e+07 3.645675516128540039e+01 1.100000000000000000e+02 1.120000000000000000e+02
4.700000000000000000e+01 4.000000000000000000e+00 0.000000000000000000e+00 5.773078421779282391e+07 5.709926063298324496e+07 7.291320628956352174e+07 7.303716831391261518e+07 5.608508181571960449e+01 1.970000000000000000e+02 1.990000000000000000e+02
4.700000000000000000e+01 4.000000000000000000e+00 5.000000000000000000e+00 5.773078421779282391e+07 5.709926063298324496e+07 7.294704532999520004e+07 7.294704438933707774e+07 2.507300066947937012e+01 8.100000000000000000e+01 8.300000000000000000e+01
4.800000000000000000e+01 4.000000000000000000e+00 0.000000000000000000e+00 5.771826388578802347e+07 5.689212347028760612e+07 7.273726645617520809e+07 7.268903893169157207e+07 4.449761390686035156e+01 1.560000000000000000e+02 1.580000000000000000e+02
4.800000000000000000e+01 4.000000000000000000e+00 5.000000000000000000e+00 5.771826388578802347e+07 5.689212347028760612e+07 7.340414492346218228e+07 7.340414466654701531e+07 7.584696817398071289e+01 2.400000000000000000e+02 2.420000000000000000e+02
4.900000000000000000e+01 4.000000000000000000e+00 0.000000000000000000e+00 6.512246635431027412e+07 6.449918332324159890e+07 7.259544992455571890e+07 7.250808198556886613e+07 4.790230965614318848e+01 1.560000000000000000e+02 1.580000000000000000e+02
4.900000000000000000e+01 4.000000000000000000e+00 5.000000000000000000e+00 6.512246635431027412e+07 6.449918332324159890e+07 7.261647519459880888e+07 7.261647404717916250e+07 2.035626006126403809e+01 6.200000000000000000e+01 6.400000000000000000e+01
5.000000000000000000e+01 4.000000000000000000e+00 0.000000000000000000e+00 5.843294773278604448e+07 5.773749695075684786e+07 7.183078682542033494e+07 7.168090110829593241e+07 2.859911775588989258e+01 9.800000000000000000e+01 1.000000000000000000e+02
5.000000000000000000e+01 4.000000000000000000e+00 5.000000000000000000e+00 5.843294773278604448e+07 5.773749695075684786e+07 7.234615303209277987e+07 7.234615523450671136e+07 3.204479265213012695e+01 9.900000000000000000e+01 1.010000000000000000e+02
5.100000000000000000e+01 4.000000000000000000e+00 0.000000000000000000e+00 5.643430615513541549e+07 5.567105781509856135e+07 7.263843693063664436e+07 7.264272002785225213e+07 3.051263833045959473e+01 1.120000000000000000e+02 1.140000000000000000e+02
5.100000000000000000e+01 4.000000000000000000e+00 5.000000000000000000e+00 5.643430615513541549e+07 5.567105781509856135e+07 7.328618691603282094e+07 7.328605175219228864e+07 5.237882900238037109e+01 1.680000000000000000e+02 1.700000000000000000e+02
5.200000000000000000e+01 4.000000000000000000e+00 0.000000000000000000e+00 5.998486026880765706e+07 5.957898572746047378e+07 7.563276620261840522e+07 7.549195599208563566e+07 5.033676958084106445e+01 1.800000000000000000e+02 1.820000000000000000e+02
5.200000000000000000e+01 4.000000000000000000e+00 5.000000000000000000e+00 5.998486026880765706e+07 5.957898572746047378e+07 7.564375056747505069e+07 7.564374529672895372e+07 2.770561861991882324e+01 8.400000000000000000e+01 8.600000000000000000e+01
5.300000000000000000e+01 4.000000000000000000e+00 0.000000000000000000e+00 6.218267955482602119e+07 6.155886899866400659e+07 7.471222793394251168e+07 7.483296225415836275e+07 3.550124812126159668e+01 1.190000000000000000e+02 1.210000000000000000e+02
5.300000000000000000e+01 4.000000000000000000e+00 5.000000000000000000e+00 6.218267955482602119e+07 6.155886899866400659e+07 7.477168457074539363e+07 7.477164110610190034e+07 1.450781774520874023e+01 4.600000000000000000e+01 4.800000000000000000e+01
5.400000000000000000e+01 4.000000000000000000e+00 0.000000000000000000e+00 6.405843223079944402e+07 6.339236383585076779e+07 7.306867588361445069e+07 7.292923157630567253e+07 1.202198505401611328e+01 4.300000000000000000e+01 4.500000000000000000e+01
5.400000000000000000e+01 4.000000000000000000e+00 5.000000000000000000e+00 6.405843223079944402e+07 6.339236383585076779e+07 7.309563992955203354e+07 7.309559162440271676e+07 6.558497953414916992e+01 2.100000000000000000e+02 2.120000000000000000e+02
5.500000000000000000e+01 4.000000000000000000e+00 0.000000000000000000e+00 6.309028326903458685e+07 6.246950989728830755e+07 7.200864699724794924e+07 7.186131753413841128e+07 1.506832623481750488e+01 5.400000000000000000e+01 5.600000000000000000e+01
5.500000000000000000e+01 4.000000000000000000e+00 5.000000000000000000e+00 6.309028326903458685e+07 6.246950989728830755e+07 7.209469805645938218e+07 7.209469467706444860e+07 9.895681738853454590e+01 3.190000000000000000e+02 3.210000000000000000e+02
5.600000000000000000e+01 4.000000000000000000e+00 0.000000000000000000e+00 6.390322626300057769e+07 6.346882498629909009e+07 7.205561014894244075e+07 7.203291208308650553e+07 1.947111368179321289e+01 7.500000000000000000e+01 7.700000000000000000e+01
5.600000000000000000e+01 4.000000000000000000e+00 5.000000000000000000e+00 6.390322626300057769e+07 6.346882498629909009e+07 7.210246980746303499e+07 7.210246706423850358e+07 3.741469955444335938e+01 1.210000000000000000e+02 1.230000000000000000e+02
5.700000000000000000e+01 4.000000000000000000e+00 0.000000000000000000e+00 6.123700053096023947e+07 6.074846598010336608e+07 7.350855116574946046e+07 7.348869889605033398e+07 3.429678242206573486e+02 1.060000000000000000e+03 1.062000000000000000e+03
5.700000000000000000e+01 4.000000000000000000e+00 5.000000000000000000e+00 6.123700053096023947e+07 6.074846598010336608e+07 7.351779351419942081e+07 7.351779384619979560e+07 1.478534030914306641e+01 3.900000000000000000e+01 4.100000000000000000e+01
5.800000000000000000e+01 4.000000000000000000e+00 0.000000000000000000e+00 5.963009979188396782e+07 5.912446463431512564e+07 7.169905933868612349e+07 7.174741943501625955e+07 4.234543585777282715e+01 1.500000000000000000e+02 1.520000000000000000e+02
5.800000000000000000e+01 4.000000000000000000e+00 5.000000000000000000e+00 5.963009979188396782e+07 5.912446463431512564e+07 7.176815859018555284e+07 7.176817694618877769e+07 5.983959698677062988e+01 1.860000000000000000e+02 1.880000000000000000e+02
5.900000000000000000e+01 4.000000000000000000e+00 0.000000000000000000e+00 6.120854980940781534e+07 6.057090115449057519e+07 6.888687556700697541e+07 6.880196286565005779e+07 6.365308928489685059e+01 2.230000000000000000e+02 2.250000000000000000e+02
5.900000000000000000e+01 4.000000000000000000e+00 5.000000000000000000e+00 6.120854980940781534e+07 6.057090115449057519e+07 6.895093200703178346e+07 6.895093183516526222e+07 4.281870412826538086e+01 1.420000000000000000e+02 1.440000000000000000e+02
6.000000000000000000e+01 4.000000000000000000e+00 0.000000000000000000e+00 6.100003484188862145e+07 6.048497182809091359e+07 7.313602581117284298e+07 7.295620331597062945e+07 2.247525715827941895e+01 7.800000000000000000e+01 8.000000000000000000e+01
6.000000000000000000e+01 4.000000000000000000e+00 5.000000000000000000e+00 6.100003484188862145e+07 6.048497182809091359e+07 7.321590699326413870e+07 7.321588127838939428e+07 5.603979563713073730e+01 1.610000000000000000e+02 1.630000000000000000e+02
6.100000000000000000e+01 4.000000000000000000e+00 0.000000000000000000e+00 6.218521784915352613e+07 6.172618389379357547e+07 7.318019975496166945e+07 7.318168932168003917e+07 1.682279443740844727e+01 5.500000000000000000e+01 5.700000000000000000e+01
6.100000000000000000e+01 4.000000000000000000e+00 5.000000000000000000e+00 6.218521784915352613e+07 6.172618389379357547e+07 7.437088375801731646e+07 7.437083957028886676e+07 8.640502071380615234e+01 2.520000000000000000e+02 2.540000000000000000e+02
6.200000000000000000e+01 4.000000000000000000e+00 0.000000000000000000e+00 6.324142547386474162e+07 6.271993765132744610e+07 7.331409847304505110e+07 7.336575520364111662e+07 2.213071305751800537e+02 6.740000000000000000e+02 6.760000000000000000e+02
6.200000000000000000e+01 4.000000000000000000e+00 5.000000000000000000e+00 6.324142547386474162e+07 6.271993765132744610e+07 7.333548920445123315e+07 7.333537952781109512e+07 1.093420565128326416e+02 2.680000000000000000e+02 2.700000000000000000e+02
6.300000000000000000e+01 4.000000000000000000e+00 0.000000000000000000e+00 6.026148328541967273e+07 5.975901129067439586e+07 7.032062062266673148e+07 6.999549599454259872e+07 3.232691955566406250e+01 1.170000000000000000e+02 1.190000000000000000e+02
6.300000000000000000e+01 4.000000000000000000e+00 5.000000000000000000e+00 6.026148328541967273e+07 5.975901129067439586e+07 7.046193570246194303e+07 7.046187411877454817e+07 4.263634896278381348e+01 1.430000000000000000e+02 1.450000000000000000e+02
6.400000000000000000e+01 4.000000000000000000e+00 0.000000000000000000e+00 6.147874300320659578e+07 6.071507958946260810e+07 7.240575576285423338e+07 7.242212120626515150e+07 1.360459756851196289e+01 4.500000000000000000e+01 4.700000000000000000e+01
6.400000000000000000e+01 4.000000000000000000e+00 5.000000000000000000e+00 6.147874300320659578e+07 6.071507958946260810e+07 7.408018068735928833e+07 7.408017417217199504e+07 4.584122300148010254e+01 1.420000000000000000e+02 1.440000000000000000e+02
6.500000000000000000e+01 4.000000000000000000e+00 0.000000000000000000e+00 5.778684766884858161e+07 5.698302714269941300e+07 7.296847178395850956e+07 7.297721943042173982e+07 3.729366278648376465e+01 1.270000000000000000e+02 1.290000000000000000e+02
6.500000000000000000e+01 4.000000000000000000e+00 5.000000000000000000e+00 5.778684766884858161e+07 5.698302714269941300e+07 7.298303675075471401e+07 7.298299766855293512e+07 1.136424064636230469e+01 3.700000000000000000e+01 3.900000000000000000e+01
6.600000000000000000e+01 4.000000000000000000e+00 0.000000000000000000e+00 5.439043156967999786e+07 5.344094388755353540e+07 7.252637074380604923e+07 7.262030106291082501e+07 3.709942507743835449e+01 1.250000000000000000e+02 1.270000000000000000e+02
6.600000000000000000e+01 4.000000000000000000e+00 5.000000000000000000e+00 5.439043156967999786e+07 5.344094388755353540e+07 7.256850800900046527e+07 7.256849953961957991e+07 2.898513460159301758e+01 9.800000000000000000e+01 1.000000000000000000e+02
6.700000000000000000e+01 4.000000000000000000e+00 0.000000000000000000e+00 6.330855880404267460e+07 6.261651090209331363e+07 7.253263104631517828e+07 7.246915766085198522e+07 2.499211502075195312e+01 8.500000000000000000e+01 8.700000000000000000e+01
6.700000000000000000e+01 4.000000000000000000e+00 5.000000000000000000e+00 6.330855880404267460e+07 6.261651090209331363e+07 7.255921113662914932e+07 7.255919276405759156e+07 4.636469936370849609e+01 1.540000000000000000e+02 1.560000000000000000e+02
6.800000000000000000e+01 4.000000000000000000e+00 0.000000000000000000e+00 5.503562208061127365e+07 5.447940217943848670e+07 7.225300977437488735e+07 7.210761753235314786e+07 3.561377835273742676e+01 1.240000000000000000e+02 1.260000000000000000e+02
6.800000000000000000e+01 4.000000000000000000e+00 5.000000000000000000e+00 5.503562208061127365e+07 5.447940217943848670e+07 7.236684793082003295e+07 7.236683387976697087e+07 3.917816710472106934e+01 1.260000000000000000e+02 1.280000000000000000e+02
6.900000000000000000e+01 4.000000000000000000e+00 0.000000000000000000e+00 6.184495710293764621e+07 6.125332060595123470e+07 7.168609164640671015e+07 7.151976020826348662e+07 6.480914473533630371e+01 2.300000000000000000e+02 2.320000000000000000e+02
6.900000000000000000e+01 4.000000000000000000e+00 5.000000000000000000e+00 6.184495710293764621e+07 6.125332060595123470e+07 7.173879232638384402e+07 7.173879275453282893e+07 4.386366438865661621e+01 1.450000000000000000e+02 1.470000000000000000e+02
7.000000000000000000e+01 4.000000000000000000e+00 0.000000000000000000e+00 6.026709713033115119e+07 5.950916418294616789e+07 7.066820876518478990e+07 7.055049109922839701e+07 1.467436890602111816e+02 5.040000000000000000e+02 5.060000000000000000e+02
7.000000000000000000e+01 4.000000000000000000e+00 5.000000000000000000e+00 6.026709713033115119e+07 5.950916418294616789e+07 7.074439005290313065e+07 7.074437569954885542e+07 7.310090732574462891e+01 2.260000000000000000e+02 2.280000000000000000e+02
7.100000000000000000e+01 4.000000000000000000e+00 0.000000000000000000e+00 6.030444119502778351e+07 5.959907360247409344e+07 7.205035738273696601e+07 7.210887954173825681e+07 3.753843855857849121e+01 1.350000000000000000e+02 1.370000000000000000e+02
7.100000000000000000e+01 4.000000000000000000e+00 5.000000000000000000e+00 6.030444119502778351e+07 5.959907360247409344e+07 7.260576405610272288e+07 7.260576443248887360e+07 9.288343453407287598e+01 2.700000000000000000e+02 2.720000000000000000e+02
7.200000000000000000e+01 4.000000000000000000e+00 0.000000000000000000e+00 6.176833270306767523e+07 6.117466281783079356e+07 7.481671065157975256e+07 7.492242307295301557e+07 1.858151674270629883e+01 6.800000000000000000e+01 7.000000000000000000e+01
7.200000000000000000e+01 4.000000000000000000e+00 5.000000000000000000e+00 6.176833270306767523e+07 6.117466281783079356e+07 7.482837156163403392e+07 7.482836454359409213e+07 9.174725055694580078e+00 2.900000000000000000e+01 3.100000000000000000e+01
7.300000000000000000e+01 4.000000000000000000e+00 0.000000000000000000e+00 6.330450528217460960e+07 6.280399901616193354e+07 7.332171424117507041e+07 7.332315170737788081e+07 3.627311444282531738e+01 1.290000000000000000e+02 1.310000000000000000e+02
7.300000000000000000e+01 4.000000000000000000e+00 5.000000000000000000e+00 6.330450528217460960e+07 6.280399901616193354e+07 7.334777606887790561e+07 7.334777712202762067e+07 4.547919893264770508e+01 1.490000000000000000e+02 1.510000000000000000e+02
7.400000000000000000e+01 4.000000000000000000e+00 0.000000000000000000e+00 6.217062176064472646e+07 6.147246964755734056e+07 7.498603788531744480e+07 7.496642481945931911e+07 4.199759840965270996e+01 1.540000000000000000e+02 1.560000000000000000e+02
7.400000000000000000e+01 4.000000000000000000e+00 5.000000000000000000e+00 6.217062176064472646e+07 6.147246964755734056e+07 7.499271426365981996e+07 7.499240684438927472e+07 1.422818875312805176e+01 4.600000000000000000e+01 4.800000000000000000e+01
7.500000000000000000e+01 4.000000000000000000e+00 0.000000000000000000e+00 5.889280651055377722e+07 5.797602363875391334e+07 7.264252980879279971e+07 7.256655086449983716e+07 3.611184716224670410e+01 1.330000000000000000e+02 1.350000000000000000e+02
7.500000000000000000e+01 4.000000000000000000e+00 5.000000000000000000e+00 5.889280651055377722e+07 5.797602363875391334e+07 7.266307261447279155e+07 7.266306956583742797e+07 2.517447781562805176e+01 8.200000000000000000e+01 8.400000000000000000e+01
7.600000000000000000e+01 4.000000000000000000e+00 0.000000000000000000e+00 5.445940203973063827e+07 5.366067802963660657e+07 7.122312921746605635e+07 7.108265416648256779e+07 4.925617575645446777e+01 1.810000000000000000e+02 1.830000000000000000e+02
7.600000000000000000e+01 4.000000000000000000e+00 5.000000000000000000e+00 5.445940203973063827e+07 5.366067802963660657e+07 7.131103211303202808e+07 7.131103024733994901e+07 1.707419061660766602e+01 5.100000000000000000e+01 5.300000000000000000e+01
7.700000000000000000e+01 4.000000000000000000e+00 0.000000000000000000e+00 6.393197026941871643e+07 6.302892251308601350e+07 7.221071064919438958e+07 7.218767983219002187e+07 5.243266892433166504e+01 1.960000000000000000e+02 1.980000000000000000e+02
7.700000000000000000e+01 4.000000000000000000e+00 5.000000000000000000e+00 6.393197026941871643e+07 6.302892251308601350e+07 7.235191780465956032e+07 7.235191663432705402e+07 7.205272293090820312e+01 2.320000000000000000e+02 2.340000000000000000e+02
7.800000000000000000e+01 4.000000000000000000e+00 0.000000000000000000e+00 6.481671321906396747e+07 6.441561411160422862e+07 7.469081203338086605e+07 7.463967165486289561e+07 2.795794057846069336e+01 1.020000000000000000e+02 1.040000000000000000e+02
7.800000000000000000e+01 4.000000000000000000e+00 5.000000000000000000e+00 6.481671321906396747e+07 6.441561411160422862e+07 7.471250562538455427e+07 7.471249141226121783e+07 8.291669368743896484e+00 2.600000000000000000e+01 2.800000000000000000e+01
7.900000000000000000e+01 4.000000000000000000e+00 0.000000000000000000e+00 5.603829880267407745e+07 5.531005155856191367e+07 7.263994015193873644e+07 7.256447923989348114e+07 1.690114314556121826e+02 5.380000000000000000e+02 5.400000000000000000e+02
7.900000000000000000e+01 4.000000000000000000e+00 5.000000000000000000e+00 5.603829880267407745e+07 5.531005155856191367e+07 7.343751410819502175e+07 7.343751978159022331e+07 3.077083277702331543e+01 8.500000000000000000e+01 8.700000000000000000e+01
8.000000000000000000e+01 4.000000000000000000e+00 0.000000000000000000e+00 5.818634288832888752e+07 5.736158029812939465e+07 7.288075753140044212e+07 7.297047545112852752e+07 2.340280294418334961e+01 8.100000000000000000e+01 8.300000000000000000e+01
8.000000000000000000e+01 4.000000000000000000e+00 5.000000000000000000e+00 5.818634288832888752e+07 5.736158029812939465e+07 7.347859712975099683e+07 7.347818433341258764e+07 2.354966425895690918e+01 7.200000000000000000e+01 7.400000000000000000e+01
8.100000000000000000e+01 4.000000000000000000e+00 0.000000000000000000e+00 6.119670006464762986e+07 6.072069204959887266e+07 7.418599900656980276e+07 7.423856906584911048e+07 3.878646016120910645e+01 1.360000000000000000e+02 1.380000000000000000e+02
8.100000000000000000e+01 4.000000000000000000e+00 5.000000000000000000e+00 6.119670006464762986e+07 6.072069204959887266e+07 7.431890670265375078e+07 7.431888882575604320e+07 1.180166904926300049e+02 3.400000000000000000e+02 3.420000000000000000e+02
8.200000000000000000e+01 4.000000000000000000e+00 0.000000000000000000e+00 6.500074163170489669e+07 6.434930100441028923e+07 7.291075849118925631e+07 7.282458105151805282e+07 2.141957235336303711e+01 7.600000000000000000e+01 7.800000000000000000e+01
8.200000000000000000e+01 4.000000000000000000e+00 5.000000000000000000e+00 6.500074163170489669e+07 6.434930100441028923e+07 7.301910685072217882e+07 7.301909986817514896e+07 1.450112724304199219e+01 4.600000000000000000e+01 4.800000000000000000e+01
8.300000000000000000e+01 4.000000000000000000e+00 0.000000000000000000e+00 6.094591776372323185e+07 6.025045547802308947e+07 7.428907445556521416e+07 7.429144281656995416e+07 1.468933081626892090e+01 4.900000000000000000e+01 5.100000000000000000e+01
8.300000000000000000e+01 4.000000000000000000e+00 5.000000000000000000e+00 6.094591776372323185e+07 6.025045547802308947e+07 7.431205709779381752e+07 7.431199486160089076e+07 3.961844778060913086e+01 1.290000000000000000e+02 1.310000000000000000e+02
8.400000000000000000e+01 4.000000000000000000e+00 0.000000000000000000e+00 6.068510193025272340e+07 6.008932579888618737e+07 7.319590590165646374e+07 7.326085073548112810e+07 4.819062638282775879e+01 1.640000000000000000e+02 1.660000000000000000e+02
8.400000000000000000e+01 4.000000000000000000e+00 5.000000000000000000e+00 6.068510193025272340e+07 6.008932579888618737e+07 7.323757850942759216e+07 7.323756831801538169e+07 1.377025568485260010e+02 4.260000000000000000e+02 4.280000000000000000e+02
8.500000000000000000e+01 4.000000000000000000e+00 0.000000000000000000e+00 6.210903623665902764e+07 6.142959125468333066e+07 7.348014837453685701e+07 7.344655977237500250e+07 2.143854212760925293e+01 7.200000000000000000e+01 7.400000000000000000e+01
8.500000000000000000e+01 4.000000000000000000e+00 5.000000000000000000e+00 6.210903623665902764e+07 6.142959125468333066e+07 7.350432673196800053e+07 7.350429142152036726e+07 9.379202365875244141e+00 2.900000000000000000e+01 3.100000000000000000e+01
8.600000000000000000e+01 4.000000000000000000e+00 0.000000000000000000e+00 5.401518714168013632e+07 5.317427372400953621e+07 7.381204864245991409e+07 7.371669334416970611e+07 1.754308009147644043e+01 6.200000000000000000e+01 6.400000000000000000e+01
8.600000000000000000e+01 4.000000000000000000e+00 5.000000000000000000e+00 5.401518714168013632e+07 5.317427372400953621e+07 7.384562362922357023e+07 7.384556991130347550e+07 4.901794862747192383e+01 1.590000000000000000e+02 1.610000000000000000e+02
8.700000000000000000e+01 4.000000000000000000e+00 0.000000000000000000e+00 5.795675810618241876e+07 5.749656806921039522e+07 7.140040216718791425e+07 7.117211457774856687e+07 2.985949659347534180e+01 1.110000000000000000e+02 1.130000000000000000e+02
8.700000000000000000e+01 4.000000000000000000e+00 5.000000000000000000e+00 5.795675810618241876e+07 5.749656806921039522e+07 7.424486029662743211e+07 7.424486041987559199e+07 4.971115612983703613e+01 1.570000000000000000e+02 1.590000000000000000e+02
8.800000000000000000e+01 4.000000000000000000e+00 0.000000000000000000e+00 6.023569081341540813e+07 5.945488549838610739e+07 7.364132419041992724e+07 7.377690817515769601e+07 6.493494963645935059e+01 2.470000000000000000e+02 2.490000000000000000e+02
8.800000000000000000e+01 4.000000000000000000e+00 5.000000000000000000e+00 6.023569081341540813e+07 5.945488549838610739e+07 7.407045822020855546e+07 7.407045905272267759e+07 3.179598712921142578e+01 9.000000000000000000e+01 9.200000000000000000e+01
8.900000000000000000e+01 4.000000000000000000e+00 0.000000000000000000e+00 5.377718010332882404e+07 5.314871739676457644e+07 7.178015347860418260e+07 7.167825639854177833e+07 5.168700098991394043e+01 1.850000000000000000e+02 1.870000000000000000e+02
8.900000000000000000e+01 4.000000000000000000e+00 5.000000000000000000e+00 5.377718010332882404e+07 5.314871739676457644e+07 7.179258091329753399e+07 7.179258292357823253e+07 7.675955128669738770e+01 2.500000000000000000e+02 2.520000000000000000e+02
9.000000000000000000e+01 4.000000000000000000e+00 0.000000000000000000e+00 5.766763910320049524e+07 5.711756954281526804e+07 7.362644728877718747e+07 7.359973099427786469e+07 3.107853639125823975e+02 9.290000000000000000e+02 9.310000000000000000e+02
9.000000000000000000e+01 4.000000000000000000e+00 5.000000000000000000e+00 5.766763910320049524e+07 5.711756954281526804e+07 7.413823740599370003e+07 7.413818974457396567e+07 2.772052669525146484e+01 8.800000000000000000e+01 9.000000000000000000e+01
9.100000000000000000e+01 4.000000000000000000e+00 0.000000000000000000e+00 6.011899715009465814e+07 5.923753860018133372e+07 7.217478753225004673e+07 7.210474448889116943e+07 2.307260489463806152e+01 7.800000000000000000e+01 8.000000000000000000e+01
9.100000000000000000e+01 4.000000000000000000e+00 5.000000000000000000e+00 6.011899715009465814e+07 5.923753860018133372e+07 7.220347761642897129e+07 7.220347669429831207e+07 2.747255802154541016e+01 8.600000000000000000e+01 8.800000000000000000e+01
9.200000000000000000e+01 4.000000000000000000e+00 0.000000000000000000e+00 5.661786709746715426e+07 5.574094411916839331e+07 7.256241672345088422e+07 7.249803659073777497e+07 3.440573334693908691e+01 1.180000000000000000e+02 1.200000000000000000e+02
9.200000000000000000e+01 4.000000000000000000e+00 5.000000000000000000e+00 5.661786709746715426e+07 5.574094411916839331e+07 7.257828188321316242e+07 7.257827533972866833e+07 2.414270687103271484e+01 7.500000000000000000e+01 7.700000000000000000e+01
9.300000000000000000e+01 4.000000000000000000e+00 0.000000000000000000e+00 6.134889430736178905e+07 6.080406236756227911e+07 7.425433263848522305e+07 7.426881111019469798e+07 2.676889085769653320e+01 9.600000000000000000e+01 9.800000000000000000e+01
9.300000000000000000e+01 4.000000000000000000e+00 5.000000000000000000e+00 6.134889430736178905e+07 6.080406236756227911e+07 7.433319844689498842e+07 7.433318845004872978e+07 3.857719898223876953e+01 1.300000000000000000e+02 1.320000000000000000e+02
9.400000000000000000e+01 4.000000000000000000e+00 0.000000000000000000e+00 6.101598898220969737e+07 6.050823324160549790e+07 7.164813570009918511e+07 7.164723255038762093e+07 3.586281824111938477e+01 1.230000000000000000e+02 1.250000000000000000e+02
9.400000000000000000e+01 4.000000000000000000e+00 5.000000000000000000e+00 6.101598898220969737e+07 6.050823324160549790e+07 7.167447117327202857e+07 7.167447310817527771e+07 2.297672557830810547e+01 7.500000000000000000e+01 7.700000000000000000e+01
9.500000000000000000e+01 4.000000000000000000e+00 0.000000000000000000e+00 5.549685812719262391e+07 5.480852060784705728e+07 7.266310829580999911e+07 7.267096278419275582e+07 6.782097721099853516e+01 2.480000000000000000e+02 2.500000000000000000e+02
9.500000000000000000e+01 4.000000000000000000e+00 5.000000000000000000e+00 5.549685812719262391e+07 5.480852060784705728e+07 7.269967765452365577e+07 7.269964667035041749e+07 5.101847171783447266e+01 1.720000000000000000e+02 1.740000000000000000e+02
9.600000000000000000e+01 4.000000000000000000e+00 0.000000000000000000e+00 6.371180966291213781e+07 6.331617812157517672e+07 7.291222140794582665e+07 7.279514698771446943e+07 1.523149347305297852e+01 5.200000000000000000e+01 5.400000000000000000e+01
9.600000000000000000e+01 4.000000000000000000e+00 5.000000000000000000e+00 6.371180966291213781e+07 6.331617812157517672e+07 7.328794984132108092e+07 7.328789914294517040e+07 4.636386656761169434e+01 1.420000000000000000e+02 1.440000000000000000e+02
9.700000000000000000e+01 4.000000000000000000e+00 0.000000000000000000e+00 6.143734919745214283e+07 6.072828093705970794e+07 7.230211077873113751e+07 7.226919600633290410e+07 1.249497961997985840e+01 4.100000000000000000e+01 4.300000000000000000e+01
9.700000000000000000e+01 4.000000000000000000e+00 5.000000000000000000e+00 6.143734919745214283e+07 6.072828093705970794e+07 7.236265292592917383e+07 7.236262536462339759e+07 3.025138163566589355e+01 9.700000000000000000e+01 9.900000000000000000e+01
9.800000000000000000e+01 4.000000000000000000e+00 0.000000000000000000e+00 6.597083100032273680e+07 6.546286247250667959e+07 7.385170337984222174e+07 7.385827477221299708e+07 2.488302922248840332e+01 8.800000000000000000e+01 9.000000000000000000e+01
9.800000000000000000e+01 4.000000000000000000e+00 5.000000000000000000e+00 6.597083100032273680e+07 6.546286247250667959e+07 7.387510838658058643e+07 7.387510815840730071e+07 1.125389027595520020e+01 3.500000000000000000e+01 3.700000000000000000e+01
9.900000000000000000e+01 4.000000000000000000e+00 0.000000000000000000e+00 5.941991011578571051e+07 5.894385692524835467e+07 7.311071171782837808e+07 7.315976822356636822e+07 4.017088198661804199e+01 1.410000000000000000e+02 1.430000000000000000e+02
9.900000000000000000e+01 4.000000000000000000e+00 5.000000000000000000e+00 5.941991011578571051e+07 5.894385692524835467e+07 7.311675944298653305e+07 7.311675714461885393e+07 2.372299075126647949e+01 7.900000000000000000e+01 8.100000000000000000e+01
1.000000000000000000e+02 4.000000000000000000e+00 0.000000000000000000e+00 6.305323197689359635e+07 6.253302828384359926e+07 7.327721036783245206e+07 7.334103847969883680e+07 1.196861674785614014e+02 4.160000000000000000e+02 4.180000000000000000e+02
1.000000000000000000e+02 4.000000000000000000e+00 5.000000000000000000e+00 6.305323197689359635e+07 6.253302828384359926e+07 7.379239766499266028e+07 7.379239671160611510e+07 1.662859711647033691e+02 5.050000000000000000e+02 5.070000000000000000e+02
1.010000000000000000e+02 4.000000000000000000e+00 0.000000000000000000e+00 6.384287548967816681e+07 6.321178277106469870e+07 7.477978817813917994e+07 7.479068810443358123e+07 3.242657804489135742e+01 1.120000000000000000e+02 1.140000000000000000e+02
1.010000000000000000e+02 4.000000000000000000e+00 5.000000000000000000e+00 6.384287548967816681e+07 6.321178277106469870e+07 7.480032898151662946e+07 7.480019254501701891e+07 2.499828076362609863e+01 8.700000000000000000e+01 8.900000000000000000e+01
1.020000000000000000e+02 4.000000000000000000e+00 0.000000000000000000e+00 5.925933151531855762e+07 5.867145654838729650e+07 7.107497314638620615e+07 7.098222288957363367e+07 1.241134333610534668e+01 4.300000000000000000e+01 4.500000000000000000e+01
1.020000000000000000e+02 4.000000000000000000e+00 5.000000000000000000e+00 5.925933151531855762e+07 5.867145654838729650e+07 7.165548757194827497e+07 7.165548798886649311e+07 6.944432210922241211e+01 2.180000000000000000e+02 2.200000000000000000e+02
1.030000000000000000e+02 4.000000000000000000e+00 0.000000000000000000e+00 6.345202450664469600e+07 6.293777739583511651e+07 7.277124229508486390e+07 7.273033772338677943e+07 1.768892860412597656e+01 5.900000000000000000e+01 6.100000000000000000e+01
1.030000000000000000e+02 4.000000000000000000e+00 5.000000000000000000e+00 6.345202450664469600e+07 6.293777739583511651e+07 7.280210768410994112e+07 7.280216846650540829e+07 7.844765710830688477e+01 2.570000000000000000e+02 2.590000000000000000e+02
1.040000000000000000e+02 4.000000000000000000e+00 0.000000000000000000e+00 5.924355861933446676e+07 5.866541457157246768e+07 7.305131045890554786e+07 7.306447002103687823e+07 2.106713342666625977e+01 7.000000000000000000e+01 7.200000000000000000e+01
1.040000000000000000e+02 4.000000000000000000e+00 5.000000000000000000e+00 5.924355861933446676e+07 5.866541457157246768e+07 7.310444819914649427e+07 7.310443428937256336e+07 2.834196805953979492e+01 8.400000000000000000e+01 8.600000000000000000e+01
1.050000000000000000e+02 4.000000000000000000e+00 0.000000000000000000e+00 6.005420342091913521e+07 5.944404437162876874e+07 7.440832182974001765e+07 7.453229207248345017e+07 2.977581954002380371e+01 1.080000000000000000e+02 1.100000000000000000e+02
1.050000000000000000e+02 4.000000000000000000e+00 5.000000000000000000e+00 6.005420342091913521e+07 5.944404437162876874e+07 7.533785789867524803e+07 7.533760346577750146e+07 2.545356154441833496e+01 8.100000000000000000e+01 8.300000000000000000e+01
1.060000000000000000e+02 4.000000000000000000e+00 0.000000000000000000e+00 6.088462540185673535e+07 5.998389359609552473e+07 7.231252609677387774e+07 7.208627315139916539e+07 1.897225739955902100e+02 5.860000000000000000e+02 5.880000000000000000e+02
1.060000000000000000e+02 4.000000000000000000e+00 5.000000000000000000e+00 6.088462540185673535e+07 5.998389359609552473e+07 7.294677292910343409e+07 7.294677646909449995e+07 1.120504376888275146e+02 2.630000000000000000e+02 2.650000000000000000e+02
1.070000000000000000e+02 4.000000000000000000e+00 0.000000000000000000e+00 6.039107614042709768e+07 5.980325533298961818e+07 7.445778848119826615e+07 7.439904706248596311e+07 2.220941662788391113e+01 7.500000000000000000e+01 7.700000000000000000e+01
1.070000000000000000e+02 4.000000000000000000e+00 5.000000000000000000e+00 6.039107614042709768e+07 5.980325533298961818e+07 7.446761364172574878e+07 7.446761628817954659e+07 3.197479867935180664e+01 1.020000000000000000e+02 1.040000000000000000e+02
1.080000000000000000e+02 4.000000000000000000e+00 0.000000000000000000e+00 6.114714765089245886e+07 6.071772145011407137e+07 7.307409106702262163e+07 7.318138491426540911e+07 6.272745728492736816e+01 2.180000000000000000e+02 2.200000000000000000e+02
1.080000000000000000e+02 4.000000000000000000e+00 5.000000000000000000e+00 6.114714765089245886e+07 6.071772145011407137e+07 7.308798965415248275e+07 7.308798656523382664e+07 3.702022624015808105e+01 1.220000000000000000e+02 1.240000000000000000e+02
1.090000000000000000e+02 4.000000000000000000e+00 0.000000000000000000e+00 5.409855463237033784e+07 5.330690661174000055e+07 7.236675976622207463e+07 7.197509140700566769e+07 5.968963527679443359e+01 2.020000000000000000e+02 2.040000000000000000e+02
1.090000000000000000e+02 4.000000000000000000e+00 5.000000000000000000e+00 5.409855463237033784e+07 5.330690661174000055e+07 7.248282910149240494e+07 7.248282818468305469e+07 4.901138353347778320e+01 1.520000000000000000e+02 1.540000000000000000e+02
1.100000000000000000e+02 4.000000000000000000e+00 0.000000000000000000e+00 6.049078454089137167e+07 5.993805744810912013e+07 7.405218203224709630e+07 7.396785637490290403e+07 3.573885035514831543e+01 1.250000000000000000e+02 1.270000000000000000e+02
1.100000000000000000e+02 4.000000000000000000e+00 5.000000000000000000e+00 6.049078454089137167e+07 5.993805744810912013e+07 7.408132447196723521e+07 7.408116961624565721e+07 2.410451674461364746e+01 7.900000000000000000e+01 8.100000000000000000e+01
1.110000000000000000e+02 4.000000000000000000e+00 0.000000000000000000e+00 5.661433908138044178e+07 5.589332720669388771e+07 7.386525257628975809e+07 7.384667391884449124e+07 6.441122651100158691e+01 2.020000000000000000e+02 2.040000000000000000e+02
1.110000000000000000e+02 4.000000000000000000e+00 5.000000000000000000e+00 5.661433908138044178e+07 5.589332720669388771e+07 7.394190189371778071e+07 7.394188482246351242e+07 4.216950869560241699e+01 1.290000000000000000e+02 1.310000000000000000e+02
1.120000000000000000e+02 4.000000000000000000e+00 0.000000000000000000e+00 5.644610201800186932e+07 5.545854647747959197e+07 7.200037194634951651e+07 7.188201857481545210e+07 6.506228303909301758e+01 2.270000000000000000e+02 2.290000000000000000e+02
1.120000000000000000e+02 4.000000000000000000e+00 5.000000000000000000e+00 5.644610201800186932e+07 5.545854647747959197e+07 7.214822363500189781e+07 7.214822476733015478e+07 7.495767736434936523e+01 2.360000000000000000e+02 2.380000000000000000e+02
1.130000000000000000e+02 4.000000000000000000e+00 0.000000000000000000e+00 6.213849818548626453e+07 6.121129009744848311e+07 7.445683458377861977e+07 7.446843036114341021e+07 2.030625319480895996e+01 7.200000000000000000e+01 7.400000000000000000e+01
1.130000000000000000e+02 4.000000000000000000e+00 5.000000000000000000e+00 6.213849818548626453e+07 6.121129009744848311e+07 7.453981434389936924e+07 7.453978437968179584e+07 1.078334736824035645e+01 3.500000000000000000e+01 3.700000000000000000e+01
1.140000000000000000e+02 4.000000000000000000e+00 0.000000000000000000e+00 5.956599232148738205e+07 5.873481989546254277e+07 7.262585758229561150e+07 7.248308577136543393e+07 9.970845985412597656e+01 3.520000000000000000e+02 3.540000000000000000e+02
1.140000000000000000e+02 4.000000000000000000e+00 5.000000000000000000e+00 5.956599232148738205e+07 5.873481989546254277e+07 7.270647341612809896e+07 7.270646952625983953e+07 2.640777614116668701e+02 7.180000000000000000e+02 7.200000000000000000e+02
1.150000000000000000e+02 4.000000000000000000e+00 0.000000000000000000e+00 5.807542552371226251e+07 5.738453324830630422e+07 7.142531423246157169e+07 7.120361790553101897e+07 2.091220426559448242e+01 7.500000000000000000e+01 7.700000000000000000e+01
1.150000000000000000e+02 4.000000000000000000e+00 5.000000000000000000e+00 5.807542552371226251e+07 5.738453324830630422e+07 7.196171168785758317e+07 7.196171022067828476e+07 9.188411164283752441e+01 2.960000000000000000e+02 2.980000000000000000e+02
1.160000000000000000e+02 4.000000000000000000e+00 0.000000000000000000e+00 6.512836359854945540e+07 6.423599325865496695e+07 7.378743012421736121e+07 7.368278601441207528e+07 2.989935398101806641e+01 1.020000000000000000e+02 1.040000000000000000e+02
1.160000000000000000e+02 4.000000000000000000e+00 5.000000000000000000e+00 6.512836359854945540e+07 6.423599325865496695e+07 7.403909632629542053e+07 7.403921121726362407e+07 5.513350439071655273e+01 1.810000000000000000e+02 1.830000000000000000e+02
1.170000000000000000e+02 4.000000000000000000e+00 0.000000000000000000e+00 5.781125307978116721e+07 5.711730896921654791e+07 7.581774663647036254e+07 7.592803691584514081e+07 6.735826539993286133e+01 2.420000000000000000e+02 2.440000000000000000e+02
1.170000000000000000e+02 4.000000000000000000e+00 5.000000000000000000e+00 5.781125307978116721e+07 5.711730896921654791e+07 7.582365914711822569e+07 7.582347046091742814e+07 1.452505803108215332e+01 4.700000000000000000e+01 4.900000000000000000e+01
1.180000000000000000e+02 4.000000000000000000e+00 0.000000000000000000e+00 6.008091698024212569e+07 5.944017012069908530e+07 7.336766355529788136e+07 7.339169125251515210e+07 2.885634970664978027e+01 9.900000000000000000e+01 1.010000000000000000e+02
1.180000000000000000e+02 4.000000000000000000e+00 5.000000000000000000e+00 6.008091698024212569e+07 5.944017012069908530e+07 7.337998415583620965e+07 7.337997605143128335e+07 2.095711040496826172e+01 6.200000000000000000e+01 6.400000000000000000e+01
1.190000000000000000e+02 4.000000000000000000e+00 0.000000000000000000e+00 6.022483073891569674e+07 5.947306251099006087e+07 7.589275049627383053e+07 7.591265510675719380e+07 4.298314523696899414e+01 1.510000000000000000e+02 1.530000000000000000e+02
1.190000000000000000e+02 4.000000000000000000e+00 5.000000000000000000e+00 6.022483073891569674e+07 5.947306251099006087e+07 7.589366935200923681e+07 7.589366819659502804e+07 2.197378349304199219e+01 7.100000000000000000e+01 7.300000000000000000e+01
1.200000000000000000e+02 4.000000000000000000e+00 0.000000000000000000e+00 5.966517126540851593e+07 5.876359759613978118e+07 7.360434133970753849e+07 7.354441105540777743e+07 3.593797516822814941e+01 1.310000000000000000e+02 1.330000000000000000e+02
1.200000000000000000e+02 4.000000000000000000e+00 5.000000000000000000e+00 5.966517126540851593e+07 5.876359759613978118e+07 7.364673554676166177e+07 7.364672760136060417e+07 4.542176842689514160e+01 1.410000000000000000e+02 1.430000000000000000e+02
1.210000000000000000e+02 4.000000000000000000e+00 0.000000000000000000e+00 6.251200831294248253e+07 6.184713331738371402e+07 7.316452227339944243e+07 7.283033247843576968e+07 3.077405333518981934e+01 1.110000000000000000e+02 1.130000000000000000e+02
1.210000000000000000e+02 4.000000000000000000e+00 5.000000000000000000e+00 6.251200831294248253e+07 6.184713331738371402e+07 7.321448911330190301e+07 7.321448729226252437e+07 3.372753763198852539e+01 1.050000000000000000e+02 1.070000000000000000e+02
1.220000000000000000e+02 4.000000000000000000e+00 0.000000000000000000e+00 6.222247786837031692e+07 6.169614565433195233e+07 7.335407489196738601e+07 7.337202146986539662e+07 2.369328498840332031e+01 8.900000000000000000e+01 9.100000000000000000e+01
1.220000000000000000e+02 4.000000000000000000e+00 5.000000000000000000e+00 6.222247786837031692e+07 6.169614565433195233e+07 7.337851340073540807e+07 7.337843064676153660e+07 2.929813408851623535e+01 1.030000000000000000e+02 1.050000000000000000e+02
1.230000000000000000e+02 4.000000000000000000e+00 0.000000000000000000e+00 5.961108658370591700e+07 5.917247963181579113e+07 7.308144953818009794e+07 7.304171312392565608e+07 1.589207744598388672e+01 5.300000000000000000e+01 5.500000000000000000e+01
1.230000000000000000e+02 4.000000000000000000e+00 5.000000000000000000e+00 5.961108658370591700e+07 5.917247963181579113e+07 7.310134445474298298e+07 7.310130123692785203e+07 5.088189578056335449e+01 1.470000000000000000e+02 1.490000000000000000e+02
1.240000000000000000e+02 4.000000000000000000e+00 0.000000000000000000e+00 6.330280031891391426e+07 6.302275223497830331e+07 7.180532521465690434e+07 7.169539258734892309e+07 4.857759118080139160e+01 1.640000000000000000e+02 1.660000000000000000e+02
1.240000000000000000e+02 4.000000000000000000e+00 5.000000000000000000e+00 6.330280031891391426e+07 6.302275223497830331e+07 7.307883529499544203e+07 7.307880672447972000e+07 4.361484360694885254e+01 1.290000000000000000e+02 1.310000000000000000e+02
1.250000000000000000e+02 4.000000000000000000e+00 0.000000000000000000e+00 5.839387585664713383e+07 5.773429317708592117e+07 7.300220939143092930e+07 7.313390883939902484e+07 2.571799890995025635e+02 7.700000000000000000e+02 7.720000000000000000e+02
1.250000000000000000e+02 4.000000000000000000e+00 5.000000000000000000e+00 5.839387585664713383e+07 5.773429317708592117e+07 7.303796678754687309e+07 7.303790195140770078e+07 6.445176815986633301e+01 1.780000000000000000e+02 1.800000000000000000e+02
1.260000000000000000e+02 4.000000000000000000e+00 0.000000000000000000e+00 5.941872508300974965e+07 5.876160758374935389e+07 7.242636218694353104e+07 7.248276180150033534e+07 1.380817127227783203e+01 4.100000000000000000e+01 4.300000000000000000e+01
1.260000000000000000e+02 4.000000000000000000e+00 5.000000000000000000e+00 5.941872508300974965e+07 5.876160758374935389e+07 7.564178691942115128e+07 7.564178088564340770e+07 3.077600884437561035e+01 8.100000000000000000e+01 8.300000000000000000e+01
1.270000000000000000e+02 4.000000000000000000e+00 0.000000000000000000e+00 6.163108958316003531e+07 6.095915695682410896e+07 7.143879114974661171e+07 7.137482390412321687e+07 4.432068896293640137e+01 1.620000000000000000e+02 1.640000000000000000e+02
1.270000000000000000e+02 4.000000000000000000e+00 5.000000000000000000e+00 6.163108958316003531e+07 6.095915695682410896e+07 7.163626481895647943e+07 7.163623410154865682e+07 1.309254491329193115e+02 3.400000000000000000e+02 3.420000000000000000e+02
1.280000000000000000e+02 4.000000000000000000e+00 0.000000000000000000e+00 6.557192666022853553e+07 6.479934456876670569e+07 7.512019904955591261e+07 7.503199269728520513e+07 2.527492141723632812e+01 9.000000000000000000e+01 9.200000000000000000e+01
1.280000000000000000e+02 4.000000000000000000e+00 5.000000000000000000e+00 6.557192666022853553e+07 6.479934456876670569e+07 7.514298671702286601e+07 7.514291748666442931e+07 5.916449165344238281e+01 1.900000000000000000e+02 1.920000000000000000e+02
1.290000000000000000e+02 4.000000000000000000e+00 0.000000000000000000e+00 5.869939155468247086e+07 5.796606012702902406e+07 7.426332986383837461e+07 7.426211698806391656e+07 4.066300725936889648e+01 1.340000000000000000e+02 1.360000000000000000e+02
1.290000000000000000e+02 4.000000000000000000e+00 5.000000000000000000e+00 5.869939155468247086e+07 5.796606012702902406e+07 7.429979804656277597e+07 7.429995635925745964e+07 1.123864054679870605e+02 3.230000000000000000e+02 3.250000000000000000e+02
1.300000000000000000e+02 4.000000000000000000e+00 0.000000000000000000e+00 5.849291635357644409e+07 5.758514688757131249e+07 7.226625931655916572e+07 7.227801454887461662e+07 5.082226181030273438e+01 1.750000000000000000e+02 1.770000000000000000e+02
1.300000000000000000e+02 4.000000000000000000e+00 5.000000000000000000e+00 5.849291635357644409e+07 5.758514688757131249e+07 7.232394830342645943e+07 7.232394760427008569e+07 8.283584117889404297e+01 2.370000000000000000e+02 2.390000000000000000e+02
1.310000000000000000e+02 4.000000000000000000e+00 0.000000000000000000e+00 6.438004836339942366e+07 6.375231876242032647e+07 7.474669904216088355e+07 7.480219063873080909e+07 2.099766993522644043e+01 7.200000000000000000e+01 7.400000000000000000e+01
1.310000000000000000e+02 4.000000000000000000e+00 5.000000000000000000e+00 6.438004836339942366e+07 6.375231876242032647e+07 7.552246368545761704e+07 7.552233351727277040e+07 6.605385732650756836e+01 2.090000000000000000e+02 2.110000000000000000e+02
1.320000000000000000e+02 4.000000000000000000e+00 0.000000000000000000e+00 6.313616627092660218e+07 6.239223067381189018e+07 7.437011192737282813e+07 7.437757103581625223e+07 2.826766753196716309e+01 9.900000000000000000e+01 1.010000000000000000e+02
1.320000000000000000e+02 4.000000000000000000e+00 5.000000000000000000e+00 6.313616627092660218e+07 6.239223067381189018e+07 7.438147351726329327e+07 7.438149425421090424e+07 8.388184475898742676e+01 2.730000000000000000e+02 2.750000000000000000e+02
1.330000000000000000e+02 4.000000000000000000e+00 0.000000000000000000e+00 6.108350538735678047e+07 6.002614129108068347e+07 7.328181442328886688e+07 7.325361848873955011e+07 7.689004492759704590e+01 2.610000000000000000e+02 2.630000000000000000e+02
1.330000000000000000e+02 4.000000000000000000e+00 5.000000000000000000e+00 6.108350538735678047e+07 6.002614129108068347e+07 7.333908561810322106e+07 7.333899905812898278e+07 4.414579319953918457e+01 1.510000000000000000e+02 1.530000000000000000e+02
1.340000000000000000e+02 4.000000000000000000e+00 0.000000000000000000e+00 5.951437239530151337e+07 5.897866364742141217e+07 7.148415736412344873e+07 7.142920135401779413e+07 3.361896920204162598e+01 1.200000000000000000e+02 1.220000000000000000e+02
1.340000000000000000e+02 4.000000000000000000e+00 5.000000000000000000e+00 5.951437239530151337e+07 5.897866364742141217e+07 7.157338775073096156e+07 7.157339308982911706e+07 1.807765698432922363e+01 5.800000000000000000e+01 6.000000000000000000e+01
1.350000000000000000e+02 4.000000000000000000e+00 0.000000000000000000e+00 6.580538283584570885e+07 6.523105930639375001e+07 7.295019717092175782e+07 7.298312718229679763e+07 1.916055274009704590e+01 5.600000000000000000e+01 5.800000000000000000e+01
1.350000000000000000e+02 4.000000000000000000e+00 5.000000000000000000e+00 6.580538283584570885e+07 6.523105930639375001e+07 7.297313900084848702e+07 7.297311012628915906e+07 7.653720402717590332e+01 2.010000000000000000e+02 2.030000000000000000e+02
1.360000000000000000e+02 4.000000000000000000e+00 0.000000000000000000e+00 5.852690594656118006e+07 5.767101857817283273e+07 6.983423960634316504e+07 6.968879062971130013e+07 4.364647483825683594e+01 1.530000000000000000e+02 1.550000000000000000e+02
1.360000000000000000e+02 4.000000000000000000e+00 5.000000000000000000e+00 5.852690594656118006e+07 5.767101857817283273e+07 7.008120221851271391e+07 7.008118855512596667e+07 3.545331978797912598e+01 1.140000000000000000e+02 1.160000000000000000e+02
1.370000000000000000e+02 4.000000000000000000e+00 0.000000000000000000e+00 6.091215935196346790e+07 6.055969470418726653e+07 7.275293241050656140e+07 7.267938250353497267e+07 2.515826480388641357e+02 8.330000000000000000e+02 8.350000000000000000e+02
1.370000000000000000e+02 4.000000000000000000e+00 5.000000000000000000e+00 6.091215935196346790e+07 6.055969470418726653e+07 7.279085076665435731e+07 7.279084215108186007e+07 4.293315625190734863e+01 1.190000000000000000e+02 1.210000000000000000e+02
1.380000000000000000e+02 4.000000000000000000e+00 0.000000000000000000e+00 5.457545223537535965e+07 5.377370335180727392e+07 7.295838999779517949e+07 7.284366739341825247e+07 1.096364629268646240e+02 3.410000000000000000e+02 3.430000000000000000e+02
1.380000000000000000e+02 4.000000000000000000e+00 5.000000000000000000e+00 5.457545223537535965e+07 5.377370335180727392e+07 7.362797342705187201e+07 7.362797326477371156e+07 6.141501855850219727e+01 1.810000000000000000e+02 1.830000000000000000e+02
1.390000000000000000e+02 4.000000000000000000e+00 0.000000000000000000e+00 5.782220476362089813e+07 5.721977903852922469e+07 7.259854742862959206e+07 7.245130573375874758e+07 3.816246342658996582e+01 1.350000000000000000e+02 1.370000000000000000e+02
1.390000000000000000e+02 4.000000000000000000e+00 5.000000000000000000e+00 5.782220476362089813e+07 5.721977903852922469e+07 7.271097834718021750e+07 7.271097053845754266e+07 6.442275810241699219e+01 2.130000000000000000e+02 2.150000000000000000e+02
1.400000000000000000e+02 4.000000000000000000e+00 0.000000000000000000e+00 5.884891456157829612e+07 5.807159170400092751e+07 7.360516159012746811e+07 7.373713594844047725e+07 3.495046520233154297e+01 1.200000000000000000e+02 1.220000000000000000e+02
1.400000000000000000e+02 4.000000000000000000e+00 5.000000000000000000e+00 5.884891456157829612e+07 5.807159170400092751e+07 7.361608535838229954e+07 7.361593353541736305e+07 1.227390527725219727e+01 3.700000000000000000e+01 3.900000000000000000e+01
1.410000000000000000e+02 4.000000000000000000e+00 0.000000000000000000e+00 5.526864982472065091e+07 5.456868607221812755e+07 7.217385367485868931e+07 7.212238966363598406e+07 7.232225036621093750e+01 2.460000000000000000e+02 2.480000000000000000e+02
1.410000000000000000e+02 4.000000000000000000e+00 5.000000000000000000e+00 5.526864982472065091e+07 5.456868607221812755e+07 7.221519107282119989e+07 7.221518985855768621e+07 1.112161469459533691e+01 3.500000000000000000e+01 3.700000000000000000e+01
1.420000000000000000e+02 4.000000000000000000e+00 0.000000000000000000e+00 5.939032155323956162e+07 5.858107704621106386e+07 7.326288910224457085e+07 7.335998660636058450e+07 1.750465106964111328e+01 6.500000000000000000e+01 6.700000000000000000e+01
1.420000000000000000e+02 4.000000000000000000e+00 5.000000000000000000e+00 5.939032155323956162e+07 5.858107704621106386e+07 7.376309334922491014e+07 7.376305975763560832e+07 2.397650074958801270e+01 8.100000000000000000e+01 8.300000000000000000e+01
1.430000000000000000e+02 4.000000000000000000e+00 0.000000000000000000e+00 6.219669005925723165e+07 6.150713244998193532e+07 7.197072783130274713e+07 7.186805554080909491e+07 1.340945315361022949e+01 4.700000000000000000e+01 4.900000000000000000e+01
1.430000000000000000e+02 4.000000000000000000e+00 5.000000000000000000e+00 6.219669005925723165e+07 6.150713244998193532e+07 7.242921393852829933e+07 7.242921168859697878e+07 1.550359320640563965e+01 5.100000000000000000e+01 5.300000000000000000e+01
1.440000000000000000e+02 4.000000000000000000e+00 0.000000000000000000e+00 5.901210734199088067e+07 5.845731893713992834e+07 7.206635832368180156e+07 7.193744091241995990e+07 1.271678366661071777e+02 4.240000000000000000e+02 4.260000000000000000e+02
1.440000000000000000e+02 4.000000000000000000e+00 5.000000000000000000e+00 5.901210734199088067e+07 5.845731893713992834e+07 7.213073195336407423e+07 7.213073575225161016e+07 9.887993574142456055e+00 3.300000000000000000e+01 3.500000000000000000e+01
1.450000000000000000e+02 4.000000000000000000e+00 0.000000000000000000e+00 5.720941903313913941e+07 5.643797966670536995e+07 7.284843225678950548e+07 7.270725133064281940e+07 2.763609623908996582e+01 9.900000000000000000e+01 1.010000000000000000e+02
1.450000000000000000e+02 4.000000000000000000e+00 5.000000000000000000e+00 5.720941903313913941e+07 5.643797966670536995e+07 7.303776535821332037e+07 7.303774600176528096e+07 2.011175656318664551e+01 6.500000000000000000e+01 6.700000000000000000e+01
1.460000000000000000e+02 4.000000000000000000e+00 0.000000000000000000e+00 6.242920189777852595e+07 6.155792965067334473e+07 7.307937556923413277e+07 7.299253043709830940e+07 3.307596182823181152e+01 1.150000000000000000e+02 1.170000000000000000e+02
1.460000000000000000e+02 4.000000000000000000e+00 5.000000000000000000e+00 6.242920189777852595e+07 6.155792965067334473e+07 7.339661739354924858e+07 7.339661716302047670e+07 4.584167766571044922e+01 1.500000000000000000e+02 1.520000000000000000e+02
1.470000000000000000e+02 4.000000000000000000e+00 0.000000000000000000e+00 6.257642832103268802e+07 6.182501846852561831e+07 7.291975907359972596e+07 7.294375975973924994e+07 1.405054845809936523e+02 4.250000000000000000e+02 4.270000000000000000e+02
1.470000000000000000e+02 4.000000000000000000e+00 5.000000000000000000e+00 6.257642832103268802e+07 6.182501846852561831e+07 7.301202139346043766e+07 7.301201978435090184e+07 4.975668621063232422e+01 1.570000000000000000e+02 1.590000000000000000e+02
1.480000000000000000e+02 4.000000000000000000e+00 0.000000000000000000e+00 5.937438853174325079e+07 5.853783359124011546e+07 7.064522487525755167e+07 7.061129996903556585e+07 1.212196781635284424e+02 4.080000000000000000e+02 4.100000000000000000e+02
1.480000000000000000e+02 4.000000000000000000e+00 5.000000000000000000e+00 5.937438853174325079e+07 5.853783359124011546e+07 7.107900412446551025e+07 7.107891597237373888e+07 4.306346559524536133e+01 1.380000000000000000e+02 1.400000000000000000e+02
1.490000000000000000e+02 4.000000000000000000e+00 0.000000000000000000e+00 5.876825244982764125e+07 5.813077601117517054e+07 6.971153755848759413e+07 6.965304564508599043e+07 4.686117458343505859e+01 1.570000000000000000e+02 1.590000000000000000e+02
1.490000000000000000e+02 4.000000000000000000e+00 5.000000000000000000e+00 5.876825244982764125e+07 5.813077601117517054e+07 6.973719909378230572e+07 6.973720633973760903e+07 1.389079356193542480e+01 4.000000000000000000e+01 4.200000000000000000e+01
1.500000000000000000e+02 4.000000000000000000e+00 0.000000000000000000e+00 5.986106414492101222e+07 5.934738829296329618e+07 7.343750273272444308e+07 7.344692154369130731e+07 2.313514137268066406e+01 7.800000000000000000e+01 8.000000000000000000e+01
1.500000000000000000e+02 4.000000000000000000e+00 5.000000000000000000e+00 5.986106414492101222e+07 5.934738829296329618e+07 7.346676228571538627e+07 7.346676579880505800e+07 8.564977693557739258e+01 2.680000000000000000e+02 2.700000000000000000e+02
1.510000000000000000e+02 4.000000000000000000e+00 0.000000000000000000e+00 5.759568677956014127e+07 5.699515968365005404e+07 7.386898304871058464e+07 7.382313839602208138e+07 4.971584603786468506e+02 1.522000000000000000e+03 1.524000000000000000e+03
1.510000000000000000e+02 4.000000000000000000e+00 5.000000000000000000e+00 5.759568677956014127e+07 5.699515968365005404e+07 7.391088913141863048e+07 7.391092903491947055e+07 5.564027190208435059e+01 1.520000000000000000e+02 1.540000000000000000e+02
1.520000000000000000e+02 4.000000000000000000e+00 0.000000000000000000e+00 5.665318571080699563e+07 5.589518917641365528e+07 7.444608348715271056e+07 7.448663060856491327e+07 5.884855484962463379e+01 2.080000000000000000e+02 2.100000000000000000e+02
1.520000000000000000e+02 4.000000000000000000e+00 5.000000000000000000e+00 5.665318571080699563e+07 5.589518917641365528e+07 7.449521875194738805e+07 7.449519791127493978e+07 2.052159404754638672e+01 7.000000000000000000e+01 7.200000000000000000e+01
1.530000000000000000e+02 4.000000000000000000e+00 0.000000000000000000e+00 5.679877188484454900e+07 5.615982339805348217e+07 7.205019828616636992e+07 7.197352235544581711e+07 7.047229385375976562e+01 2.510000000000000000e+02 2.530000000000000000e+02
1.530000000000000000e+02 4.000000000000000000e+00 5.000000000000000000e+00 5.679877188484454900e+07 5.615982339805348217e+07 7.210807307986356318e+07 7.210804573107063770e+07 4.852775669097900391e+01 1.550000000000000000e+02 1.570000000000000000e+02
1.540000000000000000e+02 4.000000000000000000e+00 0.000000000000000000e+00 6.315236439192835987e+07 6.225799546590809524e+07 7.397427611544862390e+07 7.395356996190732718e+07 5.092807221412658691e+01 1.790000000000000000e+02 1.810000000000000000e+02
1.540000000000000000e+02 4.000000000000000000e+00 5.000000000000000000e+00 6.315236439192835987e+07 6.225799546590809524e+07 7.402003602679027617e+07 7.402001814106410742e+07 5.855677723884582520e+01 1.840000000000000000e+02 1.860000000000000000e+02
1.550000000000000000e+02 4.000000000000000000e+00 0.000000000000000000e+00 5.986093885399467498e+07 5.889436182658538222e+07 7.126272106308542192e+07 7.127665473440550268e+07 2.598674702644348145e+01 8.900000000000000000e+01 9.100000000000000000e+01
1.550000000000000000e+02 4.000000000000000000e+00 5.000000000000000000e+00 5.986093885399467498e+07 5.889436182658538222e+07 7.368553660720218718e+07 7.368553064952895045e+07 7.854511523246765137e+01 2.720000000000000000e+02 2.740000000000000000e+02
1.560000000000000000e+02 4.000000000000000000e+00 0.000000000000000000e+00 5.446244286457069963e+07 5.365764171088673919e+07 7.226192685795342922e+07 7.215398728484813869e+07 5.824711084365844727e+01 2.100000000000000000e+02 2.120000000000000000e+02
1.560000000000000000e+02 4.000000000000000000e+00 5.000000000000000000e+00 5.446244286457069963e+07 5.365764171088673919e+07 7.232450239414320886e+07 7.232440752406460047e+07 5.035663509368896484e+01 1.710000000000000000e+02 1.730000000000000000e+02
1.570000000000000000e+02 4.000000000000000000e+00 0.000000000000000000e+00 6.089176755094680190e+07 6.040066986531593651e+07 7.317177650296565890e+07 7.308426683604292572e+07 7.855017590522766113e+01 2.640000000000000000e+02 2.660000000000000000e+02
1.570000000000000000e+02 4.000000000000000000e+00 5.000000000000000000e+00 6.089176755094680190e+07 6.040066986531593651e+07 7.320707701974399388e+07 7.320706965858781338e+07 4.713621258735656738e+01 1.440000000000000000e+02 1.460000000000000000e+02
1.580000000000000000e+02 4.000000000000000000e+00 0.000000000000000000e+00 5.844079840582915395e+07 5.784009108750243485e+07 7.281530876805247366e+07 7.274393565077477694e+07 9.933011460304260254e+01 3.610000000000000000e+02 3.630000000000000000e+02
1.580000000000000000e+02 4.000000000000000000e+00 5.000000000000000000e+00 5.844079840582915395e+07 5.784009108750243485e+07 7.297547340980389714e+07 7.297547313005855680e+07 7.575687789916992188e+01 2.270000000000000000e+02 2.290000000000000000e+02
1.590000000000000000e+02 4.000000000000000000e+00 0.000000000000000000e+00 5.570693790141130239e+07 5.493669779030852765e+07 7.395191378145219386e+07 7.384249924936151505e+07 3.326880576610565186e+02 1.040000000000000000e+03 1.042000000000000000e+03
1.590000000000000000e+02 4.000000000000000000e+00 5.000000000000000000e+00 5.570693790141130239e+07 5.493669779030852765e+07 7.397036228696753085e+07 7.397035961452852190e+07 4.835106062889099121e+01 1.470000000000000000e+02 1.490000000000000000e+02
1.600000000000000000e+02 4.000000000000000000e+00 0.000000000000000000e+00 6.529665446039108187e+07 6.445542346068857610e+07 7.310268539974772930e+07 7.306281535344001651e+07 9.832225561141967773e+00 3.300000000000000000e+01 3.500000000000000000e+01
1.600000000000000000e+02 4.000000000000000000e+00 5.000000000000000000e+00 6.529665446039108187e+07 6.445542346068857610e+07 7.320264118315127492e+07 7.320263987912009656e+07 8.126260328292846680e+01 2.500000000000000000e+02 2.520000000000000000e+02
1.610000000000000000e+02 4.000000000000000000e+00 0.000000000000000000e+00 6.480575042338922620e+07 6.423880970441851020e+07 7.450103334393076599e+07 7.461562278408992290e+07 1.502173423767089844e+01 5.000000000000000000e+01 5.200000000000000000e+01
1.610000000000000000e+02 4.000000000000000000e+00 5.000000000000000000e+00 6.480575042338922620e+07 6.423880970441851020e+07 7.451687424081777036e+07 7.451687194198103249e+07 1.390431189537048340e+01 4.700000000000000000e+01 4.900000000000000000e+01
1.620000000000000000e+02 4.000000000000000000e+00 0.000000000000000000e+00 6.215322843521954119e+07 6.133920779862463474e+07 6.978310380472815037e+07 6.917506258993956447e+07 1.889429092407226562e+01 7.000000000000000000e+01 7.200000000000000000e+01
1.620000000000000000e+02 4.000000000000000000e+00 5.000000000000000000e+00 6.215322843521954119e+07 6.133920779862463474e+07 7.101644614698645473e+07 7.101643835862231255e+07 9.209182953834533691e+01 3.150000000000000000e+02 3.170000000000000000e+02
1.630000000000000000e+02 4.000000000000000000e+00 0.000000000000000000e+00 6.352737019155281782e+07 6.286239982665620744e+07 7.574153050123369694e+07 7.585057353675283492e+07 3.778769612312316895e+01 1.020000000000000000e+02 1.040000000000000000e+02
1.630000000000000000e+02 4.000000000000000000e+00 5.000000000000000000e+00 6.352737019155281782e+07 6.286239982665620744e+07 7.575629253608767688e+07 7.575624696463054419e+07 5.614406681060791016e+01 1.510000000000000000e+02 1.530000000000000000e+02
1.640000000000000000e+02 4.000000000000000000e+00 0.000000000000000000e+00 6.284474765521110594e+07 6.212175990072476119e+07 7.269738789825442433e+07 7.268378966860654950e+07 2.780343294143676758e+01 9.100000000000000000e+01 9.300000000000000000e+01
1.640000000000000000e+02 4.000000000000000000e+00 5.000000000000000000e+00 6.284474765521110594e+07 6.212175990072476119e+07 7.274377263150848448e+07 7.274377210272374749e+07 2.081417632102966309e+01 7.000000000000000000e+01 7.200000000000000000e+01
1.650000000000000000e+02 4.000000000000000000e+00 0.000000000000000000e+00 5.398228166441190988e+07 5.321747603789717704e+07 7.182168610877166688e+07 7.182637986274428666e+07 1.319081847667694092e+02 4.480000000000000000e+02 4.500000000000000000e+02
1.650000000000000000e+02 4.000000000000000000e+00 5.000000000000000000e+00 5.398228166441190988e+07 5.321747603789717704e+07 7.189708140504761040e+07 7.189698415665045381e+07 1.592029428482055664e+01 5.500000000000000000e+01 5.700000000000000000e+01
1.660000000000000000e+02 4.000000000000000000e+00 0.000000000000000000e+00 6.179533064929252118e+07 6.117766335749643296e+07 7.162623045775559545e+07 7.143511567817498744e+07 1.253376181125640869e+02 4.320000000000000000e+02 4.340000000000000000e+02
1.660000000000000000e+02 4.000000000000000000e+00 5.000000000000000000e+00 6.179533064929252118e+07 6.117766335749643296e+07 7.172368316201923788e+07 7.172367757124070823e+07 2.262210202217102051e+01 7.700000000000000000e+01 7.900000000000000000e+01
1.670000000000000000e+02 4.000000000000000000e+00 0.000000000000000000e+00 5.723507043052858859e+07 5.643627768134780973e+07 6.955221962362597883e+07 6.946509457447871566e+07 2.166438102722167969e+01 7.500000000000000000e+01 7.700000000000000000e+01
1.670000000000000000e+02 4.000000000000000000e+00 5.000000000000000000e+00 5.723507043052858859e+07 5.643627768134780973e+07 6.971683061114151776e+07 6.971682940964990854e+07 6.804272603988647461e+01 2.170000000000000000e+02 2.190000000000000000e+02
1.680000000000000000e+02 4.000000000000000000e+00 0.000000000000000000e+00 5.936939013680333644e+07 5.831403717721489817e+07 7.403512109294071794e+07 7.406767584116624296e+07 3.442867779731750488e+01 1.210000000000000000e+02 1.230000000000000000e+02
1.680000000000000000e+02 4.000000000000000000e+00 5.000000000000000000e+00 5.936939013680333644e+07 5.831403717721489817e+07 7.405064505714491010e+07 7.405065155818222463e+07 3.808171629905700684e+01 1.170000000000000000e+02 1.190000000000000000e+02
1.690000000000000000e+02 4.000000000000000000e+00 0.000000000000000000e+00 5.898023665587345511e+07 5.864805017069566995e+07 7.291587884600597620e+07 7.283235529183702171e+07 9.864735436439514160e+01 3.250000000000000000e+02 3.270000000000000000e+02
1.690000000000000000e+02 4.000000000000000000e+00 5.000000000000000000e+00 5.898023665587345511e+07 5.864805017069566995e+07 7.297462886787548661e+07 7.297456217078973353e+07 2.607917499542236328e+01 8.100000000000000000e+01 8.300000000000000000e+01
1.700000000000000000e+02 4.000000000000000000e+00 0.000000000000000000e+00 6.533575426297887415e+07 6.480182755179167539e+07 7.435477877893181145e+07 7.443333137926766276e+07 1.562667989730834961e+01 5.400000000000000000e+01 5.600000000000000000e+01
1.700000000000000000e+02 4.000000000000000000e+00 5.000000000000000000e+00 6.533575426297887415e+07 6.480182755179167539e+07 7.437697907099701464e+07 7.437697573015592992e+07 6.965407133102416992e+00 2.200000000000000000e+01 2.400000000000000000e+01
1.710000000000000000e+02 4.000000000000000000e+00 0.000000000000000000e+00 5.982541497552821040e+07 5.919021864323181659e+07 7.293574551303553581e+07 7.298806519966930151e+07 3.242324757575988770e+01 1.180000000000000000e+02 1.200000000000000000e+02
1.710000000000000000e+02 4.000000000000000000e+00 5.000000000000000000e+00 5.982541497552821040e+07 5.919021864323181659e+07 7.386170539376235008e+07 7.386168031276421249e+07 2.327538728713989258e+01 7.300000000000000000e+01 7.500000000000000000e+01
1.720000000000000000e+02 4.000000000000000000e+00 0.000000000000000000e+00 6.311065524808295071e+07 6.256911763984797895e+07 7.476237699030897021e+07 7.474366096863427758e+07 2.115741443634033203e+01 7.700000000000000000e+01 7.900000000000000000e+01
1.720000000000000000e+02 4.000000000000000000e+00 5.000000000000000000e+00 6.311065524808295071e+07 6.256911763984797895e+07 7.479198937055090070e+07 7.479186892534957826e+07 2.079057240486145020e+01 7.100000000000000000e+01 7.300000000000000000e+01
1.730000000000000000e+02 4.000000000000000000e+00 0.000000000000000000e+00 6.497029263808333874e+07 6.437583240317335725e+07 7.523251802177880704e+07 7.525956988748517632e+07 3.324402904510498047e+01 1.130000000000000000e+02 1.150000000000000000e+02
1.730000000000000000e+02 4.000000000000000000e+00 5.000000000000000000e+00 6.497029263808333874e+07 6.437583240317335725e+07 7.524298191935446858e+07 7.524293721893259883e+07 2.837036466598510742e+01 9.400000000000000000e+01 9.600000000000000000e+01
1.740000000000000000e+02 4.000000000000000000e+00 0.000000000000000000e+00 5.723712697346696258e+07 5.652243113755270094e+07 7.378288557704861462e+07 7.376569031124992669e+07 2.954062318801879883e+01 1.070000000000000000e+02 1.090000000000000000e+02
1.740000000000000000e+02 4.000000000000000000e+00 5.000000000000000000e+00 5.723712697346696258e+07 5.652243113755270094e+07 7.381469943395279348e+07 7.381467210296168923e+07 4.034938049316406250e+01 1.340000000000000000e+02 1.360000000000000000e+02
1.750000000000000000e+02 4.000000000000000000e+00 0.000000000000000000e+00 5.888450718012886494e+07 5.795746249602364749e+07 7.306832349833858013e+07 7.309744469229972363e+07 2.841010689735412598e+01 1.000000000000000000e+02 1.020000000000000000e+02
1.750000000000000000e+02 4.000000000000000000e+00 5.000000000000000000e+00 5.888450718012886494e+07 5.795746249602364749e+07 7.309138011104610562e+07 7.309137957456846535e+07 8.451366424560546875e+00 2.700000000000000000e+01 2.900000000000000000e+01
1.760000000000000000e+02 4.000000000000000000e+00 0.000000000000000000e+00 6.300479995180250704e+07 6.267973019133291394e+07 7.127723508123038709e+07 7.104013161063477397e+07 1.331765670776367188e+02 4.720000000000000000e+02 4.740000000000000000e+02
1.760000000000000000e+02 4.000000000000000000e+00 5.000000000000000000e+00 6.300479995180250704e+07 6.267973019133291394e+07 7.157885310473181307e+07 7.157881247309724987e+07 3.382810091972351074e+01 1.170000000000000000e+02 1.190000000000000000e+02
1.770000000000000000e+02 4.000000000000000000e+00 0.000000000000000000e+00 6.013254275578516722e+07 5.930884667515492439e+07 7.214169454820340872e+07 7.201841813613256812e+07 1.460454487800598145e+01 5.200000000000000000e+01 5.400000000000000000e+01
1.770000000000000000e+02 4.000000000000000000e+00 5.000000000000000000e+00 6.013254275578516722e+07 5.930884667515492439e+07 7.216047435400536656e+07 7.216047378816719353e+07 5.303711462020874023e+01 1.840000000000000000e+02 1.860000000000000000e+02
1.780000000000000000e+02 4.000000000000000000e+00 0.000000000000000000e+00 6.390957041819887608e+07 6.337529870599530637e+07 7.289512855397872627e+07 7.281377289035511017e+07 2.974880290031433105e+01 1.020000000000000000e+02 1.040000000000000000e+02
1.780000000000000000e+02 4.000000000000000000e+00 5.000000000000000000e+00 6.390957041819887608e+07 6.337529870599530637e+07 7.459186702460142970e+07 7.459182341768670082e+07 5.458246183395385742e+01 1.640000000000000000e+02 1.660000000000000000e+02
1.790000000000000000e+02 4.000000000000000000e+00 0.000000000000000000e+00 5.930014214835925400e+07 5.843511436873652041e+07 7.375871249547410011e+07 7.378357486250427365e+07 2.096045899391174316e+01 7.100000000000000000e+01 7.300000000000000000e+01
1.790000000000000000e+02 4.000000000000000000e+00 5.000000000000000000e+00 5.930014214835925400e+07 5.843511436873652041e+07 7.383102767986245453e+07 7.383098688515244424e+07 3.259909796714782715e+01 1.030000000000000000e+02 1.050000000000000000e+02
1.800000000000000000e+02 4.000000000000000000e+00 0.000000000000000000e+00 6.042983759950982034e+07 5.975720260515403003e+07 7.416775221420077980e+07 7.428102800243607163e+07 2.104034233093261719e+01 7.000000000000000000e+01 7.200000000000000000e+01
1.800000000000000000e+02 4.000000000000000000e+00 5.000000000000000000e+00 6.042983759950982034e+07 5.975720260515403003e+07 7.417988168485352397e+07 7.417985990634913743e+07 4.972675371170043945e+01 1.610000000000000000e+02 1.630000000000000000e+02
1.810000000000000000e+02 4.000000000000000000e+00 0.000000000000000000e+00 6.310998879659899324e+07 6.231537486501047760e+07 7.044679669889377058e+07 7.026019889978645742e+07 6.938274788856506348e+01 1.990000000000000000e+02 2.010000000000000000e+02
1.810000000000000000e+02 4.000000000000000000e+00 5.000000000000000000e+00 6.310998879659899324e+07 6.231537486501047760e+07 7.053295610753726959e+07 7.053295582710045576e+07 6.517110848426818848e+01 1.850000000000000000e+02 1.870000000000000000e+02
1.820000000000000000e+02 4.000000000000000000e+00 0.000000000000000000e+00 6.181687340943159908e+07 6.129861649861942232e+07 7.161415012744311988e+07 7.145721172807593644e+07 4.351807546615600586e+01 1.190000000000000000e+02 1.210000000000000000e+02
1.820000000000000000e+02 4.000000000000000000e+00 5.000000000000000000e+00 6.181687340943159908e+07 6.129861649861942232e+07 7.216304244918476045e+07 7.216295378872020543e+07 4.098974227905273438e+01 1.080000000000000000e+02 1.100000000000000000e+02
1.830000000000000000e+02 4.000000000000000000e+00 0.000000000000000000e+00 5.583657617399153113e+07 5.499394301839500666e+07 7.152426265807063878e+07 7.147841109655782580e+07 3.465578222274780273e+01 1.050000000000000000e+02 1.070000000000000000e+02
1.830000000000000000e+02 4.000000000000000000e+00 5.000000000000000000e+00 5.583657617399153113e+07 5.499394301839500666e+07 7.169709530313974619e+07 7.169709534275096655e+07 2.215748643875122070e+01 6.400000000000000000e+01 6.600000000000000000e+01
1.840000000000000000e+02 4.000000000000000000e+00 0.000000000000000000e+00 6.563297881321625412e+07 6.519967254014971107e+07 7.315242358851075172e+07 7.314771482077907026e+07 3.393331694602966309e+01 9.600000000000000000e+01 9.800000000000000000e+01
1.840000000000000000e+02 4.000000000000000000e+00 5.000000000000000000e+00 6.563297881321625412e+07 6.519967254014971107e+07 7.319415858337193727e+07 7.319409808420872688e+07 1.579871845245361328e+01 4.800000000000000000e+01 5.000000000000000000e+01
1.850000000000000000e+02 4.000000000000000000e+00 0.000000000000000000e+00 6.123379109381669760e+07 6.042615738357987255e+07 7.090701539028635621e+07 7.077325920680722594e+07 4.029124069213867188e+01 1.380000000000000000e+02 1.400000000000000000e+02
1.850000000000000000e+02 4.000000000000000000e+00 5.000000000000000000e+00 6.123379109381669760e+07 6.042615738357987255e+07 7.096583382784904540e+07 7.096582292370614409e+07 5.276252770423889160e+01 1.630000000000000000e+02 1.650000000000000000e+02
1.860000000000000000e+02 4.000000000000000000e+00 0.000000000000000000e+00 6.234730333428629488e+07 6.159849746891590953e+07 7.497838013068427145e+07 7.487510872953566909e+07 4.317183351516723633e+01 1.570000000000000000e+02 1.590000000000000000e+02
1.860000000000000000e+02 4.000000000000000000e+00 5.000000000000000000e+00 6.234730333428629488e+07 6.159849746891590953e+07 7.500793588161166012e+07 7.500774885863147676e+07 9.815664696693420410e+01 2.220000000000000000e+02 2.240000000000000000e+02
1.870000000000000000e+02 4.000000000000000000e+00 0.000000000000000000e+00 5.651184403598629683e+07 5.570865401919234544e+07 7.298382939047430456e+07 7.289449293116420507e+07 2.258326339721679688e+01 8.500000000000000000e+01 8.700000000000000000e+01
1.870000000000000000e+02 4.000000000000000000e+00 5.000000000000000000e+00 5.651184403598629683e+07 5.570865401919234544e+07 7.304451498596453667e+07 7.304447985914441943e+07 1.288904206752777100e+02 4.350000000000000000e+02 4.370000000000000000e+02
1.880000000000000000e+02 4.000000000000000000e+00 0.000000000000000000e+00 6.019992110144867748e+07 5.938475894830187410e+07 7.458536420878338814e+07 7.460381760913962126e+07 4.769525265693664551e+01 1.730000000000000000e+02 1.750000000000000000e+02
1.880000000000000000e+02 4.000000000000000000e+00 5.000000000000000000e+00 6.019992110144867748e+07 5.938475894830187410e+07 7.459650673072524369e+07 7.459642478269955516e+07 5.146168017387390137e+01 1.010000000000000000e+02 1.030000000000000000e+02
1.890000000000000000e+02 4.000000000000000000e+00 0.000000000000000000e+00 6.196326374640703201e+07 6.148716661612938344e+07 7.276593978956472874e+07 7.268841590030784905e+07 4.143743515014648438e+01 1.480000000000000000e+02 1.500000000000000000e+02
1.890000000000000000e+02 4.000000000000000000e+00 5.000000000000000000e+00 6.196326374640703201e+07 6.148716661612938344e+07 7.277608048806072772e+07 7.277606507008162141e+07 3.026356995105743408e+02 2.110000000000000000e+02 2.130000000000000000e+02
1.900000000000000000e+02 4.000000000000000000e+00 0.000000000000000000e+00 5.751814596431995928e+07 5.638033935945156217e+07 7.268943020881102979e+07 7.265358702651143074e+07 3.044879567623138428e+02 9.610000000000000000e+02 9.630000000000000000e+02
1.900000000000000000e+02 4.000000000000000000e+00 5.000000000000000000e+00 5.751814596431995928e+07 5.638033935945156217e+07 7.271841831629645824e+07 7.271841537225042284e+07 3.369833922386169434e+01 1.020000000000000000e+02 1.040000000000000000e+02
1.910000000000000000e+02 4.000000000000000000e+00 0.000000000000000000e+00 6.094942085953219980e+07 6.011867800294239819e+07 7.313994045351326466e+07 7.304361588056550920e+07 3.155060863494873047e+01 1.140000000000000000e+02 1.160000000000000000e+02
1.910000000000000000e+02 4.000000000000000000e+00 5.000000000000000000e+00 6.094942085953219980e+07 6.011867800294239819e+07 7.339747564869397879e+07 7.339747299085110426e+07 1.930478477478027344e+01 6.100000000000000000e+01 6.300000000000000000e+01
1.920000000000000000e+02 4.000000000000000000e+00 0.000000000000000000e+00 6.049812536488834769e+07 5.998449913258178532e+07 7.332581306778421998e+07 7.333927075491446257e+07 9.703246951103210449e+01 2.920000000000000000e+02 2.940000000000000000e+02
1.920000000000000000e+02 4.000000000000000000e+00 5.000000000000000000e+00 6.049812536488834769e+07 5.998449913258178532e+07 7.457672919878560305e+07 7.457671772516636550e+07 3.083042764663696289e+01 9.700000000000000000e+01 9.900000000000000000e+01
1.930000000000000000e+02 4.000000000000000000e+00 0.000000000000000000e+00 5.986504728379148990e+07 5.905865957569603622e+07 7.260023981888255477e+07 7.239328885347583890e+07 3.167685387134552002e+02 8.990000000000000000e+02 9.010000000000000000e+02
1.930000000000000000e+02 4.000000000000000000e+00 5.000000000000000000e+00 5.986504728379148990e+07 5.905865957569603622e+07 7.270626878231598437e+07 7.270626947537110746e+07 4.082587599754333496e+01 1.180000000000000000e+02 1.200000000000000000e+02
1.950000000000000000e+02 4.000000000000000000e+00 0.000000000000000000e+00 5.549539420895695686e+07 5.481411289535315335e+07 7.290193867716805637e+07 7.291121557035863400e+07 3.888875842094421387e+01 1.370000000000000000e+02 1.390000000000000000e+02
1.950000000000000000e+02 4.000000000000000000e+00 5.000000000000000000e+00 5.549539420895695686e+07 5.481411289535315335e+07 7.292861763696777821e+07 7.292861944820538163e+07 1.774826884269714355e+01 5.700000000000000000e+01 5.900000000000000000e+01
1.960000000000000000e+02 4.000000000000000000e+00 0.000000000000000000e+00 6.464067450231365860e+07 6.406177558316130936e+07 7.415640146941982210e+07 7.422991189984533191e+07 1.483947801589965820e+01 5.300000000000000000e+01 5.500000000000000000e+01
1.960000000000000000e+02 4.000000000000000000e+00 5.000000000000000000e+00 6.464067450231365860e+07 6.406177558316130936e+07 7.417010275505430996e+07 7.417009751152311265e+07 2.053381848335266113e+01 6.900000000000000000e+01 7.100000000000000000e+01
1.970000000000000000e+02 4.000000000000000000e+00 0.000000000000000000e+00 5.913579210167264193e+07 5.885955017456698418e+07 7.238176861082039773e+07 7.230511848949122429e+07 3.135077426433563232e+02 2.370000000000000000e+02 2.390000000000000000e+02
1.970000000000000000e+02 4.000000000000000000e+00 5.000000000000000000e+00 5.913579210167264193e+07 5.885955017456698418e+07 7.257711262048323452e+07 7.257701142572690547e+07 1.293202900886535645e+01 3.400000000000000000e+01 3.600000000000000000e+01
1.980000000000000000e+02 4.000000000000000000e+00 0.000000000000000000e+00 6.029236162314200401e+07 5.940924465731523186e+07 7.232526014954486489e+07 7.208768463874632120e+07 2.512404179573059082e+01 9.000000000000000000e+01 9.200000000000000000e+01
1.980000000000000000e+02 4.000000000000000000e+00 5.000000000000000000e+00 6.029236162314200401e+07 5.940924465731523186e+07 7.250569320397417247e+07 7.250562864178694785e+07 2.192640590667724609e+01 7.200000000000000000e+01 7.400000000000000000e+01
1.990000000000000000e+02 4.000000000000000000e+00 0.000000000000000000e+00 6.234976736035906523e+07 6.154372361702350527e+07 7.480029401796343923e+07 7.481185859964136779e+07 3.250736474990844727e+01 1.180000000000000000e+02 1.200000000000000000e+02
1.990000000000000000e+02 4.000000000000000000e+00 5.000000000000000000e+00 6.234976736035906523e+07 6.154372361702350527e+07 7.542390560725377500e+07 7.542389352421806753e+07 2.025311350822448730e+01 6.700000000000000000e+01 6.900000000000000000e+01
