# # run number, ti calc, ti opt, aep init calc (kW), aep init opt (kW), aep run calc (kW), aep run opt (kW), run time (s), obj func calls, sens func calls
0.000000000000000000e+00 4.000000000000000000e+00 4.000000000000000000e+00 1.533390139744620919e+08 1.533390139744620919e+08 1.533390139744620919e+08 1.533390139744620919e+08 2.713050603866577148e+01 1.770000000000000000e+02 0.000000000000000000e+00
1.000000000000000000e+00 4.000000000000000000e+00 4.000000000000000000e+00 1.295619299413524866e+08 1.295619299413524866e+08 1.483192924923648238e+08 1.483192924923648238e+08 7.274553902149200439e+02 4.827000000000000000e+03 0.000000000000000000e+00
2.000000000000000000e+00 4.000000000000000000e+00 4.000000000000000000e+00 1.285076507444450259e+08 1.285076507444450259e+08 1.517913069226065874e+08 1.517913069226065874e+08 1.204095230340957642e+03 6.477000000000000000e+03 0.000000000000000000e+00
5.000000000000000000e+00 4.000000000000000000e+00 4.000000000000000000e+00 1.314642500784345865e+08 1.314642500784345865e+08 1.471653027534387410e+08 1.471653027534387410e+08 8.147638926506042480e+02 5.127000000000000000e+03 0.000000000000000000e+00
6.000000000000000000e+00 4.000000000000000000e+00 4.000000000000000000e+00 1.311704942747435272e+08 1.311704942747435272e+08 1.494417129945029318e+08 1.494417129945029318e+08 9.097528059482574463e+02 6.777000000000000000e+03 0.000000000000000000e+00
7.000000000000000000e+00 4.000000000000000000e+00 4.000000000000000000e+00 1.331455594190173298e+08 1.331455594190173298e+08 1.484026298664357364e+08 1.484026298664357364e+08 5.286541996002197266e+02 3.927000000000000000e+03 0.000000000000000000e+00
8.000000000000000000e+00 4.000000000000000000e+00 4.000000000000000000e+00 1.317808626282849312e+08 1.317808626282849312e+08 1.537416640061899722e+08 1.537416640061899722e+08 9.439019486904144287e+02 6.177000000000000000e+03 0.000000000000000000e+00
9.000000000000000000e+00 4.000000000000000000e+00 4.000000000000000000e+00 1.300735607836976945e+08 1.300735607836976945e+08 1.487527099920309186e+08 1.487527099920309186e+08 6.708179149627685547e+02 5.277000000000000000e+03 0.000000000000000000e+00
1.000000000000000000e+01 4.000000000000000000e+00 4.000000000000000000e+00 1.352004367268597186e+08 1.352004367268597186e+08 1.478632288879295588e+08 1.478632288879295588e+08 5.421560902595520020e+02 3.777000000000000000e+03 0.000000000000000000e+00
1.100000000000000000e+01 4.000000000000000000e+00 4.000000000000000000e+00 1.295632032412664741e+08 1.295632032412664741e+08 1.535765382087687552e+08 1.535765382087687552e+08 1.034353205919265747e+03 9.477000000000000000e+03 0.000000000000000000e+00
1.200000000000000000e+01 4.000000000000000000e+00 4.000000000000000000e+00 1.346700166141996384e+08 1.346700166141996384e+08 1.532179674330387712e+08 1.532179674330387712e+08 8.782650623321533203e+02 7.527000000000000000e+03 0.000000000000000000e+00
1.300000000000000000e+01 4.000000000000000000e+00 4.000000000000000000e+00 1.258637070024488866e+08 1.258637070024488866e+08 1.456616615986768007e+08 1.456616615986768007e+08 5.999459586143493652e+02 5.127000000000000000e+03 0.000000000000000000e+00
1.400000000000000000e+01 4.000000000000000000e+00 4.000000000000000000e+00 1.291629060135164857e+08 1.291629060135164857e+08 1.537197209349951148e+08 1.537197209349951148e+08 1.078578197479248047e+03 7.227000000000000000e+03 0.000000000000000000e+00
1.500000000000000000e+01 4.000000000000000000e+00 4.000000000000000000e+00 1.291151882804242820e+08 1.291151882804242820e+08 1.500159512907038331e+08 1.500159512907038331e+08 8.277678990364074707e+02 7.077000000000000000e+03 0.000000000000000000e+00
1.600000000000000000e+01 4.000000000000000000e+00 4.000000000000000000e+00 1.359521151598657370e+08 1.359521151598657370e+08 1.539085448352310359e+08 1.539085448352310359e+08 1.495266857147216797e+03 1.382700000000000000e+04 0.000000000000000000e+00
1.700000000000000000e+01 4.000000000000000000e+00 4.000000000000000000e+00 1.311791844401716292e+08 1.311791844401716292e+08 1.479316708521263897e+08 1.479316708521263897e+08 6.143061852455139160e+02 5.127000000000000000e+03 0.000000000000000000e+00
1.800000000000000000e+01 4.000000000000000000e+00 4.000000000000000000e+00 1.273687011075628251e+08 1.273687011075628251e+08 1.525382947009348571e+08 1.525382947009348571e+08 6.817993311882019043e+02 5.127000000000000000e+03 0.000000000000000000e+00
1.900000000000000000e+01 4.000000000000000000e+00 4.000000000000000000e+00 1.387477968614086807e+08 1.387477968614086807e+08 1.550410332242847681e+08 1.550410332242847681e+08 8.301575052738189697e+02 5.127000000000000000e+03 0.000000000000000000e+00
2.100000000000000000e+01 4.000000000000000000e+00 4.000000000000000000e+00 1.330622974566752762e+08 1.330622974566752762e+08 1.522689568943207562e+08 1.522689568943207562e+08 1.550001908063888550e+03 6.327000000000000000e+03 0.000000000000000000e+00
2.200000000000000000e+01 4.000000000000000000e+00 4.000000000000000000e+00 1.368964821305337548e+08 1.368964821305337548e+08 1.498232469457035959e+08 1.498232469457035959e+08 1.178987831354141235e+03 4.977000000000000000e+03 0.000000000000000000e+00
2.300000000000000000e+01 4.000000000000000000e+00 4.000000000000000000e+00 1.304405570395938158e+08 1.304405570395938158e+08 1.524244420734270215e+08 1.524244420734270215e+08 1.149661455392837524e+03 9.777000000000000000e+03 0.000000000000000000e+00
2.400000000000000000e+01 4.000000000000000000e+00 4.000000000000000000e+00 1.303188152729832232e+08 1.303188152729832232e+08 1.524888961652248204e+08 1.524888961652248204e+08 1.334284628152847290e+03 8.577000000000000000e+03 0.000000000000000000e+00
2.600000000000000000e+01 4.000000000000000000e+00 4.000000000000000000e+00 1.318120665511827022e+08 1.318120665511827022e+08 1.542857192952718139e+08 1.542857192952718139e+08 1.143627885818481445e+03 1.037700000000000000e+04 0.000000000000000000e+00
2.700000000000000000e+01 4.000000000000000000e+00 4.000000000000000000e+00 1.333580535498808920e+08 1.333580535498808920e+08 1.562626598780901134e+08 1.562626598780901134e+08 8.912721285820007324e+02 6.927000000000000000e+03 0.000000000000000000e+00
2.800000000000000000e+01 4.000000000000000000e+00 4.000000000000000000e+00 1.358991776494616270e+08 1.358991776494616270e+08 1.475949199752923250e+08 1.475949199752923250e+08 4.432774853706359863e+02 3.477000000000000000e+03 0.000000000000000000e+00
2.900000000000000000e+01 4.000000000000000000e+00 4.000000000000000000e+00 1.373561241274532080e+08 1.373561241274532080e+08 1.492163548534922600e+08 1.492163548534922600e+08 5.384988219738006592e+02 4.377000000000000000e+03 0.000000000000000000e+00
3.000000000000000000e+01 4.000000000000000000e+00 4.000000000000000000e+00 1.348616969452922642e+08 1.348616969452922642e+08 1.547861559336404502e+08 1.547861559336404502e+08 1.143395906925201416e+03 8.577000000000000000e+03 0.000000000000000000e+00
3.100000000000000000e+01 4.000000000000000000e+00 4.000000000000000000e+00 1.295466536011721790e+08 1.295466536011721790e+08 1.484169712476314604e+08 1.484169712476314604e+08 5.460138559341430664e+02 4.677000000000000000e+03 0.000000000000000000e+00
3.200000000000000000e+01 4.000000000000000000e+00 4.000000000000000000e+00 1.324579887815756500e+08 1.324579887815756500e+08 1.541013499388236403e+08 1.541013499388236403e+08 7.384398579597473145e+02 6.327000000000000000e+03 0.000000000000000000e+00
3.300000000000000000e+01 4.000000000000000000e+00 4.000000000000000000e+00 1.309999882329913080e+08 1.309999882329913080e+08 1.502793201901837289e+08 1.502793201901837289e+08 4.838801863193511963e+02 4.077000000000000000e+03 0.000000000000000000e+00
3.400000000000000000e+01 4.000000000000000000e+00 4.000000000000000000e+00 1.307502185336024016e+08 1.307502185336024016e+08 1.537135277438949347e+08 1.537135277438949347e+08 7.058654820919036865e+02 6.177000000000000000e+03 0.000000000000000000e+00
3.500000000000000000e+01 4.000000000000000000e+00 4.000000000000000000e+00 1.279050686861706227e+08 1.279050686861706227e+08 1.492331961155894995e+08 1.492331961155894995e+08 4.901272349357604980e+02 3.927000000000000000e+03 0.000000000000000000e+00
3.600000000000000000e+01 4.000000000000000000e+00 4.000000000000000000e+00 1.345306585947497189e+08 1.345306585947497189e+08 1.494865762417857647e+08 1.494865762417857647e+08 8.668696060180664062e+02 7.227000000000000000e+03 0.000000000000000000e+00
3.700000000000000000e+01 4.000000000000000000e+00 4.000000000000000000e+00 1.400571842597610652e+08 1.400571842597610652e+08 1.486933789204379618e+08 1.486933789204379618e+08 5.349625418186187744e+02 4.227000000000000000e+03 0.000000000000000000e+00
3.800000000000000000e+01 4.000000000000000000e+00 4.000000000000000000e+00 1.306746989684545994e+08 1.306746989684545994e+08 1.494180699041222632e+08 1.494180699041222632e+08 4.499991612434387207e+02 3.327000000000000000e+03 0.000000000000000000e+00
3.900000000000000000e+01 4.000000000000000000e+00 4.000000000000000000e+00 1.339265670666113496e+08 1.339265670666113496e+08 1.493567903795660734e+08 1.493567903795660734e+08 7.813591547012329102e+02 5.727000000000000000e+03 0.000000000000000000e+00
4.000000000000000000e+01 4.000000000000000000e+00 4.000000000000000000e+00 1.347393267378887832e+08 1.347393267378887832e+08 1.539013390341815352e+08 1.539013390341815352e+08 1.130678841829299927e+03 9.177000000000000000e+03 0.000000000000000000e+00
4.100000000000000000e+01 4.000000000000000000e+00 4.000000000000000000e+00 1.347259026652666032e+08 1.347259026652666032e+08 1.530581900871619582e+08 1.530581900871619582e+08 1.115006229639053345e+03 9.177000000000000000e+03 0.000000000000000000e+00
4.200000000000000000e+01 4.000000000000000000e+00 4.000000000000000000e+00 1.366204699115237296e+08 1.366204699115237296e+08 1.479002823146598935e+08 1.479002823146598935e+08 5.266926305294036865e+02 4.377000000000000000e+03 0.000000000000000000e+00
4.300000000000000000e+01 4.000000000000000000e+00 4.000000000000000000e+00 1.296238951237811744e+08 1.296238951237811744e+08 1.511922734582904577e+08 1.511922734582904577e+08 7.110458481311798096e+02 7.377000000000000000e+03 0.000000000000000000e+00
4.400000000000000000e+01 4.000000000000000000e+00 4.000000000000000000e+00 1.349241215149185061e+08 1.349241215149185061e+08 1.559831310815674961e+08 1.559831310815674961e+08 9.994398572444915771e+02 8.427000000000000000e+03 0.000000000000000000e+00
4.500000000000000000e+01 4.000000000000000000e+00 4.000000000000000000e+00 1.352124852722090781e+08 1.352124852722090781e+08 1.475466206287705898e+08 1.475466206287705898e+08 5.308714609146118164e+02 3.177000000000000000e+03 0.000000000000000000e+00
4.600000000000000000e+01 4.000000000000000000e+00 4.000000000000000000e+00 1.326454032877826244e+08 1.326454032877826244e+08 1.529867589492982626e+08 1.529867589492982626e+08 1.178895128726959229e+03 1.127700000000000000e+04 0.000000000000000000e+00
4.700000000000000000e+01 4.000000000000000000e+00 4.000000000000000000e+00 1.318119624142631143e+08 1.318119624142631143e+08 1.476686440204444230e+08 1.476686440204444230e+08 7.153280613422393799e+02 6.177000000000000000e+03 0.000000000000000000e+00
4.800000000000000000e+01 4.000000000000000000e+00 4.000000000000000000e+00 1.322391893253500164e+08 1.322391893253500164e+08 1.549771761931014657e+08 1.549771761931014657e+08 1.255309717178344727e+03 1.097700000000000000e+04 0.000000000000000000e+00
4.900000000000000000e+01 4.000000000000000000e+00 4.000000000000000000e+00 1.343116764892688096e+08 1.343116764892688096e+08 1.480607625233241916e+08 1.480607625233241916e+08 4.595710346698760986e+02 3.927000000000000000e+03 0.000000000000000000e+00
5.000000000000000000e+01 4.000000000000000000e+00 4.000000000000000000e+00 1.320857980769679099e+08 1.320857980769679099e+08 1.484807839891656041e+08 1.484807839891656041e+08 6.370027930736541748e+02 4.827000000000000000e+03 0.000000000000000000e+00
5.100000000000000000e+01 4.000000000000000000e+00 4.000000000000000000e+00 1.349056836508889496e+08 1.349056836508889496e+08 1.553012062392372787e+08 1.553012062392372787e+08 2.355356215000152588e+03 1.157700000000000000e+04 0.000000000000000000e+00
5.300000000000000000e+01 4.000000000000000000e+00 4.000000000000000000e+00 1.303731735460772663e+08 1.303731735460772663e+08 1.484165453090662658e+08 1.484165453090662658e+08 6.281801583766937256e+02 5.277000000000000000e+03 0.000000000000000000e+00
5.600000000000000000e+01 4.000000000000000000e+00 4.000000000000000000e+00 1.341892256951734871e+08 1.341892256951734871e+08 1.506759440036529601e+08 1.506759440036529601e+08 1.094739730119705200e+03 6.627000000000000000e+03 0.000000000000000000e+00
5.700000000000000000e+01 4.000000000000000000e+00 4.000000000000000000e+00 1.372481865080830455e+08 1.372481865080830455e+08 1.487650909894232154e+08 1.487650909894232154e+08 6.997707729339599609e+02 5.427000000000000000e+03 0.000000000000000000e+00
5.800000000000000000e+01 4.000000000000000000e+00 4.000000000000000000e+00 1.337561347650076598e+08 1.337561347650076598e+08 1.569086296905602813e+08 1.569086296905602813e+08 1.867731357097625732e+03 1.997700000000000000e+04 0.000000000000000000e+00
5.900000000000000000e+01 4.000000000000000000e+00 4.000000000000000000e+00 1.320589562567523271e+08 1.320589562567523271e+08 1.565341306401302814e+08 1.565341306401302814e+08 1.243120548725128174e+03 1.172700000000000000e+04 0.000000000000000000e+00
6.000000000000000000e+01 4.000000000000000000e+00 4.000000000000000000e+00 1.334265982104865015e+08 1.334265982104865015e+08 1.557886831874612570e+08 1.557886831874612570e+08 7.271543655395507812e+02 6.027000000000000000e+03 0.000000000000000000e+00
6.100000000000000000e+01 4.000000000000000000e+00 4.000000000000000000e+00 1.376707775355710387e+08 1.376707775355710387e+08 1.491476876786171496e+08 1.491476876786171496e+08 4.479870345592498779e+02 3.627000000000000000e+03 0.000000000000000000e+00
6.200000000000000000e+01 4.000000000000000000e+00 4.000000000000000000e+00 1.385537248899561167e+08 1.385537248899561167e+08 1.554227998837020695e+08 1.554227998837020695e+08 1.331014183521270752e+03 1.292700000000000000e+04 0.000000000000000000e+00
6.300000000000000000e+01 4.000000000000000000e+00 4.000000000000000000e+00 1.328717204532525390e+08 1.328717204532525390e+08 1.545284203918537199e+08 1.545284203918537199e+08 5.412191131114959717e+02 4.077000000000000000e+03 0.000000000000000000e+00
6.400000000000000000e+01 4.000000000000000000e+00 4.000000000000000000e+00 1.264519693887743354e+08 1.264519693887743354e+08 1.486730372886100411e+08 1.486730372886100411e+08 7.667755982875823975e+02 6.477000000000000000e+03 0.000000000000000000e+00
6.500000000000000000e+01 4.000000000000000000e+00 4.000000000000000000e+00 1.295279465090803653e+08 1.295279465090803653e+08 1.504063245791110098e+08 1.504063245791110098e+08 1.213072905063629150e+03 9.477000000000000000e+03 0.000000000000000000e+00
6.600000000000000000e+01 4.000000000000000000e+00 4.000000000000000000e+00 1.386987713685267568e+08 1.386987713685267568e+08 1.540447610147546232e+08 1.540447610147546232e+08 9.444003710746765137e+02 8.127000000000000000e+03 0.000000000000000000e+00
6.700000000000000000e+01 4.000000000000000000e+00 4.000000000000000000e+00 1.348196124658019543e+08 1.348196124658019543e+08 1.546040664248670042e+08 1.546040664248670042e+08 8.879460370540618896e+02 7.227000000000000000e+03 0.000000000000000000e+00
6.800000000000000000e+01 4.000000000000000000e+00 4.000000000000000000e+00 1.341840323999063522e+08 1.341840323999063522e+08 1.568900231457993388e+08 1.568900231457993388e+08 1.191780524730682373e+03 1.052700000000000000e+04 0.000000000000000000e+00
6.900000000000000000e+01 4.000000000000000000e+00 4.000000000000000000e+00 1.314810741205542386e+08 1.314810741205542386e+08 1.505324018075247705e+08 1.505324018075247705e+08 6.120918588638305664e+02 4.377000000000000000e+03 0.000000000000000000e+00
7.000000000000000000e+01 4.000000000000000000e+00 4.000000000000000000e+00 1.307472314934651107e+08 1.307472314934651107e+08 1.488263938106552064e+08 1.488263938106552064e+08 4.865548589229583740e+02 4.077000000000000000e+03 0.000000000000000000e+00
7.100000000000000000e+01 4.000000000000000000e+00 4.000000000000000000e+00 1.271785389037184864e+08 1.271785389037184864e+08 1.537628381444913745e+08 1.537628381444913745e+08 1.102716380357742310e+03 9.927000000000000000e+03 0.000000000000000000e+00
7.200000000000000000e+01 4.000000000000000000e+00 4.000000000000000000e+00 1.353409121736965775e+08 1.353409121736965775e+08 1.547942078574819565e+08 1.547942078574819565e+08 9.876482193470001221e+02 7.227000000000000000e+03 0.000000000000000000e+00
7.300000000000000000e+01 4.000000000000000000e+00 4.000000000000000000e+00 1.337684194169633090e+08 1.337684194169633090e+08 1.503389745654168725e+08 1.503389745654168725e+08 1.303814718484878540e+03 1.127700000000000000e+04 0.000000000000000000e+00
7.500000000000000000e+01 4.000000000000000000e+00 4.000000000000000000e+00 1.360574994160883725e+08 1.360574994160883725e+08 1.523353842488825023e+08 1.523353842488825023e+08 1.219108497858047485e+03 6.627000000000000000e+03 0.000000000000000000e+00
7.600000000000000000e+01 4.000000000000000000e+00 4.000000000000000000e+00 1.321788306546946019e+08 1.321788306546946019e+08 1.497596732027040720e+08 1.497596732027040720e+08 9.000471708774566650e+02 7.077000000000000000e+03 0.000000000000000000e+00
7.800000000000000000e+01 4.000000000000000000e+00 4.000000000000000000e+00 1.350827815215594172e+08 1.350827815215594172e+08 1.490070137637496591e+08 1.490070137637496591e+08 7.869035155773162842e+02 5.427000000000000000e+03 0.000000000000000000e+00
7.900000000000000000e+01 4.000000000000000000e+00 4.000000000000000000e+00 1.331480252059898973e+08 1.331480252059898973e+08 1.461051029789056182e+08 1.461051029789056182e+08 1.297437720060348511e+03 5.127000000000000000e+03 0.000000000000000000e+00
8.000000000000000000e+01 4.000000000000000000e+00 4.000000000000000000e+00 1.260279221843246371e+08 1.260279221843246371e+08 1.497636699241088331e+08 1.497636699241088331e+08 8.914835104942321777e+02 4.677000000000000000e+03 0.000000000000000000e+00
8.100000000000000000e+01 4.000000000000000000e+00 4.000000000000000000e+00 1.389317411155026257e+08 1.389317411155026257e+08 1.469342258621695042e+08 1.469342258621695042e+08 5.646182906627655029e+02 3.177000000000000000e+03 0.000000000000000000e+00
8.200000000000000000e+01 4.000000000000000000e+00 4.000000000000000000e+00 1.366643819625511169e+08 1.366643819625511169e+08 1.475831983902495801e+08 1.475831983902495801e+08 1.236793332576751709e+03 4.377000000000000000e+03 0.000000000000000000e+00
8.300000000000000000e+01 4.000000000000000000e+00 4.000000000000000000e+00 1.354827744265988767e+08 1.354827744265988767e+08 1.488117909110482335e+08 1.488117909110482335e+08 6.215850369930267334e+02 3.177000000000000000e+03 0.000000000000000000e+00
8.400000000000000000e+01 4.000000000000000000e+00 4.000000000000000000e+00 1.363780303821896315e+08 1.363780303821896315e+08 1.546387906824600995e+08 1.546387906824600995e+08 1.429281697273254395e+03 1.022700000000000000e+04 0.000000000000000000e+00
8.500000000000000000e+01 4.000000000000000000e+00 4.000000000000000000e+00 1.324030754085644335e+08 1.324030754085644335e+08 1.466259751005518436e+08 1.466259751005518436e+08 4.308348770141601562e+02 3.327000000000000000e+03 0.000000000000000000e+00
8.600000000000000000e+01 4.000000000000000000e+00 4.000000000000000000e+00 1.275251189217265695e+08 1.275251189217265695e+08 1.492953654271059632e+08 1.492953654271059632e+08 5.068078963756561279e+02 4.077000000000000000e+03 0.000000000000000000e+00
8.700000000000000000e+01 4.000000000000000000e+00 4.000000000000000000e+00 1.367734071200947165e+08 1.367734071200947165e+08 1.540416708418476284e+08 1.540416708418476284e+08 1.011211531162261963e+03 7.827000000000000000e+03 0.000000000000000000e+00
8.800000000000000000e+01 4.000000000000000000e+00 4.000000000000000000e+00 1.334265963467357159e+08 1.334265963467357159e+08 1.457720965946574509e+08 1.457720965946574509e+08 1.363149948358535767e+03 4.527000000000000000e+03 0.000000000000000000e+00
8.900000000000000000e+01 4.000000000000000000e+00 4.000000000000000000e+00 1.331525450823083669e+08 1.331525450823083669e+08 1.478778987389872670e+08 1.478778987389872670e+08 3.929607603549957275e+02 3.177000000000000000e+03 0.000000000000000000e+00
9.000000000000000000e+01 4.000000000000000000e+00 4.000000000000000000e+00 1.343683348099146485e+08 1.343683348099146485e+08 1.545630525208603144e+08 1.545630525208603144e+08 1.216124250411987305e+03 7.527000000000000000e+03 0.000000000000000000e+00
9.100000000000000000e+01 4.000000000000000000e+00 4.000000000000000000e+00 1.364333697783539295e+08 1.364333697783539295e+08 1.531109137814721167e+08 1.531109137814721167e+08 8.286124343872070312e+02 7.377000000000000000e+03 0.000000000000000000e+00
9.200000000000000000e+01 4.000000000000000000e+00 4.000000000000000000e+00 1.329565497798619568e+08 1.329565497798619568e+08 1.549097291007028520e+08 1.549097291007028520e+08 1.844951530933380127e+03 5.727000000000000000e+03 0.000000000000000000e+00
9.300000000000000000e+01 4.000000000000000000e+00 4.000000000000000000e+00 1.367394850303303301e+08 1.367394850303303301e+08 1.493814928021000624e+08 1.493814928021000624e+08 1.519419977903366089e+03 5.127000000000000000e+03 0.000000000000000000e+00
9.400000000000000000e+01 4.000000000000000000e+00 4.000000000000000000e+00 1.326719694031057060e+08 1.326719694031057060e+08 1.528210374519456923e+08 1.528210374519456923e+08 1.627773980855941772e+03 1.172700000000000000e+04 0.000000000000000000e+00
9.500000000000000000e+01 4.000000000000000000e+00 4.000000000000000000e+00 1.330825264867765754e+08 1.330825264867765754e+08 1.512358972249012589e+08 1.512358972249012589e+08 5.992959609031677246e+02 4.377000000000000000e+03 0.000000000000000000e+00
9.600000000000000000e+01 4.000000000000000000e+00 4.000000000000000000e+00 1.379720127607906163e+08 1.379720127607906163e+08 1.567286167816271186e+08 1.567286167816271186e+08 1.151870863437652588e+03 8.127000000000000000e+03 0.000000000000000000e+00
9.900000000000000000e+01 4.000000000000000000e+00 4.000000000000000000e+00 1.367954413368946016e+08 1.367954413368946016e+08 1.499065870281722546e+08 1.499065870281722546e+08 7.446953155994415283e+02 5.277000000000000000e+03 0.000000000000000000e+00
1.000000000000000000e+02 4.000000000000000000e+00 4.000000000000000000e+00 1.364331891794251204e+08 1.364331891794251204e+08 1.514624456915701926e+08 1.514624456915701926e+08 7.845122070312500000e+02 5.877000000000000000e+03 0.000000000000000000e+00
1.010000000000000000e+02 4.000000000000000000e+00 4.000000000000000000e+00 1.348164408360273540e+08 1.348164408360273540e+08 1.514624628914494812e+08 1.514624628914494812e+08 6.404669606685638428e+02 4.377000000000000000e+03 0.000000000000000000e+00
1.030000000000000000e+02 4.000000000000000000e+00 4.000000000000000000e+00 1.282738044079990834e+08 1.282738044079990834e+08 1.537210096420869827e+08 1.537210096420869827e+08 1.329092933654785156e+03 1.052700000000000000e+04 0.000000000000000000e+00
1.040000000000000000e+02 4.000000000000000000e+00 4.000000000000000000e+00 1.386108539299563468e+08 1.386108539299563468e+08 1.481181524025625288e+08 1.481181524025625288e+08 5.773348958492279053e+02 3.627000000000000000e+03 0.000000000000000000e+00
1.050000000000000000e+02 4.000000000000000000e+00 4.000000000000000000e+00 1.372077872715809643e+08 1.372077872715809643e+08 1.536379236783203185e+08 1.536379236783203185e+08 1.135979069232940674e+03 9.327000000000000000e+03 0.000000000000000000e+00
1.060000000000000000e+02 4.000000000000000000e+00 4.000000000000000000e+00 1.268854580822440684e+08 1.268854580822440684e+08 1.582852069506515563e+08 1.582852069506515563e+08 1.392832127571105957e+03 1.262700000000000000e+04 0.000000000000000000e+00
1.070000000000000000e+02 4.000000000000000000e+00 4.000000000000000000e+00 1.350796261022531986e+08 1.350796261022531986e+08 1.526842850033065081e+08 1.526842850033065081e+08 1.532753621101379395e+03 1.652700000000000000e+04 0.000000000000000000e+00
1.080000000000000000e+02 4.000000000000000000e+00 4.000000000000000000e+00 1.352885808211193085e+08 1.352885808211193085e+08 1.474904832610177100e+08 1.474904832610177100e+08 5.037706642150878906e+02 3.477000000000000000e+03 0.000000000000000000e+00
1.090000000000000000e+02 4.000000000000000000e+00 4.000000000000000000e+00 1.269378984595021158e+08 1.269378984595021158e+08 1.527456332950012684e+08 1.527456332950012684e+08 1.899830345869064331e+03 2.207700000000000000e+04 0.000000000000000000e+00
1.100000000000000000e+02 4.000000000000000000e+00 4.000000000000000000e+00 1.305111787627122104e+08 1.305111787627122104e+08 1.425042042171528637e+08 1.425042042171528637e+08 4.109123442173004150e+02 3.327000000000000000e+03 0.000000000000000000e+00
1.110000000000000000e+02 4.000000000000000000e+00 4.000000000000000000e+00 1.259330020143000931e+08 1.259330020143000931e+08 1.496086639879241288e+08 1.496086639879241288e+08 1.064543178081512451e+03 9.477000000000000000e+03 0.000000000000000000e+00
1.120000000000000000e+02 4.000000000000000000e+00 4.000000000000000000e+00 1.323506466513163447e+08 1.323506466513163447e+08 1.540459912326125205e+08 1.540459912326125205e+08 8.598737709522247314e+02 6.477000000000000000e+03 0.000000000000000000e+00
1.130000000000000000e+02 4.000000000000000000e+00 4.000000000000000000e+00 1.321104039936306030e+08 1.321104039936306030e+08 1.530330613169349134e+08 1.530330613169349134e+08 1.101869436502456665e+03 7.377000000000000000e+03 0.000000000000000000e+00
1.140000000000000000e+02 4.000000000000000000e+00 4.000000000000000000e+00 1.395763372246738374e+08 1.395763372246738374e+08 1.481365189564946294e+08 1.481365189564946294e+08 1.054455920457839966e+03 3.477000000000000000e+03 0.000000000000000000e+00
1.150000000000000000e+02 4.000000000000000000e+00 4.000000000000000000e+00 1.315018047249899805e+08 1.315018047249899805e+08 1.476253535006230175e+08 1.476253535006230175e+08 4.368185279369354248e+02 3.627000000000000000e+03 0.000000000000000000e+00
1.160000000000000000e+02 4.000000000000000000e+00 4.000000000000000000e+00 1.377644111192907989e+08 1.377644111192907989e+08 1.519354920202923119e+08 1.519354920202923119e+08 1.644443429231643677e+03 1.007700000000000000e+04 0.000000000000000000e+00
1.170000000000000000e+02 4.000000000000000000e+00 4.000000000000000000e+00 1.310141917867961079e+08 1.310141917867961079e+08 1.525048895160790086e+08 1.525048895160790086e+08 9.444878826141357422e+02 4.077000000000000000e+03 0.000000000000000000e+00
1.180000000000000000e+02 4.000000000000000000e+00 4.000000000000000000e+00 1.331529434451057166e+08 1.331529434451057166e+08 1.467604501425295472e+08 1.467604501425295472e+08 6.052033154964447021e+02 4.227000000000000000e+03 0.000000000000000000e+00
1.190000000000000000e+02 4.000000000000000000e+00 4.000000000000000000e+00 1.322427284923307300e+08 1.322427284923307300e+08 1.513927039313437045e+08 1.513927039313437045e+08 8.697903957366943359e+02 6.777000000000000000e+03 0.000000000000000000e+00
1.200000000000000000e+02 4.000000000000000000e+00 4.000000000000000000e+00 1.354695729377106428e+08 1.354695729377106428e+08 1.417349265276100934e+08 1.417349265276100934e+08 4.458409123420715332e+02 3.327000000000000000e+03 0.000000000000000000e+00
1.210000000000000000e+02 4.000000000000000000e+00 4.000000000000000000e+00 1.389098024065226316e+08 1.389098024065226316e+08 1.545371160177944005e+08 1.545371160177944005e+08 1.235092190980911255e+03 9.477000000000000000e+03 0.000000000000000000e+00
1.220000000000000000e+02 4.000000000000000000e+00 4.000000000000000000e+00 1.326625710011562407e+08 1.326625710011562407e+08 1.467531362799078822e+08 1.467531362799078822e+08 6.543486266136169434e+02 3.027000000000000000e+03 0.000000000000000000e+00
1.240000000000000000e+02 4.000000000000000000e+00 4.000000000000000000e+00 1.278090170245954692e+08 1.278090170245954692e+08 1.501145427787058055e+08 1.501145427787058055e+08 1.038490479946136475e+03 5.427000000000000000e+03 0.000000000000000000e+00
1.250000000000000000e+02 4.000000000000000000e+00 4.000000000000000000e+00 1.348402867038979828e+08 1.348402867038979828e+08 1.498273140949209929e+08 1.498273140949209929e+08 1.090500259399414062e+03 4.977000000000000000e+03 0.000000000000000000e+00
1.270000000000000000e+02 4.000000000000000000e+00 4.000000000000000000e+00 1.332698609548356235e+08 1.332698609548356235e+08 1.519991031946389377e+08 1.519991031946389377e+08 5.398595473766326904e+02 3.627000000000000000e+03 0.000000000000000000e+00
1.290000000000000000e+02 4.000000000000000000e+00 4.000000000000000000e+00 1.339224734454903305e+08 1.339224734454903305e+08 1.496387757849842906e+08 1.496387757849842906e+08 1.482494015216827393e+03 6.477000000000000000e+03 0.000000000000000000e+00
1.300000000000000000e+02 4.000000000000000000e+00 4.000000000000000000e+00 1.303170074600643367e+08 1.303170074600643367e+08 1.487303899812193215e+08 1.487303899812193215e+08 9.421567504405975342e+02 4.077000000000000000e+03 0.000000000000000000e+00
1.320000000000000000e+02 4.000000000000000000e+00 4.000000000000000000e+00 1.313878795683342665e+08 1.313878795683342665e+08 1.514845354142800272e+08 1.514845354142800272e+08 8.289672479629516602e+02 4.977000000000000000e+03 0.000000000000000000e+00
1.330000000000000000e+02 4.000000000000000000e+00 4.000000000000000000e+00 1.318937808994181305e+08 1.318937808994181305e+08 1.501026677795012891e+08 1.501026677795012891e+08 8.312216451168060303e+02 6.927000000000000000e+03 0.000000000000000000e+00
1.340000000000000000e+02 4.000000000000000000e+00 4.000000000000000000e+00 1.301521630552963018e+08 1.301521630552963018e+08 1.486944102510485649e+08 1.486944102510485649e+08 1.234255207538604736e+03 4.977000000000000000e+03 0.000000000000000000e+00
1.350000000000000000e+02 4.000000000000000000e+00 4.000000000000000000e+00 1.390471799519575238e+08 1.390471799519575238e+08 1.514382771260189414e+08 1.514382771260189414e+08 7.401324138641357422e+02 5.127000000000000000e+03 0.000000000000000000e+00
1.360000000000000000e+02 4.000000000000000000e+00 4.000000000000000000e+00 1.354210975301354527e+08 1.354210975301354527e+08 1.556835580281115174e+08 1.556835580281115174e+08 8.408272001743316650e+02 5.877000000000000000e+03 0.000000000000000000e+00
1.370000000000000000e+02 4.000000000000000000e+00 4.000000000000000000e+00 1.385888269697278142e+08 1.385888269697278142e+08 1.432047557089702785e+08 1.432047557089702785e+08 4.414564132690429688e+02 3.327000000000000000e+03 0.000000000000000000e+00
1.380000000000000000e+02 4.000000000000000000e+00 4.000000000000000000e+00 1.373892899473571777e+08 1.373892899473571777e+08 1.517497373279763758e+08 1.517497373279763758e+08 5.446015179157257080e+02 4.377000000000000000e+03 0.000000000000000000e+00
1.390000000000000000e+02 4.000000000000000000e+00 4.000000000000000000e+00 1.353750007987733483e+08 1.353750007987733483e+08 1.549384881765771210e+08 1.549384881765771210e+08 2.233247932195663452e+03 2.522700000000000000e+04 0.000000000000000000e+00
1.400000000000000000e+02 4.000000000000000000e+00 4.000000000000000000e+00 1.270407122563885450e+08 1.270407122563885450e+08 1.474516886393052936e+08 1.474516886393052936e+08 6.438401937484741211e+02 4.977000000000000000e+03 0.000000000000000000e+00
1.410000000000000000e+02 4.000000000000000000e+00 4.000000000000000000e+00 1.355290570257217586e+08 1.355290570257217586e+08 1.554595073943787217e+08 1.554595073943787217e+08 1.202180814266204834e+03 9.627000000000000000e+03 0.000000000000000000e+00
1.420000000000000000e+02 4.000000000000000000e+00 4.000000000000000000e+00 1.299658987845369428e+08 1.299658987845369428e+08 1.498723986529650390e+08 1.498723986529650390e+08 7.884283199310302734e+02 6.477000000000000000e+03 0.000000000000000000e+00
1.430000000000000000e+02 4.000000000000000000e+00 4.000000000000000000e+00 1.329818647362211794e+08 1.329818647362211794e+08 1.436769643826008439e+08 1.436769643826008439e+08 3.185421247482299805e+02 2.577000000000000000e+03 0.000000000000000000e+00
1.440000000000000000e+02 4.000000000000000000e+00 4.000000000000000000e+00 1.354880133548166454e+08 1.354880133548166454e+08 1.479747978463207185e+08 1.479747978463207185e+08 3.829945981502532959e+02 3.177000000000000000e+03 0.000000000000000000e+00
1.450000000000000000e+02 4.000000000000000000e+00 4.000000000000000000e+00 1.311350881466673613e+08 1.311350881466673613e+08 1.460446892581232488e+08 1.460446892581232488e+08 1.124874764442443848e+03 9.177000000000000000e+03 0.000000000000000000e+00
1.460000000000000000e+02 4.000000000000000000e+00 4.000000000000000000e+00 1.385931020604154468e+08 1.385931020604154468e+08 1.568727797350787520e+08 1.568727797350787520e+08 1.165242921829223633e+03 1.127700000000000000e+04 0.000000000000000000e+00
1.470000000000000000e+02 4.000000000000000000e+00 4.000000000000000000e+00 1.354838215397365093e+08 1.354838215397365093e+08 1.513471422999036014e+08 1.513471422999036014e+08 1.176284736633300781e+03 9.327000000000000000e+03 0.000000000000000000e+00
1.480000000000000000e+02 4.000000000000000000e+00 4.000000000000000000e+00 1.309046391100168079e+08 1.309046391100168079e+08 1.569227818675137758e+08 1.569227818675137758e+08 8.003506107330322266e+02 6.627000000000000000e+03 0.000000000000000000e+00
1.490000000000000000e+02 4.000000000000000000e+00 4.000000000000000000e+00 1.361283005798567832e+08 1.361283005798567832e+08 1.511290631307663918e+08 1.511290631307663918e+08 5.615139851570129395e+02 4.677000000000000000e+03 0.000000000000000000e+00
1.500000000000000000e+02 4.000000000000000000e+00 4.000000000000000000e+00 1.294286504288313687e+08 1.294286504288313687e+08 1.549479961430401504e+08 1.549479961430401504e+08 1.183953349113464355e+03 1.067700000000000000e+04 0.000000000000000000e+00
1.510000000000000000e+02 4.000000000000000000e+00 4.000000000000000000e+00 1.300020237913912982e+08 1.300020237913912982e+08 1.516938214714466035e+08 1.516938214714466035e+08 9.843526110649108887e+02 8.577000000000000000e+03 0.000000000000000000e+00
1.520000000000000000e+02 4.000000000000000000e+00 4.000000000000000000e+00 1.348079978834531307e+08 1.348079978834531307e+08 1.534807891836289763e+08 1.534807891836289763e+08 1.082865575790405273e+03 9.177000000000000000e+03 0.000000000000000000e+00
1.530000000000000000e+02 4.000000000000000000e+00 4.000000000000000000e+00 1.309857623990257233e+08 1.309857623990257233e+08 1.517282679134618938e+08 1.517282679134618938e+08 3.619153320789337158e+02 3.027000000000000000e+03 0.000000000000000000e+00
1.540000000000000000e+02 4.000000000000000000e+00 4.000000000000000000e+00 1.279516252326561362e+08 1.279516252326561362e+08 1.423294745321006775e+08 1.423294745321006775e+08 6.166965644359588623e+02 4.827000000000000000e+03 0.000000000000000000e+00
1.550000000000000000e+02 4.000000000000000000e+00 4.000000000000000000e+00 1.286701623754239082e+08 1.286701623754239082e+08 1.540602902669042051e+08 1.540602902669042051e+08 8.732258322238922119e+02 6.927000000000000000e+03 0.000000000000000000e+00
1.560000000000000000e+02 4.000000000000000000e+00 4.000000000000000000e+00 1.376340078945332766e+08 1.376340078945332766e+08 1.549841771372177899e+08 1.549841771372177899e+08 1.150671241044998169e+03 6.327000000000000000e+03 0.000000000000000000e+00
1.570000000000000000e+02 4.000000000000000000e+00 4.000000000000000000e+00 1.348734184922113717e+08 1.348734184922113717e+08 1.505341954300808012e+08 1.505341954300808012e+08 6.962662265300750732e+02 4.827000000000000000e+03 0.000000000000000000e+00
1.580000000000000000e+02 4.000000000000000000e+00 4.000000000000000000e+00 1.341173720144850016e+08 1.341173720144850016e+08 1.515051113927552700e+08 1.515051113927552700e+08 1.234317894935607910e+03 6.477000000000000000e+03 0.000000000000000000e+00
1.590000000000000000e+02 4.000000000000000000e+00 4.000000000000000000e+00 1.315045753216224313e+08 1.315045753216224313e+08 1.479234323447557688e+08 1.479234323447557688e+08 9.404070036411285400e+02 7.827000000000000000e+03 0.000000000000000000e+00
1.600000000000000000e+02 4.000000000000000000e+00 4.000000000000000000e+00 1.361172923089963198e+08 1.361172923089963198e+08 1.533924391111055911e+08 1.533924391111055911e+08 9.815362157821655273e+02 8.127000000000000000e+03 0.000000000000000000e+00
1.610000000000000000e+02 4.000000000000000000e+00 4.000000000000000000e+00 1.352722782881089449e+08 1.352722782881089449e+08 1.499192409770222902e+08 1.499192409770222902e+08 7.551174371242523193e+02 4.827000000000000000e+03 0.000000000000000000e+00
1.620000000000000000e+02 4.000000000000000000e+00 4.000000000000000000e+00 1.355155636705131829e+08 1.355155636705131829e+08 1.521403452744080424e+08 1.521403452744080424e+08 5.922708663940429688e+02 3.777000000000000000e+03 0.000000000000000000e+00
1.630000000000000000e+02 4.000000000000000000e+00 4.000000000000000000e+00 1.358855407400818765e+08 1.358855407400818765e+08 1.503857108311954439e+08 1.503857108311954439e+08 5.910330176353454590e+02 5.277000000000000000e+03 0.000000000000000000e+00
1.640000000000000000e+02 4.000000000000000000e+00 4.000000000000000000e+00 1.340752268836639076e+08 1.340752268836639076e+08 1.513215983228838146e+08 1.513215983228838146e+08 1.163055776834487915e+03 8.577000000000000000e+03 0.000000000000000000e+00
1.650000000000000000e+02 4.000000000000000000e+00 4.000000000000000000e+00 1.303560679662277251e+08 1.303560679662277251e+08 1.504926941720627546e+08 1.504926941720627546e+08 9.458970608711242676e+02 6.477000000000000000e+03 0.000000000000000000e+00
1.660000000000000000e+02 4.000000000000000000e+00 4.000000000000000000e+00 1.379439392252698541e+08 1.379439392252698541e+08 1.519279416847777963e+08 1.519279416847777963e+08 4.647568187713623047e+02 3.627000000000000000e+03 0.000000000000000000e+00
1.670000000000000000e+02 4.000000000000000000e+00 4.000000000000000000e+00 1.391660313676660061e+08 1.391660313676660061e+08 1.547699320933791995e+08 1.547699320933791995e+08 1.636696120738983154e+03 1.607700000000000000e+04 0.000000000000000000e+00
1.680000000000000000e+02 4.000000000000000000e+00 4.000000000000000000e+00 1.372512749479860365e+08 1.372512749479860365e+08 1.510210326125278175e+08 1.510210326125278175e+08 6.567301003932952881e+02 4.527000000000000000e+03 0.000000000000000000e+00
1.690000000000000000e+02 4.000000000000000000e+00 4.000000000000000000e+00 1.342092194153587222e+08 1.342092194153587222e+08 1.508508943600042760e+08 1.508508943600042760e+08 5.888575105667114258e+02 4.227000000000000000e+03 0.000000000000000000e+00
1.700000000000000000e+02 4.000000000000000000e+00 4.000000000000000000e+00 1.323037488073294759e+08 1.323037488073294759e+08 1.504055739254511893e+08 1.504055739254511893e+08 9.362038745880126953e+02 7.077000000000000000e+03 0.000000000000000000e+00
1.710000000000000000e+02 4.000000000000000000e+00 4.000000000000000000e+00 1.318596224626245499e+08 1.318596224626245499e+08 1.560538443869846463e+08 1.560538443869846463e+08 1.495552149534225464e+03 1.532700000000000000e+04 0.000000000000000000e+00
1.720000000000000000e+02 4.000000000000000000e+00 4.000000000000000000e+00 1.313308665733533353e+08 1.313308665733533353e+08 1.456237465024098456e+08 1.456237465024098456e+08 8.384320783615112305e+02 6.027000000000000000e+03 0.000000000000000000e+00
1.730000000000000000e+02 4.000000000000000000e+00 4.000000000000000000e+00 1.359343647000352144e+08 1.359343647000352144e+08 1.540227195202770233e+08 1.540227195202770233e+08 7.245213890075683594e+02 5.727000000000000000e+03 0.000000000000000000e+00
1.740000000000000000e+02 4.000000000000000000e+00 4.000000000000000000e+00 1.324358727549350262e+08 1.324358727549350262e+08 1.554219861343566775e+08 1.554219861343566775e+08 8.063228754997253418e+02 6.627000000000000000e+03 0.000000000000000000e+00
1.750000000000000000e+02 4.000000000000000000e+00 4.000000000000000000e+00 1.364188805236315131e+08 1.364188805236315131e+08 1.506333780573823452e+08 1.506333780573823452e+08 4.020106115341186523e+02 2.877000000000000000e+03 0.000000000000000000e+00
1.760000000000000000e+02 4.000000000000000000e+00 4.000000000000000000e+00 1.386970751033602059e+08 1.386970751033602059e+08 1.507673965282191932e+08 1.507673965282191932e+08 8.264599969387054443e+02 6.327000000000000000e+03 0.000000000000000000e+00
1.770000000000000000e+02 4.000000000000000000e+00 4.000000000000000000e+00 1.347770035823042095e+08 1.347770035823042095e+08 1.445545717320584357e+08 1.445545717320584357e+08 7.914193480014801025e+02 4.677000000000000000e+03 0.000000000000000000e+00
1.780000000000000000e+02 4.000000000000000000e+00 4.000000000000000000e+00 1.303572757329550385e+08 1.303572757329550385e+08 1.469378796893082261e+08 1.469378796893082261e+08 4.585014545917510986e+02 3.627000000000000000e+03 0.000000000000000000e+00
1.790000000000000000e+02 4.000000000000000000e+00 4.000000000000000000e+00 1.432180931489332914e+08 1.432180931489332914e+08 1.546932045815596879e+08 1.546932045815596879e+08 1.078666910171508789e+03 9.327000000000000000e+03 0.000000000000000000e+00
1.800000000000000000e+02 4.000000000000000000e+00 4.000000000000000000e+00 1.307242710628466457e+08 1.307242710628466457e+08 1.517437566361949146e+08 1.517437566361949146e+08 1.324654160976409912e+03 1.172700000000000000e+04 0.000000000000000000e+00
1.810000000000000000e+02 4.000000000000000000e+00 4.000000000000000000e+00 1.309100065952627063e+08 1.309100065952627063e+08 1.511164339056206644e+08 1.511164339056206644e+08 1.923965449810028076e+03 1.022700000000000000e+04 0.000000000000000000e+00
1.820000000000000000e+02 4.000000000000000000e+00 4.000000000000000000e+00 1.267018463386579752e+08 1.267018463386579752e+08 1.490104690247826278e+08 1.490104690247826278e+08 1.087014420032501221e+03 4.227000000000000000e+03 0.000000000000000000e+00
1.830000000000000000e+02 4.000000000000000000e+00 4.000000000000000000e+00 1.297814346691154242e+08 1.297814346691154242e+08 1.498954078094244599e+08 1.498954078094244599e+08 8.960170681476593018e+02 6.777000000000000000e+03 0.000000000000000000e+00
1.840000000000000000e+02 4.000000000000000000e+00 4.000000000000000000e+00 1.283029952918147296e+08 1.283029952918147296e+08 1.500276899319972992e+08 1.500276899319972992e+08 1.559557681798934937e+03 7.227000000000000000e+03 0.000000000000000000e+00
1.850000000000000000e+02 4.000000000000000000e+00 4.000000000000000000e+00 1.367643146348867118e+08 1.367643146348867118e+08 1.558338259407177269e+08 1.558338259407177269e+08 1.899638480663299561e+03 1.127700000000000000e+04 0.000000000000000000e+00
1.860000000000000000e+02 4.000000000000000000e+00 4.000000000000000000e+00 1.343787766803866327e+08 1.343787766803866327e+08 1.510335495281293690e+08 1.510335495281293690e+08 1.069463191509246826e+03 7.527000000000000000e+03 0.000000000000000000e+00
1.870000000000000000e+02 4.000000000000000000e+00 4.000000000000000000e+00 1.363017059599454105e+08 1.363017059599454105e+08 1.507941488976251781e+08 1.507941488976251781e+08 1.156157266378402710e+03 6.027000000000000000e+03 0.000000000000000000e+00
1.880000000000000000e+02 4.000000000000000000e+00 4.000000000000000000e+00 1.384429876512281895e+08 1.384429876512281895e+08 1.548722306201720834e+08 1.548722306201720834e+08 1.380248508214950562e+03 9.327000000000000000e+03 0.000000000000000000e+00
1.890000000000000000e+02 4.000000000000000000e+00 4.000000000000000000e+00 1.305725326163370907e+08 1.305725326163370907e+08 1.510537752176114619e+08 1.510537752176114619e+08 5.916854703426361084e+02 4.077000000000000000e+03 0.000000000000000000e+00
1.910000000000000000e+02 4.000000000000000000e+00 4.000000000000000000e+00 1.396698323245532513e+08 1.396698323245532513e+08 1.498216865918788314e+08 1.498216865918788314e+08 6.004147667884826660e+02 2.727000000000000000e+03 0.000000000000000000e+00
1.920000000000000000e+02 4.000000000000000000e+00 4.000000000000000000e+00 1.371059501556020379e+08 1.371059501556020379e+08 1.528173391945741475e+08 1.528173391945741475e+08 1.232053745269775391e+03 1.097700000000000000e+04 0.000000000000000000e+00
1.930000000000000000e+02 4.000000000000000000e+00 4.000000000000000000e+00 1.340088141273106188e+08 1.340088141273106188e+08 1.521346680823156834e+08 1.521346680823156834e+08 9.842143857479095459e+02 6.477000000000000000e+03 0.000000000000000000e+00
1.940000000000000000e+02 4.000000000000000000e+00 4.000000000000000000e+00 1.322954799122371525e+08 1.322954799122371525e+08 1.503111443433244824e+08 1.503111443433244824e+08 5.133846626281738281e+02 4.077000000000000000e+03 0.000000000000000000e+00
1.950000000000000000e+02 4.000000000000000000e+00 4.000000000000000000e+00 1.292585083207575977e+08 1.292585083207575977e+08 1.473086663341248930e+08 1.473086663341248930e+08 7.160147843360900879e+02 5.127000000000000000e+03 0.000000000000000000e+00
1.960000000000000000e+02 4.000000000000000000e+00 4.000000000000000000e+00 1.337884775314143896e+08 1.337884775314143896e+08 1.468885043882622123e+08 1.468885043882622123e+08 4.082379908561706543e+02 3.327000000000000000e+03 0.000000000000000000e+00
1.970000000000000000e+02 4.000000000000000000e+00 4.000000000000000000e+00 1.315295499490680397e+08 1.315295499490680397e+08 1.470734027089746296e+08 1.470734027089746296e+08 4.581979515552520752e+02 3.327000000000000000e+03 0.000000000000000000e+00
1.980000000000000000e+02 4.000000000000000000e+00 4.000000000000000000e+00 1.349268647302432358e+08 1.349268647302432358e+08 1.522919998886621594e+08 1.522919998886621594e+08 1.197056188583374023e+03 7.977000000000000000e+03 0.000000000000000000e+00
1.990000000000000000e+02 4.000000000000000000e+00 4.000000000000000000e+00 1.265227613832430243e+08 1.265227613832430243e+08 1.538569954871329367e+08 1.538569954871329367e+08 1.681072018384933472e+03 7.677000000000000000e+03 0.000000000000000000e+00
