# # run number, exp fac, ti calc, ti opt, aep init calc (kW), aep init opt (kW), aep run calc (kW), aep run opt (kW), run time (s), obj func calls, sens func calls
0.000000000000000000e+00 1.000000000000000000e+00 4.000000000000000000e+00 0.000000000000000000e+00 1.176132539878531933e+09 1.176132539878531933e+09 1.263263892814459324e+09 1.263263892814459324e+09 2.335363831520080566e+02 0.000000000000000000e+00 0.000000000000000000e+00
1.000000000000000000e+00 1.000000000000000000e+00 4.000000000000000000e+00 0.000000000000000000e+00 1.022996896560549021e+09 1.022996896560549021e+09 1.198419507359511614e+09 1.198419507359511614e+09 4.455390181541442871e+02 0.000000000000000000e+00 0.000000000000000000e+00
2.000000000000000000e+00 1.000000000000000000e+00 4.000000000000000000e+00 0.000000000000000000e+00 1.010248840966399431e+09 1.010248840966399431e+09 1.238858978620545626e+09 1.238858978620545626e+09 5.338552680015563965e+02 0.000000000000000000e+00 0.000000000000000000e+00
3.000000000000000000e+00 1.000000000000000000e+00 4.000000000000000000e+00 0.000000000000000000e+00 1.079334171122294903e+09 1.079334171122294903e+09 1.210006109406326532e+09 1.210006109406326532e+09 3.214721260070800781e+02 0.000000000000000000e+00 0.000000000000000000e+00
4.000000000000000000e+00 1.000000000000000000e+00 4.000000000000000000e+00 0.000000000000000000e+00 1.062310477511350632e+09 1.062310477511350632e+09 1.225743874556895733e+09 1.225743874556895733e+09 3.448620479106903076e+02 0.000000000000000000e+00 0.000000000000000000e+00
5.000000000000000000e+00 1.000000000000000000e+00 4.000000000000000000e+00 0.000000000000000000e+00 1.033898921979199529e+09 1.033898921979199529e+09 1.224751168909181356e+09 1.224751168909181356e+09 5.652713429927825928e+02 0.000000000000000000e+00 0.000000000000000000e+00
6.000000000000000000e+00 1.000000000000000000e+00 4.000000000000000000e+00 0.000000000000000000e+00 1.030605412434645176e+09 1.030605412434645176e+09 1.227620007368530273e+09 1.227620007368530273e+09 4.697988798618316650e+02 0.000000000000000000e+00 0.000000000000000000e+00
7.000000000000000000e+00 1.000000000000000000e+00 4.000000000000000000e+00 0.000000000000000000e+00 1.046907387448827147e+09 1.046907387448827147e+09 1.254648908074823380e+09 1.254648908074823380e+09 2.854552381038665771e+02 0.000000000000000000e+00 0.000000000000000000e+00
8.000000000000000000e+00 1.000000000000000000e+00 4.000000000000000000e+00 0.000000000000000000e+00 1.028589181750032187e+09 1.028589181750032187e+09 1.239374491350286961e+09 1.239374491350286961e+09 4.434168670177459717e+02 0.000000000000000000e+00 0.000000000000000000e+00
9.000000000000000000e+00 1.000000000000000000e+00 4.000000000000000000e+00 0.000000000000000000e+00 1.028259057476377249e+09 1.028259057476377249e+09 1.242954944003183365e+09 1.242954944003183365e+09 3.289823789596557617e+02 0.000000000000000000e+00 0.000000000000000000e+00
1.000000000000000000e+01 1.000000000000000000e+00 4.000000000000000000e+00 0.000000000000000000e+00 1.055228152653512836e+09 1.055228152653512836e+09 1.237804263692249537e+09 1.237804263692249537e+09 3.165726850032806396e+02 0.000000000000000000e+00 0.000000000000000000e+00
1.100000000000000000e+01 1.000000000000000000e+00 4.000000000000000000e+00 0.000000000000000000e+00 1.016117127925176978e+09 1.016117127925176978e+09 1.232003174663045168e+09 1.232003174663045168e+09 5.721275990009307861e+02 0.000000000000000000e+00 0.000000000000000000e+00
1.200000000000000000e+01 1.000000000000000000e+00 4.000000000000000000e+00 0.000000000000000000e+00 1.057172380421028256e+09 1.057172380421028256e+09 1.229014177497082233e+09 1.229014177497082233e+09 3.669432289600372314e+02 0.000000000000000000e+00 0.000000000000000000e+00
1.300000000000000000e+01 1.000000000000000000e+00 4.000000000000000000e+00 0.000000000000000000e+00 1.002833823807201266e+09 1.002833823807201266e+09 1.246722566629690409e+09 1.246722566629690409e+09 6.599366891384124756e+02 0.000000000000000000e+00 0.000000000000000000e+00
1.400000000000000000e+01 1.000000000000000000e+00 4.000000000000000000e+00 0.000000000000000000e+00 1.024519183424947500e+09 1.024519183424947500e+09 1.225431332495295048e+09 1.225431332495295048e+09 2.536308050155639648e+02 0.000000000000000000e+00 0.000000000000000000e+00
1.500000000000000000e+01 1.000000000000000000e+00 4.000000000000000000e+00 0.000000000000000000e+00 1.015452947804068327e+09 1.015452947804068327e+09 1.238158612232316256e+09 1.238158612232316256e+09 4.567782630920410156e+02 0.000000000000000000e+00 0.000000000000000000e+00
1.600000000000000000e+01 1.000000000000000000e+00 4.000000000000000000e+00 0.000000000000000000e+00 1.060957089285525203e+09 1.060957089285525203e+09 1.241177869376727581e+09 1.241177869376727581e+09 4.774720649719238281e+02 0.000000000000000000e+00 0.000000000000000000e+00
1.700000000000000000e+01 1.000000000000000000e+00 4.000000000000000000e+00 0.000000000000000000e+00 1.031007084760995150e+09 1.031007084760995150e+09 1.217725826009092331e+09 1.217725826009092331e+09 5.331762249469757080e+02 0.000000000000000000e+00 0.000000000000000000e+00
1.800000000000000000e+01 1.000000000000000000e+00 4.000000000000000000e+00 0.000000000000000000e+00 1.007482918479536772e+09 1.007482918479536772e+09 1.243989110765964746e+09 1.243989110765964746e+09 4.789422700405120850e+02 0.000000000000000000e+00 0.000000000000000000e+00
1.900000000000000000e+01 1.000000000000000000e+00 4.000000000000000000e+00 0.000000000000000000e+00 1.075334988183492661e+09 1.075334988183492661e+09 1.229382768718862534e+09 1.229382768718862534e+09 3.765808119773864746e+02 0.000000000000000000e+00 0.000000000000000000e+00
2.000000000000000000e+01 1.000000000000000000e+00 4.000000000000000000e+00 0.000000000000000000e+00 1.039079909991903543e+09 1.039079909991903543e+09 1.227622586459614277e+09 1.227622586459614277e+09 4.569895579814910889e+02 0.000000000000000000e+00 0.000000000000000000e+00
2.100000000000000000e+01 1.000000000000000000e+00 4.000000000000000000e+00 0.000000000000000000e+00 1.047924252437562585e+09 1.047924252437562585e+09 1.237663631650427580e+09 1.237663631650427580e+09 4.509050619602203369e+02 0.000000000000000000e+00 0.000000000000000000e+00
2.200000000000000000e+01 1.000000000000000000e+00 4.000000000000000000e+00 0.000000000000000000e+00 1.069624836196023703e+09 1.069624836196023703e+09 1.236495201978235483e+09 1.236495201978235483e+09 3.535778670310974121e+02 0.000000000000000000e+00 0.000000000000000000e+00
2.300000000000000000e+01 1.000000000000000000e+00 4.000000000000000000e+00 0.000000000000000000e+00 1.029975528168740869e+09 1.029975528168740869e+09 1.244824419078964233e+09 1.244824419078964233e+09 3.959640769958496094e+02 0.000000000000000000e+00 0.000000000000000000e+00
2.400000000000000000e+01 1.000000000000000000e+00 4.000000000000000000e+00 0.000000000000000000e+00 1.023117644069554806e+09 1.023117644069554806e+09 1.241895541624001026e+09 1.241895541624001026e+09 5.427251760959625244e+02 0.000000000000000000e+00 0.000000000000000000e+00
2.500000000000000000e+01 1.000000000000000000e+00 4.000000000000000000e+00 0.000000000000000000e+00 1.017295847024683595e+09 1.017295847024683595e+09 1.243442062722285032e+09 1.243442062722285032e+09 3.457759909629821777e+02 0.000000000000000000e+00 0.000000000000000000e+00
2.600000000000000000e+01 1.000000000000000000e+00 4.000000000000000000e+00 0.000000000000000000e+00 1.047227150513504028e+09 1.047227150513504028e+09 1.229454768993801117e+09 1.229454768993801117e+09 3.082182590961456299e+02 0.000000000000000000e+00 0.000000000000000000e+00
2.700000000000000000e+01 1.000000000000000000e+00 4.000000000000000000e+00 0.000000000000000000e+00 1.036798476388862967e+09 1.036798476388862967e+09 1.235480695063853502e+09 1.235480695063853502e+09 2.797301788330078125e+02 0.000000000000000000e+00 0.000000000000000000e+00
2.800000000000000000e+01 1.000000000000000000e+00 4.000000000000000000e+00 0.000000000000000000e+00 1.061253480080991268e+09 1.061253480080991268e+09 1.235425043728406191e+09 1.235425043728406191e+09 4.072268478703498840e+04 0.000000000000000000e+00 0.000000000000000000e+00
2.900000000000000000e+01 1.000000000000000000e+00 4.000000000000000000e+00 0.000000000000000000e+00 1.062358156849448085e+09 1.062358156849448085e+09 1.242020273267373800e+09 1.242020273267373800e+09 3.312734708786010742e+02 0.000000000000000000e+00 0.000000000000000000e+00
3.000000000000000000e+01 1.000000000000000000e+00 4.000000000000000000e+00 0.000000000000000000e+00 1.057473972485959768e+09 1.057473972485959768e+09 1.228543311634841681e+09 1.228543311634841681e+09 3.731160349845886230e+02 0.000000000000000000e+00 0.000000000000000000e+00
3.100000000000000000e+01 1.000000000000000000e+00 4.000000000000000000e+00 0.000000000000000000e+00 1.023745121652263284e+09 1.023745121652263284e+09 1.242919925733895063e+09 1.242919925733895063e+09 2.986497340202331543e+02 0.000000000000000000e+00 0.000000000000000000e+00
3.200000000000000000e+01 1.000000000000000000e+00 4.000000000000000000e+00 0.000000000000000000e+00 1.035932591256218195e+09 1.035932591256218195e+09 1.220089837886710644e+09 1.220089837886710644e+09 2.500310521125793457e+02 0.000000000000000000e+00 0.000000000000000000e+00
3.300000000000000000e+01 1.000000000000000000e+00 4.000000000000000000e+00 0.000000000000000000e+00 1.030769541453494191e+09 1.030769541453494191e+09 1.233464914611672401e+09 1.233464914611672401e+09 3.910868189334869385e+02 0.000000000000000000e+00 0.000000000000000000e+00
3.400000000000000000e+01 1.000000000000000000e+00 4.000000000000000000e+00 0.000000000000000000e+00 1.024425635357956290e+09 1.024425635357956290e+09 1.245239367507474422e+09 1.245239367507474422e+09 3.125659270286560059e+02 0.000000000000000000e+00 0.000000000000000000e+00
3.500000000000000000e+01 1.000000000000000000e+00 4.000000000000000000e+00 0.000000000000000000e+00 1.000638409525658488e+09 1.000638409525658488e+09 1.226496714359829426e+09 1.226496714359829426e+09 2.890568480491638184e+02 0.000000000000000000e+00 0.000000000000000000e+00
3.600000000000000000e+01 1.000000000000000000e+00 4.000000000000000000e+00 0.000000000000000000e+00 1.055501732012724519e+09 1.055501732012724519e+09 1.238087164764263391e+09 1.238087164764263391e+09 2.289649200439453125e+02 0.000000000000000000e+00 0.000000000000000000e+00
3.700000000000000000e+01 1.000000000000000000e+00 4.000000000000000000e+00 0.000000000000000000e+00 1.088857903766768932e+09 1.088857903766768932e+09 1.232645355717659235e+09 1.232645355717659235e+09 3.829908950328826904e+02 0.000000000000000000e+00 0.000000000000000000e+00
3.800000000000000000e+01 1.000000000000000000e+00 4.000000000000000000e+00 0.000000000000000000e+00 1.028151872826014280e+09 1.028151872826014280e+09 1.212568040699077368e+09 1.212568040699077368e+09 3.586079161167144775e+02 0.000000000000000000e+00 0.000000000000000000e+00
3.900000000000000000e+01 1.000000000000000000e+00 4.000000000000000000e+00 0.000000000000000000e+00 1.041766961317777038e+09 1.041766961317777038e+09 1.230976759751400232e+09 1.230976759751400232e+09 6.171680109500885010e+02 0.000000000000000000e+00 0.000000000000000000e+00
4.000000000000000000e+01 1.000000000000000000e+00 4.000000000000000000e+00 0.000000000000000000e+00 1.058844604540673137e+09 1.058844604540673137e+09 1.234512904915837288e+09 1.234512904915837288e+09 5.459699809551239014e+02 0.000000000000000000e+00 0.000000000000000000e+00
4.100000000000000000e+01 1.000000000000000000e+00 4.000000000000000000e+00 0.000000000000000000e+00 1.057096666171333194e+09 1.057096666171333194e+09 1.253243480197829008e+09 1.253243480197829008e+09 3.234565968513488770e+02 0.000000000000000000e+00 0.000000000000000000e+00
4.200000000000000000e+01 1.000000000000000000e+00 4.000000000000000000e+00 0.000000000000000000e+00 1.064691822716980457e+09 1.064691822716980457e+09 1.223001509661993980e+09 1.223001509661993980e+09 4.156323761940002441e+02 0.000000000000000000e+00 0.000000000000000000e+00
4.300000000000000000e+01 1.000000000000000000e+00 4.000000000000000000e+00 0.000000000000000000e+00 1.015929518794397831e+09 1.015929518794397831e+09 1.236576972084894657e+09 1.236576972084894657e+09 6.351142930984497070e+02 0.000000000000000000e+00 0.000000000000000000e+00
4.400000000000000000e+01 1.000000000000000000e+00 4.000000000000000000e+00 0.000000000000000000e+00 1.054216398242572546e+09 1.054216398242572546e+09 1.248897542140690804e+09 1.248897542140690804e+09 4.148407478332519531e+02 0.000000000000000000e+00 0.000000000000000000e+00
4.500000000000000000e+01 1.000000000000000000e+00 4.000000000000000000e+00 0.000000000000000000e+00 1.055774633217827916e+09 1.055774633217827916e+09 1.230762009728245258e+09 1.230762009728245258e+09 3.739589400291442871e+02 0.000000000000000000e+00 0.000000000000000000e+00
4.600000000000000000e+01 1.000000000000000000e+00 4.000000000000000000e+00 0.000000000000000000e+00 1.043771706776919127e+09 1.043771706776919127e+09 1.228910234114646435e+09 1.228910234114646435e+09 5.958572778701782227e+02 0.000000000000000000e+00 0.000000000000000000e+00
4.700000000000000000e+01 1.000000000000000000e+00 4.000000000000000000e+00 0.000000000000000000e+00 1.028901694954838514e+09 1.028901694954838514e+09 1.226417894210526943e+09 1.226417894210526943e+09 4.052333009243011475e+02 0.000000000000000000e+00 0.000000000000000000e+00
4.800000000000000000e+01 1.000000000000000000e+00 4.000000000000000000e+00 0.000000000000000000e+00 1.033376628299901009e+09 1.033376628299901009e+09 1.261971756715895176e+09 1.261971756715895176e+09 6.372053840160369873e+02 0.000000000000000000e+00 0.000000000000000000e+00
4.900000000000000000e+01 1.000000000000000000e+00 4.000000000000000000e+00 0.000000000000000000e+00 1.039371305859702587e+09 1.039371305859702587e+09 1.221051915671460629e+09 1.221051915671460629e+09 5.431437449455261230e+02 0.000000000000000000e+00 0.000000000000000000e+00
5.000000000000000000e+01 1.000000000000000000e+00 4.000000000000000000e+00 0.000000000000000000e+00 1.037571032634773016e+09 1.037571032634773016e+09 1.215884544637114286e+09 1.215884544637114286e+09 3.388750669956207275e+02 0.000000000000000000e+00 0.000000000000000000e+00
5.100000000000000000e+01 1.000000000000000000e+00 4.000000000000000000e+00 0.000000000000000000e+00 1.046009753580177903e+09 1.046009753580177903e+09 1.239334927081955671e+09 1.239334927081955671e+09 5.415712850093841553e+02 0.000000000000000000e+00 0.000000000000000000e+00
5.200000000000000000e+01 1.000000000000000000e+00 4.000000000000000000e+00 0.000000000000000000e+00 1.045583500144689918e+09 1.045583500144689918e+09 1.233593243267044783e+09 1.233593243267044783e+09 5.388279321193695068e+02 0.000000000000000000e+00 0.000000000000000000e+00
5.300000000000000000e+01 1.000000000000000000e+00 4.000000000000000000e+00 0.000000000000000000e+00 1.033915576897640705e+09 1.033915576897640705e+09 1.223792085949202538e+09 1.223792085949202538e+09 7.185175151824951172e+02 0.000000000000000000e+00 0.000000000000000000e+00
5.400000000000000000e+01 1.000000000000000000e+00 4.000000000000000000e+00 0.000000000000000000e+00 1.032920193757388353e+09 1.032920193757388353e+09 1.231128354183364153e+09 1.231128354183364153e+09 4.001940999031066895e+02 0.000000000000000000e+00 0.000000000000000000e+00
5.500000000000000000e+01 1.000000000000000000e+00 4.000000000000000000e+00 0.000000000000000000e+00 1.066272923399208784e+09 1.066272923399208784e+09 1.222927426653947353e+09 1.222927426653947353e+09 6.791383450031280518e+02 0.000000000000000000e+00 0.000000000000000000e+00
5.600000000000000000e+01 1.000000000000000000e+00 4.000000000000000000e+00 0.000000000000000000e+00 1.050708332330984354e+09 1.050708332330984354e+09 1.252609719096114397e+09 1.252609719096114397e+09 3.837443420886993408e+02 0.000000000000000000e+00 0.000000000000000000e+00
5.700000000000000000e+01 1.000000000000000000e+00 4.000000000000000000e+00 0.000000000000000000e+00 1.071117140384627461e+09 1.071117140384627461e+09 1.238857797810034513e+09 1.238857797810034513e+09 4.226947379112243652e+02 0.000000000000000000e+00 0.000000000000000000e+00
5.800000000000000000e+01 1.000000000000000000e+00 4.000000000000000000e+00 0.000000000000000000e+00 1.039130653375786543e+09 1.039130653375786543e+09 1.232505109948102236e+09 1.232505109948102236e+09 5.328300650119781494e+02 0.000000000000000000e+00 0.000000000000000000e+00
5.900000000000000000e+01 1.000000000000000000e+00 4.000000000000000000e+00 0.000000000000000000e+00 1.042376621567132711e+09 1.042376621567132711e+09 1.242449536565756798e+09 1.242449536565756798e+09 5.734343330860137939e+02 0.000000000000000000e+00 0.000000000000000000e+00
6.000000000000000000e+01 1.000000000000000000e+00 4.000000000000000000e+00 0.000000000000000000e+00 1.045027388768701315e+09 1.045027388768701315e+09 1.225836019774277925e+09 1.225836019774277925e+09 3.888675408363342285e+02 0.000000000000000000e+00 0.000000000000000000e+00
6.100000000000000000e+01 1.000000000000000000e+00 4.000000000000000000e+00 0.000000000000000000e+00 1.078953136422307014e+09 1.078953136422307014e+09 1.224197489143778086e+09 1.224197489143778086e+09 4.080973808765411377e+02 0.000000000000000000e+00 0.000000000000000000e+00
6.200000000000000000e+01 1.000000000000000000e+00 4.000000000000000000e+00 0.000000000000000000e+00 1.076920366891457558e+09 1.076920366891457558e+09 1.236966152996579409e+09 1.236966152996579409e+09 7.645046560764312744e+02 0.000000000000000000e+00 0.000000000000000000e+00
6.300000000000000000e+01 1.000000000000000000e+00 4.000000000000000000e+00 0.000000000000000000e+00 1.041594849933973432e+09 1.041594849933973432e+09 1.234140838453278542e+09 1.234140838453278542e+09 5.341189780235290527e+02 0.000000000000000000e+00 0.000000000000000000e+00
6.400000000000000000e+01 1.000000000000000000e+00 4.000000000000000000e+00 0.000000000000000000e+00 9.883925132859494686e+08 9.883925132859494686e+08 1.211537949450779915e+09 1.211537949450779915e+09 5.582699170112609863e+02 0.000000000000000000e+00 0.000000000000000000e+00
6.500000000000000000e+01 1.000000000000000000e+00 4.000000000000000000e+00 0.000000000000000000e+00 1.021531868313553452e+09 1.021531868313553452e+09 1.210465597711502552e+09 1.210465597711502552e+09 5.316707210540771484e+02 0.000000000000000000e+00 0.000000000000000000e+00
6.600000000000000000e+01 1.000000000000000000e+00 4.000000000000000000e+00 0.000000000000000000e+00 1.079629145790433168e+09 1.079629145790433168e+09 1.243391702646843433e+09 1.243391702646843433e+09 5.577429611682891846e+02 0.000000000000000000e+00 0.000000000000000000e+00
6.700000000000000000e+01 1.000000000000000000e+00 4.000000000000000000e+00 0.000000000000000000e+00 1.056609540721229672e+09 1.056609540721229672e+09 1.254604009881862640e+09 1.254604009881862640e+09 7.708397679328918457e+02 0.000000000000000000e+00 0.000000000000000000e+00
6.800000000000000000e+01 1.000000000000000000e+00 4.000000000000000000e+00 0.000000000000000000e+00 1.055557206330903888e+09 1.055557206330903888e+09 1.229470785368362427e+09 1.229470785368362427e+09 4.318381490707397461e+02 0.000000000000000000e+00 0.000000000000000000e+00
6.900000000000000000e+01 1.000000000000000000e+00 4.000000000000000000e+00 0.000000000000000000e+00 1.025972858835672975e+09 1.025972858835672975e+09 1.239816600412108898e+09 1.239816600412108898e+09 4.447019059658050537e+02 0.000000000000000000e+00 0.000000000000000000e+00
7.000000000000000000e+01 1.000000000000000000e+00 4.000000000000000000e+00 0.000000000000000000e+00 1.022344983985173106e+09 1.022344983985173106e+09 1.219881737355728626e+09 1.219881737355728626e+09 7.422484309673309326e+02 0.000000000000000000e+00 0.000000000000000000e+00
7.100000000000000000e+01 1.000000000000000000e+00 4.000000000000000000e+00 0.000000000000000000e+00 1.003963779911579370e+09 1.003963779911579370e+09 1.235864109158153296e+09 1.235864109158153296e+09 6.553168580532073975e+02 0.000000000000000000e+00 0.000000000000000000e+00
7.200000000000000000e+01 1.000000000000000000e+00 4.000000000000000000e+00 0.000000000000000000e+00 1.046804243838980556e+09 1.046804243838980556e+09 1.245561250362621784e+09 1.245561250362621784e+09 4.549793951511383057e+02 0.000000000000000000e+00 0.000000000000000000e+00
7.300000000000000000e+01 1.000000000000000000e+00 4.000000000000000000e+00 0.000000000000000000e+00 1.047232473002121568e+09 1.047232473002121568e+09 1.242388192873917818e+09 1.242388192873917818e+09 5.651506609916687012e+02 0.000000000000000000e+00 0.000000000000000000e+00
7.400000000000000000e+01 1.000000000000000000e+00 4.000000000000000000e+00 0.000000000000000000e+00 1.071010219679463506e+09 1.071010219679463506e+09 1.226364557068901062e+09 1.226364557068901062e+09 5.986682550907135010e+02 0.000000000000000000e+00 0.000000000000000000e+00
7.500000000000000000e+01 1.000000000000000000e+00 4.000000000000000000e+00 0.000000000000000000e+00 1.061126841241011024e+09 1.061126841241011024e+09 1.225267352032272577e+09 1.225267352032272577e+09 5.360563268661499023e+02 0.000000000000000000e+00 0.000000000000000000e+00
7.600000000000000000e+01 1.000000000000000000e+00 4.000000000000000000e+00 0.000000000000000000e+00 1.042064285543802023e+09 1.042064285543802023e+09 1.230812118709427357e+09 1.230812118709427357e+09 6.492283320426940918e+02 0.000000000000000000e+00 0.000000000000000000e+00
7.700000000000000000e+01 1.000000000000000000e+00 4.000000000000000000e+00 0.000000000000000000e+00 1.067131021499884129e+09 1.067131021499884129e+09 1.254495338421867609e+09 1.254495338421867609e+09 4.094351558685302734e+02 0.000000000000000000e+00 0.000000000000000000e+00
7.800000000000000000e+01 1.000000000000000000e+00 4.000000000000000000e+00 0.000000000000000000e+00 1.061739683043471456e+09 1.061739683043471456e+09 1.239833784107503414e+09 1.239833784107503414e+09 4.670397849082946777e+02 0.000000000000000000e+00 0.000000000000000000e+00
7.900000000000000000e+01 1.000000000000000000e+00 4.000000000000000000e+00 0.000000000000000000e+00 1.040886544068118215e+09 1.040886544068118215e+09 1.211938820748789072e+09 1.211938820748789072e+09 3.198842990398406982e+02 0.000000000000000000e+00 0.000000000000000000e+00
8.000000000000000000e+01 1.000000000000000000e+00 4.000000000000000000e+00 0.000000000000000000e+00 9.958806937146550417e+08 9.958806937146550417e+08 1.213627712672880173e+09 1.213627712672880173e+09 1.013708176851272583e+03 0.000000000000000000e+00 0.000000000000000000e+00
8.100000000000000000e+01 1.000000000000000000e+00 4.000000000000000000e+00 0.000000000000000000e+00 1.082409352522403479e+09 1.082409352522403479e+09 1.244283552570528269e+09 1.244283552570528269e+09 3.822333590984344482e+02 0.000000000000000000e+00 0.000000000000000000e+00
8.200000000000000000e+01 1.000000000000000000e+00 4.000000000000000000e+00 0.000000000000000000e+00 1.064283739376186967e+09 1.064283739376186967e+09 1.238868995810878038e+09 1.238868995810878038e+09 5.160164911746978760e+02 0.000000000000000000e+00 0.000000000000000000e+00
8.300000000000000000e+01 1.000000000000000000e+00 4.000000000000000000e+00 0.000000000000000000e+00 1.060603841552622914e+09 1.060603841552622914e+09 1.255956560378397703e+09 1.255956560378397703e+09 4.284338369369506836e+02 0.000000000000000000e+00 0.000000000000000000e+00
8.400000000000000000e+01 1.000000000000000000e+00 4.000000000000000000e+00 0.000000000000000000e+00 1.075912324018396616e+09 1.075912324018396616e+09 1.236149599768867731e+09 1.236149599768867731e+09 5.448996918201446533e+02 0.000000000000000000e+00 0.000000000000000000e+00
8.500000000000000000e+01 1.000000000000000000e+00 4.000000000000000000e+00 0.000000000000000000e+00 1.039874274129417658e+09 1.039874274129417658e+09 1.227801718227236509e+09 1.227801718227236509e+09 6.161768150329589844e+02 0.000000000000000000e+00 0.000000000000000000e+00
8.600000000000000000e+01 1.000000000000000000e+00 4.000000000000000000e+00 0.000000000000000000e+00 1.006106387620531201e+09 1.006106387620531201e+09 1.200972112491810083e+09 1.200972112491810083e+09 1.006676659822463989e+03 0.000000000000000000e+00 0.000000000000000000e+00
8.700000000000000000e+01 1.000000000000000000e+00 4.000000000000000000e+00 0.000000000000000000e+00 1.080234825720672369e+09 1.080234825720672369e+09 1.224238208600763559e+09 1.224238208600763559e+09 6.185393109321594238e+02 0.000000000000000000e+00 0.000000000000000000e+00
8.800000000000000000e+01 1.000000000000000000e+00 4.000000000000000000e+00 0.000000000000000000e+00 1.055396940968190312e+09 1.055396940968190312e+09 1.225893891462142944e+09 1.225893891462142944e+09 8.745093090534210205e+02 0.000000000000000000e+00 0.000000000000000000e+00
8.900000000000000000e+01 1.000000000000000000e+00 4.000000000000000000e+00 0.000000000000000000e+00 1.039894576994629145e+09 1.039894576994629145e+09 1.222895873823742390e+09 1.222895873823742390e+09 7.172313361167907715e+02 0.000000000000000000e+00 0.000000000000000000e+00
9.000000000000000000e+01 1.000000000000000000e+00 4.000000000000000000e+00 0.000000000000000000e+00 1.042096491018871784e+09 1.042096491018871784e+09 1.242341923991197586e+09 1.242341923991197586e+09 6.738916740417480469e+02 0.000000000000000000e+00 0.000000000000000000e+00
9.100000000000000000e+01 1.000000000000000000e+00 4.000000000000000000e+00 0.000000000000000000e+00 1.064830036050669432e+09 1.064830036050669432e+09 1.235991423611409426e+09 1.235991423611409426e+09 5.617864398956298828e+02 0.000000000000000000e+00 0.000000000000000000e+00
9.200000000000000000e+01 1.000000000000000000e+00 4.000000000000000000e+00 0.000000000000000000e+00 1.051050700516146302e+09 1.051050700516146302e+09 1.236096162604892969e+09 1.236096162604892969e+09 6.631951589584350586e+02 0.000000000000000000e+00 0.000000000000000000e+00
9.300000000000000000e+01 1.000000000000000000e+00 4.000000000000000000e+00 0.000000000000000000e+00 1.074764486957972765e+09 1.074764486957972765e+09 1.239215149558234692e+09 1.239215149558234692e+09 3.799555411338806152e+02 0.000000000000000000e+00 0.000000000000000000e+00
9.400000000000000000e+01 1.000000000000000000e+00 4.000000000000000000e+00 0.000000000000000000e+00 1.035262731160257101e+09 1.035262731160257101e+09 1.222827983117500782e+09 1.222827983117500782e+09 6.552784330844879150e+02 0.000000000000000000e+00 0.000000000000000000e+00
9.500000000000000000e+01 1.000000000000000000e+00 4.000000000000000000e+00 0.000000000000000000e+00 1.037921102274207473e+09 1.037921102274207473e+09 1.246627264221273661e+09 1.246627264221273661e+09 7.090246229171752930e+02 0.000000000000000000e+00 0.000000000000000000e+00
9.600000000000000000e+01 1.000000000000000000e+00 4.000000000000000000e+00 0.000000000000000000e+00 1.084047321173541069e+09 1.084047321173541069e+09 1.241265737502723694e+09 1.241265737502723694e+09 5.376465680599212646e+02 0.000000000000000000e+00 0.000000000000000000e+00
9.700000000000000000e+01 1.000000000000000000e+00 4.000000000000000000e+00 0.000000000000000000e+00 1.048735439109552860e+09 1.048735439109552860e+09 1.222252072855291128e+09 1.222252072855291128e+09 3.997776129245758057e+02 0.000000000000000000e+00 0.000000000000000000e+00
9.800000000000000000e+01 1.000000000000000000e+00 4.000000000000000000e+00 0.000000000000000000e+00 1.036444415515699863e+09 1.036444415515699863e+09 1.231243845670047045e+09 1.231243845670047045e+09 4.623618350028991699e+02 0.000000000000000000e+00 0.000000000000000000e+00
9.900000000000000000e+01 1.000000000000000000e+00 4.000000000000000000e+00 0.000000000000000000e+00 1.073264206193272948e+09 1.073264206193272948e+09 1.231255281072760820e+09 1.231255281072760820e+09 3.964918980598449707e+02 0.000000000000000000e+00 0.000000000000000000e+00
1.000000000000000000e+02 1.000000000000000000e+00 4.000000000000000000e+00 0.000000000000000000e+00 1.067901561483671665e+09 1.067901561483671665e+09 1.236178484802737236e+09 1.236178484802737236e+09 3.623485620021820068e+02 0.000000000000000000e+00 0.000000000000000000e+00
1.010000000000000000e+02 1.000000000000000000e+00 4.000000000000000000e+00 0.000000000000000000e+00 1.051932358275330663e+09 1.051932358275330663e+09 1.235067524839457989e+09 1.235067524839457989e+09 4.871685130596160889e+02 0.000000000000000000e+00 0.000000000000000000e+00
1.020000000000000000e+02 1.000000000000000000e+00 4.000000000000000000e+00 0.000000000000000000e+00 1.048101836277596116e+09 1.048101836277596116e+09 1.224414065241093397e+09 1.224414065241093397e+09 7.260896019935607910e+02 0.000000000000000000e+00 0.000000000000000000e+00
1.030000000000000000e+02 1.000000000000000000e+00 4.000000000000000000e+00 0.000000000000000000e+00 1.015689286589388728e+09 1.015689286589388728e+09 1.232227429956166029e+09 1.232227429956166029e+09 5.565566120147705078e+02 0.000000000000000000e+00 0.000000000000000000e+00
1.040000000000000000e+02 1.000000000000000000e+00 4.000000000000000000e+00 0.000000000000000000e+00 1.081648686403527260e+09 1.081648686403527260e+09 1.234958532399394035e+09 1.234958532399394035e+09 4.326304771900177002e+02 0.000000000000000000e+00 0.000000000000000000e+00
1.050000000000000000e+02 1.000000000000000000e+00 4.000000000000000000e+00 0.000000000000000000e+00 1.071720491631649375e+09 1.071720491631649375e+09 1.233052604126432657e+09 1.233052604126432657e+09 3.213590960502624512e+02 0.000000000000000000e+00 0.000000000000000000e+00
1.060000000000000000e+02 1.000000000000000000e+00 4.000000000000000000e+00 0.000000000000000000e+00 1.006361039679009199e+09 1.006361039679009199e+09 1.247112146622437000e+09 1.247112146622437000e+09 4.754451680183410645e+02 0.000000000000000000e+00 0.000000000000000000e+00
1.070000000000000000e+02 1.000000000000000000e+00 4.000000000000000000e+00 0.000000000000000000e+00 1.059003106659062266e+09 1.059003106659062266e+09 1.227576941561198473e+09 1.227576941561198473e+09 8.092112610340118408e+02 0.000000000000000000e+00 0.000000000000000000e+00
1.080000000000000000e+02 1.000000000000000000e+00 4.000000000000000000e+00 0.000000000000000000e+00 1.058799919255406499e+09 1.058799919255406499e+09 1.241289198298595428e+09 1.241289198298595428e+09 4.590747370719909668e+02 0.000000000000000000e+00 0.000000000000000000e+00
1.090000000000000000e+02 1.000000000000000000e+00 4.000000000000000000e+00 0.000000000000000000e+00 1.006201034634038687e+09 1.006201034634038687e+09 1.245297137825531721e+09 1.245297137825531721e+09 7.001776921749114990e+02 0.000000000000000000e+00 0.000000000000000000e+00
1.100000000000000000e+02 1.000000000000000000e+00 4.000000000000000000e+00 0.000000000000000000e+00 1.028775867092082381e+09 1.028775867092082381e+09 1.230133631470971823e+09 1.230133631470971823e+09 6.251639339923858643e+02 0.000000000000000000e+00 0.000000000000000000e+00
1.110000000000000000e+02 1.000000000000000000e+00 4.000000000000000000e+00 0.000000000000000000e+00 1.004525676305505633e+09 1.004525676305505633e+09 1.224735225593945503e+09 1.224735225593945503e+09 6.771741759777069092e+02 0.000000000000000000e+00 0.000000000000000000e+00
1.120000000000000000e+02 1.000000000000000000e+00 4.000000000000000000e+00 0.000000000000000000e+00 1.037470678265814900e+09 1.037470678265814900e+09 1.244465492507619143e+09 1.244465492507619143e+09 5.115867779254913330e+02 0.000000000000000000e+00 0.000000000000000000e+00
1.130000000000000000e+02 1.000000000000000000e+00 4.000000000000000000e+00 0.000000000000000000e+00 1.030196910225886345e+09 1.030196910225886345e+09 1.220923296432045221e+09 1.220923296432045221e+09 6.206264510154724121e+02 0.000000000000000000e+00 0.000000000000000000e+00
1.140000000000000000e+02 1.000000000000000000e+00 4.000000000000000000e+00 0.000000000000000000e+00 1.089661139088858366e+09 1.089661139088858366e+09 1.234478427219141960e+09 1.234478427219141960e+09 5.357460119724273682e+02 0.000000000000000000e+00 0.000000000000000000e+00
1.150000000000000000e+02 1.000000000000000000e+00 4.000000000000000000e+00 0.000000000000000000e+00 1.027258735688019037e+09 1.027258735688019037e+09 1.194662941330360413e+09 1.194662941330360413e+09 4.197677710056304932e+02 0.000000000000000000e+00 0.000000000000000000e+00
1.160000000000000000e+02 1.000000000000000000e+00 4.000000000000000000e+00 0.000000000000000000e+00 1.068900912241816759e+09 1.068900912241816759e+09 1.232795653107707024e+09 1.232795653107707024e+09 3.098563201427459717e+02 0.000000000000000000e+00 0.000000000000000000e+00
1.170000000000000000e+02 1.000000000000000000e+00 4.000000000000000000e+00 0.000000000000000000e+00 1.031199076184232235e+09 1.031199076184232235e+09 1.241963327789769888e+09 1.241963327789769888e+09 5.282195708751678467e+02 0.000000000000000000e+00 0.000000000000000000e+00
1.180000000000000000e+02 1.000000000000000000e+00 4.000000000000000000e+00 0.000000000000000000e+00 1.042363618008215427e+09 1.042363618008215427e+09 1.234967540222483158e+09 1.234967540222483158e+09 5.785778138637542725e+02 0.000000000000000000e+00 0.000000000000000000e+00
1.190000000000000000e+02 1.000000000000000000e+00 4.000000000000000000e+00 0.000000000000000000e+00 1.029182641514763355e+09 1.029182641514763355e+09 1.223905215290926695e+09 1.223905215290926695e+09 4.887766571044921875e+02 0.000000000000000000e+00 0.000000000000000000e+00
1.200000000000000000e+02 1.000000000000000000e+00 4.000000000000000000e+00 0.000000000000000000e+00 1.068193693589767694e+09 1.068193693589767694e+09 1.237666052218343973e+09 1.237666052218343973e+09 9.354826700687408447e+02 0.000000000000000000e+00 0.000000000000000000e+00
1.210000000000000000e+02 1.000000000000000000e+00 4.000000000000000000e+00 0.000000000000000000e+00 1.092054459521003723e+09 1.092054459521003723e+09 1.229173744511891365e+09 1.229173744511891365e+09 5.915906660556793213e+02 0.000000000000000000e+00 0.000000000000000000e+00
1.220000000000000000e+02 1.000000000000000000e+00 4.000000000000000000e+00 0.000000000000000000e+00 1.033756700990983367e+09 1.033756700990983367e+09 1.244197363383919001e+09 1.244197363383919001e+09 4.192053959369659424e+02 0.000000000000000000e+00 0.000000000000000000e+00
1.230000000000000000e+02 1.000000000000000000e+00 4.000000000000000000e+00 0.000000000000000000e+00 1.063253734296111584e+09 1.063253734296111584e+09 1.238832873629992247e+09 1.238832873629992247e+09 2.829811429977416992e+02 0.000000000000000000e+00 0.000000000000000000e+00
1.240000000000000000e+02 1.000000000000000000e+00 4.000000000000000000e+00 0.000000000000000000e+00 1.014737787645220637e+09 1.014737787645220637e+09 1.241047395403756380e+09 1.241047395403756380e+09 3.925031299591064453e+02 0.000000000000000000e+00 0.000000000000000000e+00
1.250000000000000000e+02 1.000000000000000000e+00 4.000000000000000000e+00 0.000000000000000000e+00 1.049209275894855022e+09 1.049209275894855022e+09 1.235686639470009327e+09 1.235686639470009327e+09 3.107743501663208008e+02 0.000000000000000000e+00 0.000000000000000000e+00
1.260000000000000000e+02 1.000000000000000000e+00 4.000000000000000000e+00 0.000000000000000000e+00 1.044252277147352695e+09 1.044252277147352695e+09 1.261078479965945959e+09 1.261078479965945959e+09 3.756963889598846436e+02 0.000000000000000000e+00 0.000000000000000000e+00
1.270000000000000000e+02 1.000000000000000000e+00 4.000000000000000000e+00 0.000000000000000000e+00 1.043649456066843390e+09 1.043649456066843390e+09 1.235588242370321274e+09 1.235588242370321274e+09 2.820409710407257080e+02 0.000000000000000000e+00 0.000000000000000000e+00
1.280000000000000000e+02 1.000000000000000000e+00 4.000000000000000000e+00 0.000000000000000000e+00 1.031006788071513295e+09 1.031006788071513295e+09 1.229495307835382700e+09 1.229495307835382700e+09 2.960756809711456299e+02 0.000000000000000000e+00 0.000000000000000000e+00
1.290000000000000000e+02 1.000000000000000000e+00 4.000000000000000000e+00 0.000000000000000000e+00 1.044571753809089065e+09 1.044571753809089065e+09 1.214468031594376087e+09 1.214468031594376087e+09 3.096134428977966309e+02 0.000000000000000000e+00 0.000000000000000000e+00
1.300000000000000000e+02 1.000000000000000000e+00 4.000000000000000000e+00 0.000000000000000000e+00 1.023703678043237567e+09 1.023703678043237567e+09 1.244047791219098330e+09 1.244047791219098330e+09 3.862694189548492432e+02 0.000000000000000000e+00 0.000000000000000000e+00
1.310000000000000000e+02 1.000000000000000000e+00 4.000000000000000000e+00 0.000000000000000000e+00 1.022837723903645396e+09 1.022837723903645396e+09 1.236067626569940329e+09 1.236067626569940329e+09 6.181264870166778564e+02 0.000000000000000000e+00 0.000000000000000000e+00
1.320000000000000000e+02 1.000000000000000000e+00 4.000000000000000000e+00 0.000000000000000000e+00 1.029785586362584114e+09 1.029785586362584114e+09 1.237449155842074871e+09 1.237449155842074871e+09 5.405026149749755859e+02 0.000000000000000000e+00 0.000000000000000000e+00
1.330000000000000000e+02 1.000000000000000000e+00 4.000000000000000000e+00 0.000000000000000000e+00 1.039393093743318558e+09 1.039393093743318558e+09 1.218904427581726789e+09 1.218904427581726789e+09 4.988648700714111328e+02 0.000000000000000000e+00 0.000000000000000000e+00
1.340000000000000000e+02 1.000000000000000000e+00 4.000000000000000000e+00 0.000000000000000000e+00 1.022795127552978158e+09 1.022795127552978158e+09 1.238301135690640450e+09 1.238301135690640450e+09 4.470231680870056152e+02 0.000000000000000000e+00 0.000000000000000000e+00
1.350000000000000000e+02 1.000000000000000000e+00 4.000000000000000000e+00 0.000000000000000000e+00 1.081035354952427387e+09 1.081035354952427387e+09 1.240807339988786221e+09 1.240807339988786221e+09 5.183159139156341553e+02 0.000000000000000000e+00 0.000000000000000000e+00
1.360000000000000000e+02 1.000000000000000000e+00 4.000000000000000000e+00 0.000000000000000000e+00 1.053260679702723503e+09 1.053260679702723503e+09 1.225269245235025167e+09 1.225269245235025167e+09 4.990161800384521484e+02 0.000000000000000000e+00 0.000000000000000000e+00
1.370000000000000000e+02 1.000000000000000000e+00 4.000000000000000000e+00 0.000000000000000000e+00 1.080052037729894876e+09 1.080052037729894876e+09 1.230818870441215515e+09 1.230818870441215515e+09 3.945902731418609619e+02 0.000000000000000000e+00 0.000000000000000000e+00
1.380000000000000000e+02 1.000000000000000000e+00 4.000000000000000000e+00 0.000000000000000000e+00 1.072602335657403827e+09 1.072602335657403827e+09 1.234633638005538464e+09 1.234633638005538464e+09 3.753807821273803711e+02 0.000000000000000000e+00 0.000000000000000000e+00
1.390000000000000000e+02 1.000000000000000000e+00 4.000000000000000000e+00 0.000000000000000000e+00 1.056689841993424535e+09 1.056689841993424535e+09 1.220848407022728205e+09 1.220848407022728205e+09 4.856807861328125000e+02 0.000000000000000000e+00 0.000000000000000000e+00
1.400000000000000000e+02 1.000000000000000000e+00 4.000000000000000000e+00 0.000000000000000000e+00 1.006474069338562131e+09 1.006474069338562131e+09 1.237456261126957417e+09 1.237456261126957417e+09 6.949888210296630859e+02 0.000000000000000000e+00 0.000000000000000000e+00
1.410000000000000000e+02 1.000000000000000000e+00 4.000000000000000000e+00 0.000000000000000000e+00 1.074040611713106394e+09 1.074040611713106394e+09 1.226336431271188021e+09 1.226336431271188021e+09 2.638451571464538574e+02 0.000000000000000000e+00 0.000000000000000000e+00
1.420000000000000000e+02 1.000000000000000000e+00 4.000000000000000000e+00 0.000000000000000000e+00 1.016737412868012905e+09 1.016737412868012905e+09 1.233257794596656322e+09 1.233257794596656322e+09 3.673896980285644531e+02 0.000000000000000000e+00 0.000000000000000000e+00
1.430000000000000000e+02 1.000000000000000000e+00 4.000000000000000000e+00 0.000000000000000000e+00 1.044746052175934672e+09 1.044746052175934672e+09 1.230225806462431669e+09 1.230225806462431669e+09 5.788818731307983398e+02 0.000000000000000000e+00 0.000000000000000000e+00
1.440000000000000000e+02 1.000000000000000000e+00 4.000000000000000000e+00 0.000000000000000000e+00 1.048276846221363783e+09 1.048276846221363783e+09 1.239272167074613094e+09 1.239272167074613094e+09 4.291481049060821533e+02 0.000000000000000000e+00 0.000000000000000000e+00
1.450000000000000000e+02 1.000000000000000000e+00 4.000000000000000000e+00 0.000000000000000000e+00 1.025674716881012797e+09 1.025674716881012797e+09 1.220512844280347347e+09 1.220512844280347347e+09 5.752754540443420410e+02 0.000000000000000000e+00 0.000000000000000000e+00
1.460000000000000000e+02 1.000000000000000000e+00 4.000000000000000000e+00 0.000000000000000000e+00 1.085825214575948954e+09 1.085825214575948954e+09 1.212858358519515514e+09 1.212858358519515514e+09 2.948835968971252441e+02 0.000000000000000000e+00 0.000000000000000000e+00
1.470000000000000000e+02 1.000000000000000000e+00 4.000000000000000000e+00 0.000000000000000000e+00 1.056636127744470716e+09 1.056636127744470716e+09 1.228054929967910290e+09 1.228054929967910290e+09 6.037376139163970947e+02 0.000000000000000000e+00 0.000000000000000000e+00
1.480000000000000000e+02 1.000000000000000000e+00 4.000000000000000000e+00 0.000000000000000000e+00 1.024153228569588184e+09 1.024153228569588184e+09 1.236354162335731268e+09 1.236354162335731268e+09 4.575609490871429443e+02 0.000000000000000000e+00 0.000000000000000000e+00
1.490000000000000000e+02 1.000000000000000000e+00 4.000000000000000000e+00 0.000000000000000000e+00 1.062055001576279998e+09 1.062055001576279998e+09 1.231989371767823935e+09 1.231989371767823935e+09 3.826103029251098633e+02 0.000000000000000000e+00 0.000000000000000000e+00
1.500000000000000000e+02 1.000000000000000000e+00 4.000000000000000000e+00 0.000000000000000000e+00 1.023464070586176157e+09 1.023464070586176157e+09 1.235958165484017611e+09 1.235958165484017611e+09 3.409749178886413574e+02 0.000000000000000000e+00 0.000000000000000000e+00
1.510000000000000000e+02 1.000000000000000000e+00 4.000000000000000000e+00 0.000000000000000000e+00 1.030623168054573655e+09 1.030623168054573655e+09 1.193161848434215546e+09 1.193161848434215546e+09 5.389747998714447021e+02 0.000000000000000000e+00 0.000000000000000000e+00
1.520000000000000000e+02 1.000000000000000000e+00 4.000000000000000000e+00 0.000000000000000000e+00 1.055461426276542306e+09 1.055461426276542306e+09 1.241940183396209955e+09 1.241940183396209955e+09 5.953413579463958740e+02 0.000000000000000000e+00 0.000000000000000000e+00
1.530000000000000000e+02 1.000000000000000000e+00 4.000000000000000000e+00 0.000000000000000000e+00 1.024722267197927237e+09 1.024722267197927237e+09 1.222398754758751154e+09 1.222398754758751154e+09 5.134458279609680176e+02 0.000000000000000000e+00 0.000000000000000000e+00
1.540000000000000000e+02 1.000000000000000000e+00 4.000000000000000000e+00 0.000000000000000000e+00 1.011368189296414018e+09 1.011368189296414018e+09 1.247322106599102497e+09 1.247322106599102497e+09 4.565157921314239502e+02 0.000000000000000000e+00 0.000000000000000000e+00
1.550000000000000000e+02 1.000000000000000000e+00 4.000000000000000000e+00 0.000000000000000000e+00 1.008827345126595974e+09 1.008827345126595974e+09 1.230818027881479740e+09 1.230818027881479740e+09 4.622238969802856445e+02 0.000000000000000000e+00 0.000000000000000000e+00
1.560000000000000000e+02 1.000000000000000000e+00 4.000000000000000000e+00 0.000000000000000000e+00 1.079921316497445345e+09 1.079921316497445345e+09 1.246602016322073221e+09 1.246602016322073221e+09 5.295144469738006592e+02 0.000000000000000000e+00 0.000000000000000000e+00
1.570000000000000000e+02 1.000000000000000000e+00 4.000000000000000000e+00 0.000000000000000000e+00 1.049012627506454110e+09 1.049012627506454110e+09 1.242713470245770931e+09 1.242713470245770931e+09 4.274928419589996338e+02 0.000000000000000000e+00 0.000000000000000000e+00
1.580000000000000000e+02 1.000000000000000000e+00 4.000000000000000000e+00 0.000000000000000000e+00 1.052119667479492903e+09 1.052119667479492903e+09 1.225446311455739975e+09 1.225446311455739975e+09 3.030440189838409424e+02 0.000000000000000000e+00 0.000000000000000000e+00
1.590000000000000000e+02 1.000000000000000000e+00 4.000000000000000000e+00 0.000000000000000000e+00 1.037236163617291212e+09 1.037236163617291212e+09 1.239846085731114864e+09 1.239846085731114864e+09 6.036273589134216309e+02 0.000000000000000000e+00 0.000000000000000000e+00
1.600000000000000000e+02 1.000000000000000000e+00 4.000000000000000000e+00 0.000000000000000000e+00 1.053030656656416297e+09 1.053030656656416297e+09 1.244868904161933422e+09 1.244868904161933422e+09 5.545495619773864746e+02 0.000000000000000000e+00 0.000000000000000000e+00
1.610000000000000000e+02 1.000000000000000000e+00 4.000000000000000000e+00 0.000000000000000000e+00 1.057300565718160868e+09 1.057300565718160868e+09 1.243183501148617268e+09 1.243183501148617268e+09 4.266452090740203857e+02 0.000000000000000000e+00 0.000000000000000000e+00
1.620000000000000000e+02 1.000000000000000000e+00 4.000000000000000000e+00 0.000000000000000000e+00 1.047514122813673735e+09 1.047514122813673735e+09 1.220266135418294668e+09 1.220266135418294668e+09 3.138857218885421753e+04 0.000000000000000000e+00 0.000000000000000000e+00
1.630000000000000000e+02 1.000000000000000000e+00 4.000000000000000000e+00 0.000000000000000000e+00 1.067835728383356929e+09 1.067835728383356929e+09 1.226543716083743811e+09 1.226543716083743811e+09 3.843892769813537598e+02 0.000000000000000000e+00 0.000000000000000000e+00
1.640000000000000000e+02 1.000000000000000000e+00 4.000000000000000000e+00 0.000000000000000000e+00 1.052703976221812606e+09 1.052703976221812606e+09 1.249151501230512619e+09 1.249151501230512619e+09 3.879585471153259277e+02 0.000000000000000000e+00 0.000000000000000000e+00
1.650000000000000000e+02 1.000000000000000000e+00 4.000000000000000000e+00 0.000000000000000000e+00 1.023370288713656306e+09 1.023370288713656306e+09 1.214151858150251150e+09 1.214151858150251150e+09 3.718536379337310791e+02 0.000000000000000000e+00 0.000000000000000000e+00
1.660000000000000000e+02 1.000000000000000000e+00 4.000000000000000000e+00 0.000000000000000000e+00 1.075234451197381496e+09 1.075234451197381496e+09 1.250650640970278502e+09 1.250650640970278502e+09 4.733008739948272705e+02 0.000000000000000000e+00 0.000000000000000000e+00
1.670000000000000000e+02 1.000000000000000000e+00 4.000000000000000000e+00 0.000000000000000000e+00 1.081936169040463448e+09 1.081936169040463448e+09 1.231979936803719759e+09 1.231979936803719759e+09 3.325568499565124512e+02 0.000000000000000000e+00 0.000000000000000000e+00
1.680000000000000000e+02 1.000000000000000000e+00 4.000000000000000000e+00 0.000000000000000000e+00 1.075938561055922508e+09 1.075938561055922508e+09 1.249507810158550262e+09 1.249507810158550262e+09 5.079324440956115723e+02 0.000000000000000000e+00 0.000000000000000000e+00
1.690000000000000000e+02 1.000000000000000000e+00 4.000000000000000000e+00 0.000000000000000000e+00 1.048695348507143974e+09 1.048695348507143974e+09 1.235719281689711332e+09 1.235719281689711332e+09 3.797910969257354736e+02 0.000000000000000000e+00 0.000000000000000000e+00
1.700000000000000000e+02 1.000000000000000000e+00 4.000000000000000000e+00 0.000000000000000000e+00 1.043714060624198079e+09 1.043714060624198079e+09 1.222253477061826944e+09 1.222253477061826944e+09 3.320948929786682129e+02 0.000000000000000000e+00 0.000000000000000000e+00
1.710000000000000000e+02 1.000000000000000000e+00 4.000000000000000000e+00 0.000000000000000000e+00 1.020943539208473206e+09 1.020943539208473206e+09 1.209158852429390907e+09 1.209158852429390907e+09 4.215019838809967041e+02 0.000000000000000000e+00 0.000000000000000000e+00
1.720000000000000000e+02 1.000000000000000000e+00 4.000000000000000000e+00 0.000000000000000000e+00 1.035768777342667818e+09 1.035768777342667818e+09 1.229184517778578997e+09 1.229184517778578997e+09 4.792623879909515381e+02 0.000000000000000000e+00 0.000000000000000000e+00
1.730000000000000000e+02 1.000000000000000000e+00 4.000000000000000000e+00 0.000000000000000000e+00 1.062198723163402081e+09 1.062198723163402081e+09 1.247945110008841038e+09 1.247945110008841038e+09 2.997329339981079102e+02 0.000000000000000000e+00 0.000000000000000000e+00
1.740000000000000000e+02 1.000000000000000000e+00 4.000000000000000000e+00 0.000000000000000000e+00 1.036289031548296452e+09 1.036289031548296452e+09 1.230793452434002161e+09 1.230793452434002161e+09 3.323208749294281006e+02 0.000000000000000000e+00 0.000000000000000000e+00
1.750000000000000000e+02 1.000000000000000000e+00 4.000000000000000000e+00 0.000000000000000000e+00 1.051053794214645982e+09 1.051053794214645982e+09 1.230426252569777966e+09 1.230426252569777966e+09 4.955992770195007324e+02 0.000000000000000000e+00 0.000000000000000000e+00
1.760000000000000000e+02 1.000000000000000000e+00 4.000000000000000000e+00 0.000000000000000000e+00 1.078459705313286066e+09 1.078459705313286066e+09 1.228447967766692162e+09 1.228447967766692162e+09 3.529664878845214844e+02 0.000000000000000000e+00 0.000000000000000000e+00
1.770000000000000000e+02 1.000000000000000000e+00 4.000000000000000000e+00 0.000000000000000000e+00 1.057935046965232491e+09 1.057935046965232491e+09 1.237922993090363026e+09 1.237922993090363026e+09 4.767832570075988770e+02 0.000000000000000000e+00 0.000000000000000000e+00
1.780000000000000000e+02 1.000000000000000000e+00 4.000000000000000000e+00 0.000000000000000000e+00 1.030678291058341742e+09 1.030678291058341742e+09 1.236252013407870770e+09 1.236252013407870770e+09 4.977940061092376709e+02 0.000000000000000000e+00 0.000000000000000000e+00
1.790000000000000000e+02 1.000000000000000000e+00 4.000000000000000000e+00 0.000000000000000000e+00 1.111067602718479872e+09 1.111067602718479872e+09 1.250071014775811195e+09 1.250071014775811195e+09 6.158613529205322266e+02 0.000000000000000000e+00 0.000000000000000000e+00
1.800000000000000000e+02 1.000000000000000000e+00 4.000000000000000000e+00 0.000000000000000000e+00 1.017695314372116923e+09 1.017695314372116923e+09 1.229159190456942081e+09 1.229159190456942081e+09 5.752797410488128662e+02 0.000000000000000000e+00 0.000000000000000000e+00
1.810000000000000000e+02 1.000000000000000000e+00 4.000000000000000000e+00 0.000000000000000000e+00 1.018969240057340264e+09 1.018969240057340264e+09 1.237627433563606977e+09 1.237627433563606977e+09 5.629288270473480225e+02 0.000000000000000000e+00 0.000000000000000000e+00
1.820000000000000000e+02 1.000000000000000000e+00 4.000000000000000000e+00 0.000000000000000000e+00 9.955277843531700373e+08 9.955277843531700373e+08 1.227068980030395031e+09 1.227068980030395031e+09 4.018942959308624268e+02 0.000000000000000000e+00 0.000000000000000000e+00
1.830000000000000000e+02 1.000000000000000000e+00 4.000000000000000000e+00 0.000000000000000000e+00 1.034218613252633333e+09 1.034218613252633333e+09 1.212818696735916615e+09 1.212818696735916615e+09 4.549419369697570801e+02 0.000000000000000000e+00 0.000000000000000000e+00
1.840000000000000000e+02 1.000000000000000000e+00 4.000000000000000000e+00 0.000000000000000000e+00 1.003311988363675117e+09 1.003311988363675117e+09 1.226148587255500078e+09 1.226148587255500078e+09 5.153157219886779785e+02 0.000000000000000000e+00 0.000000000000000000e+00
1.850000000000000000e+02 1.000000000000000000e+00 4.000000000000000000e+00 0.000000000000000000e+00 1.059993757928980708e+09 1.059993757928980708e+09 1.230451297816333532e+09 1.230451297816333532e+09 4.782821850776672363e+02 0.000000000000000000e+00 0.000000000000000000e+00
1.860000000000000000e+02 1.000000000000000000e+00 4.000000000000000000e+00 0.000000000000000000e+00 1.061850592068758607e+09 1.061850592068758607e+09 1.243897320333925009e+09 1.243897320333925009e+09 4.242466440200805664e+02 0.000000000000000000e+00 0.000000000000000000e+00
1.870000000000000000e+02 1.000000000000000000e+00 4.000000000000000000e+00 0.000000000000000000e+00 1.067840060322042227e+09 1.067840060322042227e+09 1.234850707739220619e+09 1.234850707739220619e+09 4.799361839294433594e+02 0.000000000000000000e+00 0.000000000000000000e+00
1.880000000000000000e+02 1.000000000000000000e+00 4.000000000000000000e+00 0.000000000000000000e+00 1.074834368888684273e+09 1.074834368888684273e+09 1.249294062890877485e+09 1.249294062890877485e+09 3.824914798736572266e+02 0.000000000000000000e+00 0.000000000000000000e+00
1.890000000000000000e+02 1.000000000000000000e+00 4.000000000000000000e+00 0.000000000000000000e+00 1.016733786556109786e+09 1.016733786556109786e+09 1.212795964867299795e+09 1.212795964867299795e+09 4.576851031780242920e+02 0.000000000000000000e+00 0.000000000000000000e+00
1.900000000000000000e+02 1.000000000000000000e+00 4.000000000000000000e+00 0.000000000000000000e+00 1.055529367851964831e+09 1.055529367851964831e+09 1.247663118883859634e+09 1.247663118883859634e+09 3.774714992046356201e+02 0.000000000000000000e+00 0.000000000000000000e+00
1.910000000000000000e+02 1.000000000000000000e+00 4.000000000000000000e+00 0.000000000000000000e+00 1.088053818395466805e+09 1.088053818395466805e+09 1.235714134701860905e+09 1.235714134701860905e+09 3.638919668197631836e+02 0.000000000000000000e+00 0.000000000000000000e+00
1.920000000000000000e+02 1.000000000000000000e+00 4.000000000000000000e+00 0.000000000000000000e+00 1.062807883503477812e+09 1.062807883503477812e+09 1.237783974173583984e+09 1.237783974173583984e+09 4.020170431137084961e+02 0.000000000000000000e+00 0.000000000000000000e+00
1.930000000000000000e+02 1.000000000000000000e+00 4.000000000000000000e+00 0.000000000000000000e+00 1.046449541105828881e+09 1.046449541105828881e+09 1.223021205934538841e+09 1.223021205934538841e+09 4.769425578117370605e+02 0.000000000000000000e+00 0.000000000000000000e+00
1.940000000000000000e+02 1.000000000000000000e+00 4.000000000000000000e+00 0.000000000000000000e+00 1.037352265332795858e+09 1.037352265332795858e+09 1.254812526382917881e+09 1.254812526382917881e+09 3.232424609661102295e+02 0.000000000000000000e+00 0.000000000000000000e+00
1.950000000000000000e+02 1.000000000000000000e+00 4.000000000000000000e+00 0.000000000000000000e+00 1.004327534927884817e+09 1.004327534927884817e+09 1.224634978325135708e+09 1.224634978325135708e+09 1.148603445410728455e+04 0.000000000000000000e+00 0.000000000000000000e+00
1.960000000000000000e+02 1.000000000000000000e+00 4.000000000000000000e+00 0.000000000000000000e+00 1.045074886579298496e+09 1.045074886579298496e+09 1.230474887003323317e+09 1.230474887003323317e+09 4.228338069915771484e+02 0.000000000000000000e+00 0.000000000000000000e+00
1.970000000000000000e+02 1.000000000000000000e+00 4.000000000000000000e+00 0.000000000000000000e+00 1.033229372175161242e+09 1.033229372175161242e+09 1.211575754703883410e+09 1.211575754703883410e+09 4.401625142097473145e+02 0.000000000000000000e+00 0.000000000000000000e+00
1.980000000000000000e+02 1.000000000000000000e+00 4.000000000000000000e+00 0.000000000000000000e+00 1.051328362312425017e+09 1.051328362312425017e+09 1.227669591090393782e+09 1.227669591090393782e+09 3.012603700160980225e+02 0.000000000000000000e+00 0.000000000000000000e+00
1.990000000000000000e+02 1.000000000000000000e+00 4.000000000000000000e+00 0.000000000000000000e+00 9.871893387741923332e+08 9.871893387741923332e+08 1.225256773537664175e+09 1.225256773537664175e+09 3.376692349910736084e+02 0.000000000000000000e+00 0.000000000000000000e+00
