# run number, exp fac, ti calc, ti opt, aep init calc (kW), aep init opt (kW), aep run calc (kW), aep run opt (kW), run time (s), obj func calls, sens func calls
3.200000000000000000e+01 3.000000000000000000e+00 4.000000000000000000e+00 0.000000000000000000e+00 8.386373479890394211e+08 8.165030863122874498e+08 9.704557103113850355e+08 6.078916860403397083e+08 1.077025826930999756e+03 5.020000000000000000e+02 4.970000000000000000e+02
3.200000000000000000e+01 2.750000000000000000e+00 4.000000000000000000e+00 0.000000000000000000e+00 8.386373479890394211e+08 8.165030863122874498e+08 9.738849616377834082e+08 6.440609053741575480e+08 7.479754118919372559e+02 8.860000000000000000e+02 8.760000000000000000e+02
3.200000000000000000e+01 2.500000000000000000e+00 4.000000000000000000e+00 0.000000000000000000e+00 8.386373479890394211e+08 8.165030863122874498e+08 9.796365258479151726e+08 6.850756308368958235e+08 1.016338855028152466e+03 1.412000000000000000e+03 1.397000000000000000e+03
3.200000000000000000e+01 2.250000000000000000e+00 4.000000000000000000e+00 0.000000000000000000e+00 8.386373479890394211e+08 8.165030863122874498e+08 9.912221383060814142e+08 7.297652300152051449e+08 4.103201739788055420e+02 1.628000000000000000e+03 1.608000000000000000e+03
3.200000000000000000e+01 2.000000000000000000e+00 4.000000000000000000e+00 0.000000000000000000e+00 8.386373479890394211e+08 8.165030863122874498e+08 1.003396880387983203e+09 7.808120766451616287e+08 2.211156671047210693e+02 1.747000000000000000e+03 1.722000000000000000e+03
3.200000000000000000e+01 1.750000000000000000e+00 4.000000000000000000e+00 0.000000000000000000e+00 8.386373479890394211e+08 8.165030863122874498e+08 1.017102250783470154e+09 8.386697598255418539e+08 3.093486018180847168e+02 1.911000000000000000e+03 1.881000000000000000e+03
3.200000000000000000e+01 1.500000000000000000e+00 4.000000000000000000e+00 0.000000000000000000e+00 8.386373479890394211e+08 8.165030863122874498e+08 1.029830570530595064e+09 9.031432087878080606e+08 1.563963840007781982e+02 1.995000000000000000e+03 1.961000000000000000e+03
3.200000000000000000e+01 1.250000000000000000e+00 4.000000000000000000e+00 0.000000000000000000e+00 8.386373479890394211e+08 8.165030863122874498e+08 1.035937531227920771e+09 9.726836496732842922e+08 1.508540911674499512e+02 2.076000000000000000e+03 2.038000000000000000e+03
3.200000000000000000e+01 1.000000000000000000e+00 4.000000000000000000e+00 0.000000000000000000e+00 8.386373479890394211e+08 8.165030863122874498e+08 1.044020790620310903e+09 1.045184399815400243e+09 3.251544799804687500e+02 2.247000000000000000e+03 2.205000000000000000e+03
3.200000000000000000e+01 1.000000000000000000e+00 4.000000000000000000e+00 5.000000000000000000e+00 8.386373479890394211e+08 8.165030863122874498e+08 1.044191589620961666e+09 1.043757285162949204e+09 1.042038540840148926e+02 2.303000000000000000e+03 2.257000000000000000e+03
