# run number, exp fac, ti calc, ti opt, aep init calc (kW), aep init opt (kW), aep run calc (kW), aep run opt (kW), run time (s), obj func calls, sens func calls
1.000000000000000000e+00 3.000000000000000000e+00 4.000000000000000000e+00 0.000000000000000000e+00 8.194714595797584057e+08 8.017850895129568577e+08 9.542604865660997629e+08 6.030325552573343515e+08 2.379885784149169922e+03 1.078000000000000000e+03 1.073000000000000000e+03
1.000000000000000000e+00 2.750000000000000000e+00 4.000000000000000000e+00 0.000000000000000000e+00 8.194714595797584057e+08 8.017850895129568577e+08 9.787299984080922604e+08 6.393947149803984165e+08 9.262346329689025879e+02 1.509000000000000000e+03 1.499000000000000000e+03
1.000000000000000000e+00 2.500000000000000000e+00 4.000000000000000000e+00 0.000000000000000000e+00 8.194714595797584057e+08 8.017850895129568577e+08 9.910023386863168478e+08 6.801311383802716732e+08 5.793453090190887451e+02 1.782000000000000000e+03 1.767000000000000000e+03
1.000000000000000000e+00 2.250000000000000000e+00 4.000000000000000000e+00 0.000000000000000000e+00 8.194714595797584057e+08 8.017850895129568577e+08 1.007993660330984116e+09 7.273086757510666847e+08 3.071888508796691895e+02 1.929000000000000000e+03 1.909000000000000000e+03
1.000000000000000000e+00 2.000000000000000000e+00 4.000000000000000000e+00 0.000000000000000000e+00 8.194714595797584057e+08 8.017850895129568577e+08 1.016013789926716685e+09 7.815977496938925982e+08 3.819831500053405762e+02 2.112000000000000000e+03 2.087000000000000000e+03
1.000000000000000000e+00 1.750000000000000000e+00 4.000000000000000000e+00 0.000000000000000000e+00 8.194714595797584057e+08 8.017850895129568577e+08 1.027038187201305032e+09 8.432809331497397423e+08 2.971237609386444092e+02 2.255000000000000000e+03 2.225000000000000000e+03
1.000000000000000000e+00 1.500000000000000000e+00 4.000000000000000000e+00 0.000000000000000000e+00 8.194714595797584057e+08 8.017850895129568577e+08 1.037303465353021026e+09 9.106432386203593016e+08 1.678566291332244873e+02 2.337000000000000000e+03 2.303000000000000000e+03
1.000000000000000000e+00 1.250000000000000000e+00 4.000000000000000000e+00 0.000000000000000000e+00 8.194714595797584057e+08 8.017850895129568577e+08 1.048937172677332997e+09 9.831587842639428377e+08 2.390579130649566650e+02 2.451000000000000000e+03 2.413000000000000000e+03
1.000000000000000000e+00 1.000000000000000000e+00 4.000000000000000000e+00 0.000000000000000000e+00 8.194714595797584057e+08 8.017850895129568577e+08 1.050050856613264322e+09 1.051249509467083573e+09 1.416688308715820312e+02 2.520000000000000000e+03 2.478000000000000000e+03
1.000000000000000000e+00 1.000000000000000000e+00 4.000000000000000000e+00 5.000000000000000000e+00 8.194714595797584057e+08 8.017850895129568577e+08 1.050146191014049768e+09 1.049788286924602032e+09 1.471037809848785400e+02 2.590000000000000000e+03 2.544000000000000000e+03
