# run number, exp fac, ti calc, ti opt, aep init calc (kW), aep init opt (kW), aep run calc (kW), aep run opt (kW), run time (s), obj func calls, sens func calls
1.260000000000000000e+02 3.000000000000000000e+00 4.000000000000000000e+00 0.000000000000000000e+00 8.446984837757240534e+08 8.260811480114798546e+08 9.667067684270339012e+08 6.110154439714510441e+08 1.458739180088043213e+03 8.360000000000000000e+02 8.310000000000000000e+02
1.260000000000000000e+02 2.750000000000000000e+00 4.000000000000000000e+00 0.000000000000000000e+00 8.446984837757240534e+08 8.260811480114798546e+08 9.821303159939460754e+08 6.471666990829027891e+08 8.376493239402770996e+02 1.329000000000000000e+03 1.319000000000000000e+03
1.260000000000000000e+02 2.500000000000000000e+00 4.000000000000000000e+00 0.000000000000000000e+00 8.446984837757240534e+08 8.260811480114798546e+08 9.922934864832251072e+08 6.875434571589421034e+08 2.125202898979187012e+02 1.459000000000000000e+03 1.444000000000000000e+03
1.260000000000000000e+02 2.250000000000000000e+00 4.000000000000000000e+00 0.000000000000000000e+00 8.446984837757240534e+08 8.260811480114798546e+08 9.948406472226088047e+08 7.323696676836206913e+08 3.133379759788513184e+02 1.651000000000000000e+03 1.631000000000000000e+03
1.260000000000000000e+02 2.000000000000000000e+00 4.000000000000000000e+00 0.000000000000000000e+00 8.446984837757240534e+08 8.260811480114798546e+08 1.011466016219840884e+09 7.847842393000794649e+08 3.944453940391540527e+02 1.890000000000000000e+03 1.865000000000000000e+03
1.260000000000000000e+02 1.750000000000000000e+00 4.000000000000000000e+00 0.000000000000000000e+00 8.446984837757240534e+08 8.260811480114798546e+08 1.015703013117473006e+09 8.427813086265885830e+08 7.168090701103210449e+01 1.936000000000000000e+03 1.907000000000000000e+03
1.260000000000000000e+02 1.500000000000000000e+00 4.000000000000000000e+00 0.000000000000000000e+00 8.446984837757240534e+08 8.260811480114798546e+08 1.027216150982798338e+09 9.064512317266824245e+08 1.505554909706115723e+02 2.029000000000000000e+03 1.996000000000000000e+03
1.260000000000000000e+02 1.250000000000000000e+00 4.000000000000000000e+00 0.000000000000000000e+00 8.446984837757240534e+08 8.260811480114798546e+08 1.041335331882763267e+09 9.760803158102043867e+08 1.233193609714508057e+02 2.107000000000000000e+03 2.070000000000000000e+03
1.260000000000000000e+02 1.000000000000000000e+00 4.000000000000000000e+00 0.000000000000000000e+00 8.446984837757240534e+08 8.260811480114798546e+08 1.043850667318055749e+09 1.044830523502020001e+09 1.217499799728393555e+02 2.186000000000000000e+03 2.145000000000000000e+03
1.260000000000000000e+02 1.000000000000000000e+00 4.000000000000000000e+00 5.000000000000000000e+00 8.446984837757240534e+08 8.260811480114798546e+08 1.043945404048510790e+09 1.043449138197677016e+09 7.874544000625610352e+01 2.242000000000000000e+03 2.197000000000000000e+03
