# run number, exp fac, ti calc, ti opt, aep init calc (kW), aep init opt (kW), aep run calc (kW), aep run opt (kW), run time (s), obj func calls, sens func calls
1.320000000000000000e+02 3.000000000000000000e+00 4.000000000000000000e+00 0.000000000000000000e+00 8.311340964282029867e+08 8.102913867074862719e+08 9.634219107011598349e+08 6.074134017301189899e+08 2.418290934801101685e+03 1.272000000000000000e+03 1.267000000000000000e+03
1.320000000000000000e+02 2.750000000000000000e+00 4.000000000000000000e+00 0.000000000000000000e+00 8.311340964282029867e+08 8.102913867074862719e+08 9.695023762759251595e+08 6.435939277148540020e+08 6.277030370235443115e+02 1.638000000000000000e+03 1.628000000000000000e+03
1.320000000000000000e+02 2.500000000000000000e+00 4.000000000000000000e+00 0.000000000000000000e+00 8.311340964282029867e+08 8.102913867074862719e+08 9.783840053038201332e+08 6.834850884276039600e+08 4.807691600322723389e+02 1.921000000000000000e+03 1.906000000000000000e+03
1.320000000000000000e+02 2.250000000000000000e+00 4.000000000000000000e+00 0.000000000000000000e+00 8.311340964282029867e+08 8.102913867074862719e+08 9.955680871072144508e+08 7.280646268834313154e+08 4.444707760810852051e+02 2.180000000000000000e+03 2.160000000000000000e+03
1.320000000000000000e+02 2.000000000000000000e+00 4.000000000000000000e+00 0.000000000000000000e+00 8.311340964282029867e+08 8.102913867074862719e+08 1.006409898982426763e+09 7.792776619386483431e+08 2.573496618270874023e+02 2.334000000000000000e+03 2.309000000000000000e+03
1.320000000000000000e+02 1.750000000000000000e+00 4.000000000000000000e+00 0.000000000000000000e+00 8.311340964282029867e+08 8.102913867074862719e+08 1.016152098140708566e+09 8.367988903190755844e+08 2.672999470233917236e+02 2.492000000000000000e+03 2.462000000000000000e+03
1.320000000000000000e+02 1.500000000000000000e+00 4.000000000000000000e+00 0.000000000000000000e+00 8.311340964282029867e+08 8.102913867074862719e+08 1.028038134018385291e+09 9.015277747761601210e+08 2.645874907970428467e+02 2.647000000000000000e+03 2.612000000000000000e+03
1.320000000000000000e+02 1.250000000000000000e+00 4.000000000000000000e+00 0.000000000000000000e+00 8.311340964282029867e+08 8.102913867074862719e+08 1.038671914660555601e+09 9.718116517069885731e+08 1.436981630325317383e+02 2.734000000000000000e+03 2.695000000000000000e+03
1.320000000000000000e+02 1.000000000000000000e+00 4.000000000000000000e+00 0.000000000000000000e+00 8.311340964282029867e+08 8.102913867074862719e+08 1.041637523801729560e+09 1.041718177165984392e+09 1.562309460639953613e+02 2.828000000000000000e+03 2.785000000000000000e+03
1.320000000000000000e+02 1.000000000000000000e+00 4.000000000000000000e+00 5.000000000000000000e+00 8.311340964282029867e+08 8.102913867074862719e+08 1.041701419320522785e+09 1.040515308024670482e+09 3.694549870491027832e+02 3.042000000000000000e+03 2.994000000000000000e+03
