# run number, exp fac, ti calc, ti opt, aep init calc (kW), aep init opt (kW), aep run calc (kW), aep run opt (kW), run time (s), obj func calls, sens func calls
2.600000000000000000e+01 3.000000000000000000e+00 4.000000000000000000e+00 0.000000000000000000e+00 8.341095516421741247e+08 8.177242536823391914e+08 9.514617312069405317e+08 6.031096851900371313e+08 1.803921663045883179e+03 6.420000000000000000e+02 6.370000000000000000e+02
2.600000000000000000e+01 2.750000000000000000e+00 4.000000000000000000e+00 0.000000000000000000e+00 8.341095516421741247e+08 8.177242536823391914e+08 9.565927783640998602e+08 6.385773089745527506e+08 9.269657530784606934e+02 1.019000000000000000e+03 1.009000000000000000e+03
2.600000000000000000e+01 2.500000000000000000e+00 4.000000000000000000e+00 0.000000000000000000e+00 8.341095516421741247e+08 8.177242536823391914e+08 9.809598884618889093e+08 6.788895398124507666e+08 7.803698141574859619e+02 1.344000000000000000e+03 1.329000000000000000e+03
2.600000000000000000e+01 2.250000000000000000e+00 4.000000000000000000e+00 0.000000000000000000e+00 8.341095516421741247e+08 8.177242536823391914e+08 9.967934753502413034e+08 7.244087692976529598e+08 1.001174231052398682e+03 1.764000000000000000e+03 1.744000000000000000e+03
2.600000000000000000e+01 2.000000000000000000e+00 4.000000000000000000e+00 0.000000000000000000e+00 8.341095516421741247e+08 8.177242536823391914e+08 1.006694988149143934e+09 7.764250505524778366e+08 4.629324359893798828e+02 1.964000000000000000e+03 1.939000000000000000e+03
2.600000000000000000e+01 1.750000000000000000e+00 4.000000000000000000e+00 0.000000000000000000e+00 8.341095516421741247e+08 8.177242536823391914e+08 1.015094964139862537e+09 8.348132384291188717e+08 4.161732270717620850e+02 2.141000000000000000e+03 2.111000000000000000e+03
2.600000000000000000e+01 1.500000000000000000e+00 4.000000000000000000e+00 0.000000000000000000e+00 8.341095516421741247e+08 8.177242536823391914e+08 1.038708544623372316e+09 9.030832568707873821e+08 1.703535881042480469e+02 2.216000000000000000e+03 2.182000000000000000e+03
2.600000000000000000e+01 1.250000000000000000e+00 4.000000000000000000e+00 0.000000000000000000e+00 8.341095516421741247e+08 8.177242536823391914e+08 1.043986012659692287e+09 9.763536861542820930e+08 2.017935581207275391e+02 2.305000000000000000e+03 2.267000000000000000e+03
2.600000000000000000e+01 1.000000000000000000e+00 4.000000000000000000e+00 0.000000000000000000e+00 8.341095516421741247e+08 8.177242536823391914e+08 1.046097063944659114e+09 1.046822863280123711e+09 1.865356910228729248e+02 2.387000000000000000e+03 2.345000000000000000e+03
2.600000000000000000e+01 1.000000000000000000e+00 4.000000000000000000e+00 5.000000000000000000e+00 8.341095516421741247e+08 8.177242536823391914e+08 1.046194255549775362e+09 1.045450010139666438e+09 1.166495070457458496e+02 2.438000000000000000e+03 2.392000000000000000e+03
