# run number, exp fac, ti calc, ti opt, aep init calc (kW), aep init opt (kW), aep run calc (kW), aep run opt (kW), run time (s), obj func calls, sens func calls
1.550000000000000000e+02 3.000000000000000000e+00 4.000000000000000000e+00 0.000000000000000000e+00 8.159853417288275957e+08 7.949829445783782005e+08 9.724156426355352402e+08 6.076160352356270552e+08 3.118414051055908203e+03 1.267000000000000000e+03 1.262000000000000000e+03
1.550000000000000000e+02 2.750000000000000000e+00 4.000000000000000000e+00 0.000000000000000000e+00 8.159853417288275957e+08 7.949829445783782005e+08 9.778814765047286749e+08 6.440848661466912031e+08 5.858546681404113770e+02 1.533000000000000000e+03 1.523000000000000000e+03
1.550000000000000000e+02 2.500000000000000000e+00 4.000000000000000000e+00 0.000000000000000000e+00 8.159853417288275957e+08 7.949829445783782005e+08 9.898062379628531933e+08 6.849693690633438826e+08 4.996816959381103516e+02 1.800000000000000000e+03 1.785000000000000000e+03
1.550000000000000000e+02 2.250000000000000000e+00 4.000000000000000000e+00 0.000000000000000000e+00 8.159853417288275957e+08 7.949829445783782005e+08 1.005045824823258638e+09 7.308174255412606001e+08 5.917733111381530762e+02 2.190000000000000000e+03 2.170000000000000000e+03
1.550000000000000000e+02 2.000000000000000000e+00 4.000000000000000000e+00 0.000000000000000000e+00 8.159853417288275957e+08 7.949829445783782005e+08 1.008710521743651628e+09 7.832137852595102787e+08 2.820227928161621094e+02 2.388000000000000000e+03 2.363000000000000000e+03
1.550000000000000000e+02 1.750000000000000000e+00 4.000000000000000000e+00 0.000000000000000000e+00 8.159853417288275957e+08 7.949829445783782005e+08 1.018065560820010304e+09 8.417572530419963598e+08 4.740943861007690430e+02 2.718000000000000000e+03 2.688000000000000000e+03
1.550000000000000000e+02 1.500000000000000000e+00 4.000000000000000000e+00 0.000000000000000000e+00 8.159853417288275957e+08 7.949829445783782005e+08 1.029206210231435537e+09 9.058240471350657940e+08 1.052866599559783936e+02 2.794000000000000000e+03 2.760000000000000000e+03
1.550000000000000000e+02 1.250000000000000000e+00 4.000000000000000000e+00 0.000000000000000000e+00 8.159853417288275957e+08 7.949829445783782005e+08 1.038356022633539557e+09 9.749479395021427870e+08 1.388310279846191406e+02 2.893000000000000000e+03 2.855000000000000000e+03
1.550000000000000000e+02 1.000000000000000000e+00 4.000000000000000000e+00 0.000000000000000000e+00 8.159853417288275957e+08 7.949829445783782005e+08 1.043218405679137468e+09 1.044036834151617765e+09 1.036961419582366943e+02 2.970000000000000000e+03 2.928000000000000000e+03
1.550000000000000000e+02 1.000000000000000000e+00 4.000000000000000000e+00 5.000000000000000000e+00 8.159853417288275957e+08 7.949829445783782005e+08 1.043322550842073798e+09 1.042771007253368139e+09 8.424707388877868652e+01 3.030000000000000000e+03 2.984000000000000000e+03
