# run number, exp fac, ti calc, ti opt, aep init calc (kW), aep init opt (kW), aep run calc (kW), aep run opt (kW), run time (s), obj func calls, sens func calls
1.110000000000000000e+02 3.000000000000000000e+00 4.000000000000000000e+00 0.000000000000000000e+00 7.995007911105685234e+08 7.800240381855856180e+08 9.465879710622828007e+08 5.976904636963275671e+08 1.649287565946578979e+03 9.820000000000000000e+02 9.770000000000000000e+02
1.110000000000000000e+02 2.750000000000000000e+00 4.000000000000000000e+00 0.000000000000000000e+00 7.995007911105685234e+08 7.800240381855856180e+08 9.808346014942511320e+08 6.437202902567869425e+08 3.034036240577697754e+02 1.177000000000000000e+03 1.167000000000000000e+03
1.110000000000000000e+02 2.500000000000000000e+00 4.000000000000000000e+00 0.000000000000000000e+00 7.995007911105685234e+08 7.800240381855856180e+08 9.805551499663968086e+08 6.841474156969048977e+08 5.089235141277313232e+02 1.499000000000000000e+03 1.484000000000000000e+03
1.110000000000000000e+02 2.250000000000000000e+00 4.000000000000000000e+00 0.000000000000000000e+00 7.995007911105685234e+08 7.800240381855856180e+08 9.971653930407203436e+08 7.288369434810090065e+08 1.867021720409393311e+02 1.621000000000000000e+03 1.601000000000000000e+03
1.110000000000000000e+02 2.000000000000000000e+00 4.000000000000000000e+00 0.000000000000000000e+00 7.995007911105685234e+08 7.800240381855856180e+08 1.011283688744843364e+09 7.806396303159437180e+08 9.287516498565673828e+01 1.683000000000000000e+03 1.659000000000000000e+03
1.110000000000000000e+02 1.750000000000000000e+00 4.000000000000000000e+00 0.000000000000000000e+00 7.995007911105685234e+08 7.800240381855856180e+08 1.018960660182895660e+09 8.392856965402860641e+08 3.145827848911285400e+02 1.886000000000000000e+03 1.857000000000000000e+03
1.110000000000000000e+02 1.500000000000000000e+00 4.000000000000000000e+00 0.000000000000000000e+00 7.995007911105685234e+08 7.800240381855856180e+08 1.022624608114041209e+09 9.033450257029740810e+08 1.374147350788116455e+02 1.976000000000000000e+03 1.943000000000000000e+03
1.110000000000000000e+02 1.250000000000000000e+00 4.000000000000000000e+00 0.000000000000000000e+00 7.995007911105685234e+08 7.800240381855856180e+08 1.039985392887389302e+09 9.738607405495021343e+08 1.731191279888153076e+02 2.088000000000000000e+03 2.051000000000000000e+03
1.110000000000000000e+02 1.000000000000000000e+00 4.000000000000000000e+00 0.000000000000000000e+00 7.995007911105685234e+08 7.800240381855856180e+08 1.041805432949473739e+09 1.042672887134842157e+09 1.081001770496368408e+02 2.160000000000000000e+03 2.119000000000000000e+03
1.110000000000000000e+02 1.000000000000000000e+00 4.000000000000000000e+00 5.000000000000000000e+00 7.995007911105685234e+08 7.800240381855856180e+08 1.041897749605630875e+09 1.041285101271444440e+09 7.120445394515991211e+01 2.208000000000000000e+03 2.163000000000000000e+03
