# run number, exp fac, ti calc, ti opt, aep init calc (kW), aep init opt (kW), aep run calc (kW), aep run opt (kW), run time (s), obj func calls, sens func calls
7.000000000000000000e+01 3.000000000000000000e+00 4.000000000000000000e+00 0.000000000000000000e+00 8.296933862871264219e+08 8.111845651737972498e+08 9.640606295664751530e+08 6.110457001308810711e+08 3.016104161024093628e+03 2.250000000000000000e+03 2.245000000000000000e+03
7.000000000000000000e+01 2.750000000000000000e+00 4.000000000000000000e+00 0.000000000000000000e+00 8.296933862871264219e+08 8.111845651737972498e+08 9.699021158947029114e+08 6.466052331058127880e+08 5.316209850311279297e+02 2.456000000000000000e+03 2.446000000000000000e+03
7.000000000000000000e+01 2.500000000000000000e+00 4.000000000000000000e+00 0.000000000000000000e+00 8.296933862871264219e+08 8.111845651737972498e+08 9.877528830122576952e+08 6.865249851150461435e+08 6.939046239852905273e+02 3.076000000000000000e+03 3.061000000000000000e+03
7.000000000000000000e+01 2.250000000000000000e+00 4.000000000000000000e+00 0.000000000000000000e+00 8.296933862871264219e+08 8.111845651737972498e+08 1.000022093190775156e+09 7.317051092807973623e+08 2.129857869148254395e+02 3.277000000000000000e+03 3.257000000000000000e+03
7.000000000000000000e+01 2.000000000000000000e+00 4.000000000000000000e+00 0.000000000000000000e+00 8.296933862871264219e+08 8.111845651737972498e+08 1.010171210585083604e+09 7.833891687485586405e+08 1.749824171066284180e+02 3.445000000000000000e+03 3.420000000000000000e+03
7.000000000000000000e+01 1.750000000000000000e+00 4.000000000000000000e+00 0.000000000000000000e+00 8.296933862871264219e+08 8.111845651737972498e+08 1.013808663851836801e+09 8.411081721748681068e+08 1.618741569519042969e+02 3.599000000000000000e+03 3.569000000000000000e+03
7.000000000000000000e+01 1.500000000000000000e+00 4.000000000000000000e+00 0.000000000000000000e+00 8.296933862871264219e+08 8.111845651737972498e+08 1.023549887342439651e+09 9.037057169255422354e+08 6.967865014076232910e+01 3.667000000000000000e+03 3.633000000000000000e+03
7.000000000000000000e+01 1.250000000000000000e+00 4.000000000000000000e+00 0.000000000000000000e+00 8.296933862871264219e+08 8.111845651737972498e+08 1.039328857674389362e+09 9.726079893668204546e+08 6.671051001548767090e+01 3.733000000000000000e+03 3.695000000000000000e+03
7.000000000000000000e+01 1.000000000000000000e+00 4.000000000000000000e+00 0.000000000000000000e+00 8.296933862871264219e+08 8.111845651737972498e+08 1.041700387457661986e+09 1.042189141363367200e+09 7.092629408836364746e+01 3.803000000000000000e+03 3.761000000000000000e+03
7.000000000000000000e+01 1.000000000000000000e+00 4.000000000000000000e+00 5.000000000000000000e+00 8.296933862871264219e+08 8.111845651737972498e+08 1.041808695130549312e+09 1.040848423702487230e+09 5.492975592613220215e+01 3.856000000000000000e+03 3.810000000000000000e+03
