# run number, exp fac, ti calc, ti opt, aep init calc (kW), aep init opt (kW), aep run calc (kW), aep run opt (kW), run time (s), obj func calls, sens func calls
1.990000000000000000e+02 3.000000000000000000e+00 4.000000000000000000e+00 0.000000000000000000e+00 8.020990619461354017e+08 7.792101058990362883e+08 9.560974514275397062e+08 6.063127019664998055e+08 1.571943874120712280e+03 1.143000000000000000e+03 1.138000000000000000e+03
1.990000000000000000e+02 2.750000000000000000e+00 4.000000000000000000e+00 0.000000000000000000e+00 8.020990619461354017e+08 7.792101058990362883e+08 9.686845533860689402e+08 6.434791852378516197e+08 2.882420549392700195e+02 1.357000000000000000e+03 1.347000000000000000e+03
1.990000000000000000e+02 2.500000000000000000e+00 4.000000000000000000e+00 0.000000000000000000e+00 8.020990619461354017e+08 7.792101058990362883e+08 9.757257365744612217e+08 6.833034115780184269e+08 4.619881489276885986e+02 1.694000000000000000e+03 1.679000000000000000e+03
1.990000000000000000e+02 2.250000000000000000e+00 4.000000000000000000e+00 0.000000000000000000e+00 8.020990619461354017e+08 7.792101058990362883e+08 9.919418323773601055e+08 7.286007214005005360e+08 3.107821969985961914e+02 1.923000000000000000e+03 1.903000000000000000e+03
1.990000000000000000e+02 2.000000000000000000e+00 4.000000000000000000e+00 0.000000000000000000e+00 8.020990619461354017e+08 7.792101058990362883e+08 9.981433853584817648e+08 7.795081978898645639e+08 1.758659329414367676e+02 2.055000000000000000e+03 2.030000000000000000e+03
1.990000000000000000e+02 1.750000000000000000e+00 4.000000000000000000e+00 0.000000000000000000e+00 8.020990619461354017e+08 7.792101058990362883e+08 1.012594753011163712e+09 8.414975380688562393e+08 1.547513802051544189e+02 2.171000000000000000e+03 2.141000000000000000e+03
1.990000000000000000e+02 1.500000000000000000e+00 4.000000000000000000e+00 0.000000000000000000e+00 8.020990619461354017e+08 7.792101058990362883e+08 1.025630216992680669e+09 9.054074669149531126e+08 8.787288713455200195e+01 2.238000000000000000e+03 2.204000000000000000e+03
1.990000000000000000e+02 1.250000000000000000e+00 4.000000000000000000e+00 0.000000000000000000e+00 8.020990619461354017e+08 7.792101058990362883e+08 1.042830800200583339e+09 9.767035274414373636e+08 8.620572304725646973e+01 2.304000000000000000e+03 2.266000000000000000e+03
1.990000000000000000e+02 1.000000000000000000e+00 4.000000000000000000e+00 0.000000000000000000e+00 8.020990619461354017e+08 7.792101058990362883e+08 1.044404207962758064e+09 1.045034503390257001e+09 1.572485930919647217e+02 2.422000000000000000e+03 2.380000000000000000e+03
1.990000000000000000e+02 1.000000000000000000e+00 4.000000000000000000e+00 5.000000000000000000e+00 8.020990619461354017e+08 7.792101058990362883e+08 1.044636006988079548e+09 1.043647917968177557e+09 1.606850521564483643e+02 2.541000000000000000e+03 2.495000000000000000e+03
