# run number, exp fac, ti calc, ti opt, aep init calc (kW), aep init opt (kW), aep run calc (kW), aep run opt (kW), run time (s), obj func calls, sens func calls
1.480000000000000000e+02 3.000000000000000000e+00 4.000000000000000000e+00 0.000000000000000000e+00 8.299841526673763990e+08 8.125969003498880863e+08 9.661160033137367964e+08 6.074956636783641577e+08 2.123620116949081421e+03 1.212000000000000000e+03 1.207000000000000000e+03
1.480000000000000000e+02 2.750000000000000000e+00 4.000000000000000000e+00 0.000000000000000000e+00 8.299841526673763990e+08 8.125969003498880863e+08 9.723939285129348040e+08 6.439738628791551590e+08 9.302765970230102539e+02 1.752000000000000000e+03 1.742000000000000000e+03
1.480000000000000000e+02 2.500000000000000000e+00 4.000000000000000000e+00 0.000000000000000000e+00 8.299841526673763990e+08 8.125969003498880863e+08 9.762909821115766764e+08 6.840564133529891968e+08 5.296431071758270264e+02 2.062000000000000000e+03 2.047000000000000000e+03
1.480000000000000000e+02 2.250000000000000000e+00 4.000000000000000000e+00 0.000000000000000000e+00 8.299841526673763990e+08 8.125969003498880863e+08 9.839320668405874968e+08 7.286345928713932037e+08 2.011785790920257568e+02 2.184000000000000000e+03 2.164000000000000000e+03
1.480000000000000000e+02 2.000000000000000000e+00 4.000000000000000000e+00 0.000000000000000000e+00 8.299841526673763990e+08 8.125969003498880863e+08 1.008760902055349588e+09 7.799759588026866913e+08 2.906355509757995605e+02 2.368000000000000000e+03 2.343000000000000000e+03
1.480000000000000000e+02 1.750000000000000000e+00 4.000000000000000000e+00 0.000000000000000000e+00 8.299841526673763990e+08 8.125969003498880863e+08 1.014769427269271374e+09 8.385937127053359747e+08 1.641287980079650879e+02 2.474000000000000000e+03 2.444000000000000000e+03
1.480000000000000000e+02 1.500000000000000000e+00 4.000000000000000000e+00 0.000000000000000000e+00 8.299841526673763990e+08 8.125969003498880863e+08 1.025675411710584521e+09 9.037200978749976158e+08 1.284966809749603271e+02 2.556000000000000000e+03 2.522000000000000000e+03
1.480000000000000000e+02 1.250000000000000000e+00 4.000000000000000000e+00 0.000000000000000000e+00 8.299841526673763990e+08 8.125969003498880863e+08 1.039476919773021102e+09 9.749298330706235170e+08 1.243016710281372070e+02 2.635000000000000000e+03 2.597000000000000000e+03
1.480000000000000000e+02 1.000000000000000000e+00 4.000000000000000000e+00 0.000000000000000000e+00 8.299841526673763990e+08 8.125969003498880863e+08 1.044698438472151756e+09 1.045603803408598781e+09 1.509881889820098877e+02 2.730000000000000000e+03 2.688000000000000000e+03
1.480000000000000000e+02 1.000000000000000000e+00 4.000000000000000000e+00 5.000000000000000000e+00 8.299841526673763990e+08 8.125969003498880863e+08 1.044913974633407950e+09 1.044016033603861928e+09 1.238672761917114258e+02 2.807000000000000000e+03 2.761000000000000000e+03
