# run number, exp fac, ti calc, ti opt, aep init calc (kW), aep init opt (kW), aep run calc (kW), aep run opt (kW), run time (s), obj func calls, sens func calls
5.100000000000000000e+01 3.000000000000000000e+00 4.000000000000000000e+00 0.000000000000000000e+00 8.532730846862850189e+08 8.323217690669807196e+08 9.594334848586964607e+08 6.050881775553822517e+08 2.215753648996353149e+03 9.850000000000000000e+02 9.800000000000000000e+02
5.100000000000000000e+01 2.750000000000000000e+00 4.000000000000000000e+00 0.000000000000000000e+00 8.532730846862850189e+08 8.323217690669807196e+08 9.638689599102693796e+08 6.415291156062976122e+08 2.956083130836486816e+02 1.121000000000000000e+03 1.111000000000000000e+03
5.100000000000000000e+01 2.500000000000000000e+00 4.000000000000000000e+00 0.000000000000000000e+00 8.532730846862850189e+08 8.323217690669807196e+08 9.812410788258889914e+08 6.815124873984409571e+08 5.126785049438476562e+02 1.349000000000000000e+03 1.334000000000000000e+03
5.100000000000000000e+01 2.250000000000000000e+00 4.000000000000000000e+00 0.000000000000000000e+00 8.532730846862850189e+08 8.323217690669807196e+08 9.978952029930337667e+08 7.268801119111136198e+08 8.938645009994506836e+02 1.742000000000000000e+03 1.722000000000000000e+03
5.100000000000000000e+01 2.000000000000000000e+00 4.000000000000000000e+00 0.000000000000000000e+00 8.532730846862850189e+08 8.323217690669807196e+08 1.017159665163849115e+09 7.789729078906731606e+08 3.470818779468536377e+02 1.902000000000000000e+03 1.877000000000000000e+03
5.100000000000000000e+01 1.750000000000000000e+00 4.000000000000000000e+00 0.000000000000000000e+00 8.532730846862850189e+08 8.323217690669807196e+08 1.023438622992228866e+09 8.381934490499327183e+08 2.115215480327606201e+02 2.004000000000000000e+03 1.974000000000000000e+03
5.100000000000000000e+01 1.500000000000000000e+00 4.000000000000000000e+00 0.000000000000000000e+00 8.532730846862850189e+08 8.323217690669807196e+08 1.035852223349427581e+09 9.046239016965723038e+08 1.485432620048522949e+02 2.077000000000000000e+03 2.043000000000000000e+03
5.100000000000000000e+01 1.250000000000000000e+00 4.000000000000000000e+00 0.000000000000000000e+00 8.532730846862850189e+08 8.323217690669807196e+08 1.042975740894858479e+09 9.769748889776800871e+08 1.462184050083160400e+02 2.149000000000000000e+03 2.111000000000000000e+03
5.100000000000000000e+01 1.000000000000000000e+00 4.000000000000000000e+00 0.000000000000000000e+00 8.532730846862850189e+08 8.323217690669807196e+08 1.044535815407829762e+09 1.045765147243469477e+09 1.274052901268005371e+02 2.213000000000000000e+03 2.171000000000000000e+03
5.100000000000000000e+01 1.000000000000000000e+00 4.000000000000000000e+00 5.000000000000000000e+00 8.532730846862850189e+08 8.323217690669807196e+08 1.044671769863036394e+09 1.044383261014056683e+09 1.061833508014678955e+02 2.265000000000000000e+03 2.219000000000000000e+03
