# run number, exp fac, ti calc, ti opt, aep init calc (kW), aep init opt (kW), aep run calc (kW), aep run opt (kW), run time (s), obj func calls, sens func calls
1.100000000000000000e+01 3.000000000000000000e+00 4.000000000000000000e+00 0.000000000000000000e+00 8.218779721089138985e+08 8.011624016702821255e+08 9.621248380284656286e+08 6.042019073007732630e+08 1.257799978971481323e+03 7.190000000000000000e+02 7.140000000000000000e+02
1.100000000000000000e+01 2.750000000000000000e+00 4.000000000000000000e+00 0.000000000000000000e+00 8.218779721089138985e+08 8.011624016702821255e+08 9.825798667230703831e+08 6.410453740401108265e+08 4.379151818752288818e+02 9.800000000000000000e+02 9.700000000000000000e+02
1.100000000000000000e+01 2.500000000000000000e+00 4.000000000000000000e+00 0.000000000000000000e+00 8.218779721089138985e+08 8.011624016702821255e+08 9.929297297077897787e+08 6.821059413597420454e+08 1.763699750900268555e+02 1.086000000000000000e+03 1.071000000000000000e+03
1.100000000000000000e+01 2.250000000000000000e+00 4.000000000000000000e+00 0.000000000000000000e+00 8.218779721089138985e+08 8.011624016702821255e+08 1.010246043770114183e+09 7.287893096550239325e+08 5.134054739475250244e+02 1.393000000000000000e+03 1.373000000000000000e+03
1.100000000000000000e+01 2.000000000000000000e+00 4.000000000000000000e+00 0.000000000000000000e+00 8.218779721089138985e+08 8.011624016702821255e+08 1.021005485243813634e+09 7.827796099143155813e+08 2.285461900234222412e+02 1.531000000000000000e+03 1.506000000000000000e+03
1.100000000000000000e+01 1.750000000000000000e+00 4.000000000000000000e+00 0.000000000000000000e+00 8.218779721089138985e+08 8.011624016702821255e+08 1.032529878156463742e+09 8.447834851648209095e+08 3.760366408824920654e+02 1.754000000000000000e+03 1.724000000000000000e+03
1.100000000000000000e+01 1.500000000000000000e+00 4.000000000000000000e+00 0.000000000000000000e+00 8.218779721089138985e+08 8.011624016702821255e+08 1.042365295689473510e+09 9.148485138357477188e+08 1.151228089332580566e+02 1.825000000000000000e+03 1.791000000000000000e+03
1.100000000000000000e+01 1.250000000000000000e+00 4.000000000000000000e+00 0.000000000000000000e+00 8.218779721089138985e+08 8.011624016702821255e+08 1.045429322849036217e+09 9.851986580827598572e+08 1.002185339927673340e+02 1.887000000000000000e+03 1.849000000000000000e+03
1.100000000000000000e+01 1.000000000000000000e+00 4.000000000000000000e+00 0.000000000000000000e+00 8.218779721089138985e+08 8.011624016702821255e+08 1.049885770374617577e+09 1.050758438469490409e+09 2.241156730651855469e+02 2.019000000000000000e+03 1.977000000000000000e+03
1.100000000000000000e+01 1.000000000000000000e+00 4.000000000000000000e+00 5.000000000000000000e+00 8.218779721089138985e+08 8.011624016702821255e+08 1.050045118703755617e+09 1.049473258123404145e+09 1.342843439579010010e+02 2.100000000000000000e+03 2.054000000000000000e+03
