# run number, exp fac, ti calc, ti opt, aep init calc (kW), aep init opt (kW), aep run calc (kW), aep run opt (kW), run time (s), obj func calls, sens func calls
1.300000000000000000e+02 3.000000000000000000e+00 4.000000000000000000e+00 0.000000000000000000e+00 8.259082446860281229e+08 8.079883859612241983e+08 9.649242491229888201e+08 6.100021072833235264e+08 9.554105679988861084e+02 5.650000000000000000e+02 5.600000000000000000e+02
1.300000000000000000e+02 2.750000000000000000e+00 4.000000000000000000e+00 0.000000000000000000e+00 8.259082446860281229e+08 8.079883859612241983e+08 9.649242491229888201e+08 6.457066516537593603e+08 3.228627514839172363e+01 5.890000000000000000e+02 5.790000000000000000e+02
1.300000000000000000e+02 2.500000000000000000e+00 4.000000000000000000e+00 0.000000000000000000e+00 8.259082446860281229e+08 8.079883859612241983e+08 9.818885932443412542e+08 6.856801987998516560e+08 3.748848187923431396e+02 8.180000000000000000e+02 8.030000000000000000e+02
1.300000000000000000e+02 2.250000000000000000e+00 4.000000000000000000e+00 0.000000000000000000e+00 8.259082446860281229e+08 8.079883859612241983e+08 9.971169668874026537e+08 7.306529669417310953e+08 2.174898200035095215e+02 9.540000000000000000e+02 9.340000000000000000e+02
1.300000000000000000e+02 2.000000000000000000e+00 4.000000000000000000e+00 0.000000000000000000e+00 8.259082446860281229e+08 8.079883859612241983e+08 1.001489509983143806e+09 7.811851144325909615e+08 4.117697749137878418e+02 1.209000000000000000e+03 1.184000000000000000e+03
1.300000000000000000e+02 1.750000000000000000e+00 4.000000000000000000e+00 0.000000000000000000e+00 8.259082446860281229e+08 8.079883859612241983e+08 1.013143782304658055e+09 8.379211092687609196e+08 2.866914379596710205e+02 1.388000000000000000e+03 1.358000000000000000e+03
1.300000000000000000e+02 1.500000000000000000e+00 4.000000000000000000e+00 0.000000000000000000e+00 8.259082446860281229e+08 8.079883859612241983e+08 1.026428443193952560e+09 9.016494688861607313e+08 1.736730089187622070e+02 1.498000000000000000e+03 1.464000000000000000e+03
1.300000000000000000e+02 1.250000000000000000e+00 4.000000000000000000e+00 0.000000000000000000e+00 8.259082446860281229e+08 8.079883859612241983e+08 1.036309041099347472e+09 9.704323890497149229e+08 1.170157928466796875e+02 1.573000000000000000e+03 1.535000000000000000e+03
1.300000000000000000e+02 1.000000000000000000e+00 4.000000000000000000e+00 0.000000000000000000e+00 8.259082446860281229e+08 8.079883859612241983e+08 1.037764130970693350e+09 1.038452077680929184e+09 1.093796269893646240e+02 1.643000000000000000e+03 1.601000000000000000e+03
1.300000000000000000e+02 1.000000000000000000e+00 4.000000000000000000e+00 5.000000000000000000e+00 8.259082446860281229e+08 8.079883859612241983e+08 1.037893991959203124e+09 1.037222152711217523e+09 1.151766548156738281e+02 1.716000000000000000e+03 1.670000000000000000e+03
