# run number, exp fac, ti calc, ti opt, aep init calc (kW), aep init opt (kW), aep run calc (kW), aep run opt (kW), run time (s), obj func calls, sens func calls
1.710000000000000000e+02 3.000000000000000000e+00 4.000000000000000000e+00 0.000000000000000000e+00 8.357873819556630850e+08 8.120667544903224707e+08 9.683400763758412600e+08 6.115983345206459761e+08 2.061491107940673828e+03 9.460000000000000000e+02 9.410000000000000000e+02
1.710000000000000000e+02 2.750000000000000000e+00 4.000000000000000000e+00 0.000000000000000000e+00 8.357873819556630850e+08 8.120667544903224707e+08 9.751165424010888338e+08 6.477451586566380262e+08 9.294120209217071533e+02 1.384000000000000000e+03 1.374000000000000000e+03
1.710000000000000000e+02 2.500000000000000000e+00 4.000000000000000000e+00 0.000000000000000000e+00 8.357873819556630850e+08 8.120667544903224707e+08 9.828529082762873173e+08 6.882943371285117865e+08 5.008712890148162842e+02 1.623000000000000000e+03 1.608000000000000000e+03
1.710000000000000000e+02 2.250000000000000000e+00 4.000000000000000000e+00 0.000000000000000000e+00 8.357873819556630850e+08 8.120667544903224707e+08 9.902265514140206575e+08 7.328096313550513983e+08 3.140930221080780029e+02 1.775000000000000000e+03 1.755000000000000000e+03
1.710000000000000000e+02 2.000000000000000000e+00 4.000000000000000000e+00 0.000000000000000000e+00 8.357873819556630850e+08 8.120667544903224707e+08 1.010218957304163337e+09 7.858951600960202217e+08 2.035930259227752686e+02 1.874000000000000000e+03 1.850000000000000000e+03
1.710000000000000000e+02 1.750000000000000000e+00 4.000000000000000000e+00 0.000000000000000000e+00 8.357873819556630850e+08 8.120667544903224707e+08 1.014746079209405065e+09 8.440000475396615267e+08 2.897725081443786621e+02 2.014000000000000000e+03 1.985000000000000000e+03
1.710000000000000000e+02 1.500000000000000000e+00 4.000000000000000000e+00 0.000000000000000000e+00 8.357873819556630850e+08 8.120667544903224707e+08 1.019605607080829382e+09 9.062936576060464382e+08 3.354100208282470703e+02 2.173000000000000000e+03 2.139000000000000000e+03
1.710000000000000000e+02 1.250000000000000000e+00 4.000000000000000000e+00 0.000000000000000000e+00 8.357873819556630850e+08 8.120667544903224707e+08 1.032660352896678448e+09 9.723119217533431053e+08 4.664963600635528564e+02 2.392000000000000000e+03 2.354000000000000000e+03
1.710000000000000000e+02 1.000000000000000000e+00 4.000000000000000000e+00 0.000000000000000000e+00 8.357873819556630850e+08 8.120667544903224707e+08 1.038494926971059799e+09 1.039200141795995831e+09 3.093994069099426270e+02 2.538000000000000000e+03 2.496000000000000000e+03
1.710000000000000000e+02 1.000000000000000000e+00 4.000000000000000000e+00 5.000000000000000000e+00 8.357873819556630850e+08 8.120667544903224707e+08 1.038674452671366215e+09 1.037826381843852401e+09 7.394963717460632324e+01 2.593000000000000000e+03 2.547000000000000000e+03
