# run number, exp fac, ti calc, ti opt, aep init calc (kW), aep init opt (kW), aep run calc (kW), aep run opt (kW), run time (s), obj func calls, sens func calls
9.200000000000000000e+01 3.000000000000000000e+00 4.000000000000000000e+00 0.000000000000000000e+00 8.423473411852046251e+08 8.261496644296250343e+08 9.603662581715899706e+08 5.995890076065684557e+08 1.545921342134475708e+03 9.390000000000000000e+02 9.340000000000000000e+02
9.200000000000000000e+01 2.750000000000000000e+00 4.000000000000000000e+00 0.000000000000000000e+00 8.423473411852046251e+08 8.261496644296250343e+08 9.630915213223419189e+08 6.387762422655754089e+08 4.401802930831909180e+02 1.211000000000000000e+03 1.201000000000000000e+03
9.200000000000000000e+01 2.500000000000000000e+00 4.000000000000000000e+00 0.000000000000000000e+00 8.423473411852046251e+08 8.261496644296250343e+08 9.710013103575687408e+08 6.783895902861679792e+08 1.567885928153991699e+02 1.311000000000000000e+03 1.296000000000000000e+03
9.200000000000000000e+01 2.250000000000000000e+00 4.000000000000000000e+00 0.000000000000000000e+00 8.423473411852046251e+08 8.261496644296250343e+08 9.893448654617084265e+08 7.236646333976014853e+08 2.713171579837799072e+02 1.481000000000000000e+03 1.461000000000000000e+03
9.200000000000000000e+01 2.000000000000000000e+00 4.000000000000000000e+00 0.000000000000000000e+00 8.423473411852046251e+08 8.261496644296250343e+08 9.997788433216484785e+08 7.750431711972103119e+08 1.769931519031524658e+02 1.594000000000000000e+03 1.569000000000000000e+03
9.200000000000000000e+01 1.750000000000000000e+00 4.000000000000000000e+00 0.000000000000000000e+00 8.423473411852046251e+08 8.261496644296250343e+08 1.013753730202313662e+09 8.334138034247840643e+08 4.631492950916290283e+02 1.885000000000000000e+03 1.855000000000000000e+03
9.200000000000000000e+01 1.500000000000000000e+00 4.000000000000000000e+00 0.000000000000000000e+00 8.423473411852046251e+08 8.261496644296250343e+08 1.031385182911133170e+09 9.007385497954171896e+08 1.916153378486633301e+02 2.008000000000000000e+03 1.973000000000000000e+03
9.200000000000000000e+01 1.250000000000000000e+00 4.000000000000000000e+00 0.000000000000000000e+00 8.423473411852046251e+08 8.261496644296250343e+08 1.040114952230669260e+09 9.741232649087241888e+08 1.037477688789367676e+02 2.076000000000000000e+03 2.037000000000000000e+03
9.200000000000000000e+01 1.000000000000000000e+00 4.000000000000000000e+00 0.000000000000000000e+00 8.423473411852046251e+08 8.261496644296250343e+08 1.043087086818677783e+09 1.043832839152061701e+09 1.627621040344238281e+02 2.180000000000000000e+03 2.137000000000000000e+03
9.200000000000000000e+01 1.000000000000000000e+00 4.000000000000000000e+00 5.000000000000000000e+00 8.423473411852046251e+08 8.261496644296250343e+08 1.043187242694912434e+09 1.042378316957407713e+09 9.405276393890380859e+01 2.240000000000000000e+03 2.193000000000000000e+03
