# run number, exp fac, ti calc, ti opt, aep init calc (kW), aep init opt (kW), aep run calc (kW), aep run opt (kW), run time (s), obj func calls, sens func calls
4.000000000000000000e+00 3.000000000000000000e+00 4.000000000000000000e+00 0.000000000000000000e+00 8.614953989516531229e+08 8.425276894750173092e+08 9.580707664131680727e+08 6.041318834706636667e+08 1.518044143915176392e+03 6.820000000000000000e+02 6.770000000000000000e+02
4.000000000000000000e+00 2.750000000000000000e+00 4.000000000000000000e+00 0.000000000000000000e+00 8.614953989516531229e+08 8.425276894750173092e+08 9.625580843779768944e+08 6.404228502275264263e+08 4.305083849430084229e+02 8.820000000000000000e+02 8.720000000000000000e+02
4.000000000000000000e+00 2.500000000000000000e+00 4.000000000000000000e+00 0.000000000000000000e+00 8.614953989516531229e+08 8.425276894750173092e+08 9.831102941822565794e+08 6.808600708684799671e+08 3.251252131462097168e+02 1.033000000000000000e+03 1.018000000000000000e+03
4.000000000000000000e+00 2.250000000000000000e+00 4.000000000000000000e+00 0.000000000000000000e+00 8.614953989516531229e+08 8.425276894750173092e+08 9.927445308760337830e+08 7.264344077978106737e+08 2.250552539825439453e+02 1.139000000000000000e+03 1.119000000000000000e+03
4.000000000000000000e+00 2.000000000000000000e+00 4.000000000000000000e+00 0.000000000000000000e+00 8.614953989516531229e+08 8.425276894750173092e+08 1.006959237340251803e+09 7.782884602313266993e+08 4.376156270503997803e+02 1.342000000000000000e+03 1.317000000000000000e+03
4.000000000000000000e+00 1.750000000000000000e+00 4.000000000000000000e+00 0.000000000000000000e+00 8.614953989516531229e+08 8.425276894750173092e+08 1.017680308421889424e+09 8.368660486038563251e+08 5.042851011753082275e+02 1.581000000000000000e+03 1.551000000000000000e+03
4.000000000000000000e+00 1.500000000000000000e+00 4.000000000000000000e+00 0.000000000000000000e+00 8.614953989516531229e+08 8.425276894750173092e+08 1.032098580696153045e+09 9.030476201432278156e+08 3.703707990646362305e+02 1.759000000000000000e+03 1.724000000000000000e+03
4.000000000000000000e+00 1.250000000000000000e+00 4.000000000000000000e+00 0.000000000000000000e+00 8.614953989516531229e+08 8.425276894750173092e+08 1.037415955476339817e+09 9.739084678262691498e+08 2.381987547874450684e+02 1.874000000000000000e+03 1.835000000000000000e+03
4.000000000000000000e+00 1.000000000000000000e+00 4.000000000000000000e+00 0.000000000000000000e+00 8.614953989516531229e+08 8.425276894750173092e+08 1.041562585589008331e+09 1.042124239037394524e+09 1.888825550079345703e+02 1.966000000000000000e+03 1.923000000000000000e+03
4.000000000000000000e+00 1.000000000000000000e+00 4.000000000000000000e+00 5.000000000000000000e+00 8.614953989516531229e+08 8.425276894750173092e+08 1.041678803024048090e+09 1.040932859510258079e+09 1.253260421752929688e+02 2.027000000000000000e+03 1.980000000000000000e+03
