# run number, exp fac, ti calc, ti opt, aep init calc (kW), aep init opt (kW), aep run calc (kW), aep run opt (kW), run time (s), obj func calls, sens func calls
7.600000000000000000e+01 3.000000000000000000e+00 4.000000000000000000e+00 0.000000000000000000e+00 8.381428882040333748e+08 8.235373710519851446e+08 9.678686424263318777e+08 6.110566679059410095e+08 2.202452766180038452e+03 1.315000000000000000e+03 1.310000000000000000e+03
7.600000000000000000e+01 2.750000000000000000e+00 4.000000000000000000e+00 0.000000000000000000e+00 8.381428882040333748e+08 8.235373710519851446e+08 9.714402319387850761e+08 6.470810553000742197e+08 5.401182649135589600e+02 1.646000000000000000e+03 1.636000000000000000e+03
7.600000000000000000e+01 2.500000000000000000e+00 4.000000000000000000e+00 0.000000000000000000e+00 8.381428882040333748e+08 8.235373710519851446e+08 9.783965519968776703e+08 6.865902867291553020e+08 3.060915138721466064e+02 1.835000000000000000e+03 1.820000000000000000e+03
7.600000000000000000e+01 2.250000000000000000e+00 4.000000000000000000e+00 0.000000000000000000e+00 8.381428882040333748e+08 8.235373710519851446e+08 9.917610611773082018e+08 7.307599524527934790e+08 1.981091349124908447e+02 1.975000000000000000e+03 1.955000000000000000e+03
7.600000000000000000e+01 2.000000000000000000e+00 4.000000000000000000e+00 0.000000000000000000e+00 8.381428882040333748e+08 8.235373710519851446e+08 9.989287983479837179e+08 7.806026412630758286e+08 3.333068590164184570e+02 2.224000000000000000e+03 2.199000000000000000e+03
7.600000000000000000e+01 1.750000000000000000e+00 4.000000000000000000e+00 0.000000000000000000e+00 8.381428882040333748e+08 8.235373710519851446e+08 1.008375807210752010e+09 8.386362724581043720e+08 1.062647368907928467e+02 2.306000000000000000e+03 2.277000000000000000e+03
7.600000000000000000e+01 1.500000000000000000e+00 4.000000000000000000e+00 0.000000000000000000e+00 8.381428882040333748e+08 8.235373710519851446e+08 1.019690169165731311e+09 9.006496343521013260e+08 1.722092549800872803e+02 2.439000000000000000e+03 2.405000000000000000e+03
7.600000000000000000e+01 1.250000000000000000e+00 4.000000000000000000e+00 0.000000000000000000e+00 8.381428882040333748e+08 8.235373710519851446e+08 1.040516500115608573e+09 9.726740119482649565e+08 1.198690400123596191e+02 2.531000000000000000e+03 2.493000000000000000e+03
7.600000000000000000e+01 1.000000000000000000e+00 4.000000000000000000e+00 0.000000000000000000e+00 8.381428882040333748e+08 8.235373710519851446e+08 1.041917990401796818e+09 1.042601396313481092e+09 1.050909578800201416e+02 2.611000000000000000e+03 2.569000000000000000e+03
7.600000000000000000e+01 1.000000000000000000e+00 4.000000000000000000e+00 5.000000000000000000e+00 8.381428882040333748e+08 8.235373710519851446e+08 1.042025155522082925e+09 1.041230321245783448e+09 7.630534410476684570e+01 2.670000000000000000e+03 2.624000000000000000e+03
