# run number, exp fac, ti calc, ti opt, aep init calc (kW), aep init opt (kW), aep run calc (kW), aep run opt (kW), run time (s), obj func calls, sens func calls
8.200000000000000000e+01 3.000000000000000000e+00 4.000000000000000000e+00 0.000000000000000000e+00 8.633017477252711058e+08 8.401303457926096916e+08 9.738051645288045406e+08 6.083099401580127478e+08 1.189543082952499390e+03 4.080000000000000000e+02 4.030000000000000000e+02
8.200000000000000000e+01 2.750000000000000000e+00 4.000000000000000000e+00 0.000000000000000000e+00 8.633017477252711058e+08 8.401303457926096916e+08 9.767447147516235113e+08 6.447190946973881721e+08 1.136299626111984253e+03 8.080000000000000000e+02 7.980000000000000000e+02
8.200000000000000000e+01 2.500000000000000000e+00 4.000000000000000000e+00 0.000000000000000000e+00 8.633017477252711058e+08 8.401303457926096916e+08 9.831982596105583906e+08 6.847179426164883375e+08 9.938983240127563477e+02 1.157000000000000000e+03 1.142000000000000000e+03
8.200000000000000000e+01 2.250000000000000000e+00 4.000000000000000000e+00 0.000000000000000000e+00 8.633017477252711058e+08 8.401303457926096916e+08 9.938161845271966457e+08 7.292367340868117809e+08 5.631022579669952393e+02 1.372000000000000000e+03 1.352000000000000000e+03
8.200000000000000000e+01 2.000000000000000000e+00 4.000000000000000000e+00 0.000000000000000000e+00 8.633017477252711058e+08 8.401303457926096916e+08 1.004907044500196934e+09 7.806168121458336115e+08 4.251464650630950928e+02 1.537000000000000000e+03 1.512000000000000000e+03
8.200000000000000000e+01 1.750000000000000000e+00 4.000000000000000000e+00 0.000000000000000000e+00 8.633017477252711058e+08 8.401303457926096916e+08 1.010477703311704636e+09 8.377149165929055214e+08 5.084219169616699219e+02 1.734000000000000000e+03 1.704000000000000000e+03
8.200000000000000000e+01 1.500000000000000000e+00 4.000000000000000000e+00 0.000000000000000000e+00 8.633017477252711058e+08 8.401303457926096916e+08 1.022997623987691522e+09 9.024079130441628695e+08 3.697472200393676758e+02 1.878000000000000000e+03 1.843000000000000000e+03
8.200000000000000000e+01 1.250000000000000000e+00 4.000000000000000000e+00 0.000000000000000000e+00 8.633017477252711058e+08 8.401303457926096916e+08 1.026066775157652974e+09 9.601496548450597525e+08 3.068982388973236084e+03 2.998000000000000000e+03 2.958000000000000000e+03
8.200000000000000000e+01 1.000000000000000000e+00 4.000000000000000000e+00 0.000000000000000000e+00 8.633017477252711058e+08 8.401303457926096916e+08 1.031274947643099189e+09 1.032061382465089560e+09 3.006258299350738525e+02 3.111000000000000000e+03 3.067000000000000000e+03
8.200000000000000000e+01 1.000000000000000000e+00 4.000000000000000000e+00 5.000000000000000000e+00 8.633017477252711058e+08 8.401303457926096916e+08 1.031464117267768741e+09 1.030914492594449639e+09 3.117946269512176514e+02 3.228000000000000000e+03 3.179000000000000000e+03
