# run number, exp fac, ti calc, ti opt, aep init calc (kW), aep init opt (kW), aep run calc (kW), aep run opt (kW), run time (s), obj func calls, sens func calls
1.010000000000000000e+02 3.000000000000000000e+00 4.000000000000000000e+00 0.000000000000000000e+00 8.540074655855624676e+08 8.360078564238821268e+08 9.709072502581052780e+08 6.105853072185368538e+08 9.309134309291839600e+02 5.390000000000000000e+02 5.340000000000000000e+02
1.010000000000000000e+02 2.750000000000000000e+00 4.000000000000000000e+00 0.000000000000000000e+00 8.540074655855624676e+08 8.360078564238821268e+08 9.799567210207295418e+08 6.469107368759881258e+08 5.824542188644409180e+02 8.890000000000000000e+02 8.790000000000000000e+02
1.010000000000000000e+02 2.500000000000000000e+00 4.000000000000000000e+00 0.000000000000000000e+00 8.540074655855624676e+08 8.360078564238821268e+08 9.914133096388829947e+08 6.866197779291228056e+08 4.078123910427093506e+02 1.119000000000000000e+03 1.104000000000000000e+03
1.010000000000000000e+02 2.250000000000000000e+00 4.000000000000000000e+00 0.000000000000000000e+00 8.540074655855624676e+08 8.360078564238821268e+08 1.006823914549475670e+09 7.318551678840130568e+08 1.308689006090164185e+03 1.917000000000000000e+03 1.897000000000000000e+03
1.010000000000000000e+02 2.000000000000000000e+00 4.000000000000000000e+00 0.000000000000000000e+00 8.540074655855624676e+08 8.360078564238821268e+08 1.011191168949346900e+09 7.837828001708686352e+08 1.409807789325714111e+02 2.006000000000000000e+03 1.981000000000000000e+03
1.010000000000000000e+02 1.750000000000000000e+00 4.000000000000000000e+00 0.000000000000000000e+00 8.540074655855624676e+08 8.360078564238821268e+08 1.014382910472826838e+09 8.423133272090141773e+08 2.146409060955047607e+02 2.139000000000000000e+03 2.109000000000000000e+03
1.010000000000000000e+02 1.500000000000000000e+00 4.000000000000000000e+00 0.000000000000000000e+00 8.540074655855624676e+08 8.360078564238821268e+08 1.023724439061080694e+09 9.065037292665634155e+08 2.165919926166534424e+03 3.466000000000000000e+03 3.431000000000000000e+03
1.010000000000000000e+02 1.250000000000000000e+00 4.000000000000000000e+00 0.000000000000000000e+00 8.540074655855624676e+08 8.360078564238821268e+08 1.027908158913395762e+09 9.705125141293472052e+08 2.973259658813476562e+02 3.688000000000000000e+03 3.649000000000000000e+03
1.010000000000000000e+02 1.000000000000000000e+00 4.000000000000000000e+00 0.000000000000000000e+00 8.540074655855624676e+08 8.360078564238821268e+08 1.033951643371688843e+09 1.033858239212767363e+09 1.312906482219696045e+02 3.788000000000000000e+03 3.745000000000000000e+03
1.010000000000000000e+02 1.000000000000000000e+00 4.000000000000000000e+00 5.000000000000000000e+00 8.540074655855624676e+08 8.360078564238821268e+08 1.034150130086783051e+09 1.032750061159397721e+09 3.694558031558990479e+02 4.063000000000000000e+03 4.015000000000000000e+03
