# run number, exp fac, ti calc, ti opt, aep init calc (kW), aep init opt (kW), aep run calc (kW), aep run opt (kW), run time (s), obj func calls, sens func calls
1.900000000000000000e+02 3.000000000000000000e+00 4.000000000000000000e+00 0.000000000000000000e+00 8.635381537658488750e+08 8.426786658956216574e+08 9.734474085908039808e+08 6.116526700774466991e+08 7.243341808319091797e+02 4.770000000000000000e+02 4.720000000000000000e+02
1.900000000000000000e+02 2.750000000000000000e+00 4.000000000000000000e+00 0.000000000000000000e+00 8.635381537658488750e+08 8.426786658956216574e+08 9.940031294739497900e+08 6.477330904960176945e+08 3.091074461936950684e+02 6.840000000000000000e+02 6.740000000000000000e+02
1.900000000000000000e+02 2.500000000000000000e+00 4.000000000000000000e+00 0.000000000000000000e+00 8.635381537658488750e+08 8.426786658956216574e+08 1.005623669127282262e+09 6.880370658316807747e+08 1.933962020874023438e+02 8.150000000000000000e+02 8.000000000000000000e+02
1.900000000000000000e+02 2.250000000000000000e+00 4.000000000000000000e+00 0.000000000000000000e+00 8.635381537658488750e+08 8.426786658956216574e+08 1.009751030121028185e+09 7.335992445521596670e+08 3.209541969299316406e+02 1.030000000000000000e+03 1.010000000000000000e+03
1.900000000000000000e+02 2.000000000000000000e+00 4.000000000000000000e+00 0.000000000000000000e+00 8.635381537658488750e+08 8.426786658956216574e+08 1.012035986664029241e+09 7.855649621230490208e+08 6.202789783477783203e+01 1.074000000000000000e+03 1.050000000000000000e+03
1.900000000000000000e+02 1.750000000000000000e+00 4.000000000000000000e+00 0.000000000000000000e+00 8.635381537658488750e+08 8.426786658956216574e+08 1.014448366835338354e+09 8.437151604056955576e+08 8.086694788932800293e+01 1.130000000000000000e+03 1.102000000000000000e+03
1.900000000000000000e+02 1.500000000000000000e+00 4.000000000000000000e+00 0.000000000000000000e+00 8.635381537658488750e+08 8.426786658956216574e+08 1.029111209737598896e+09 9.084813570154159069e+08 3.238809659481048584e+02 1.346000000000000000e+03 1.313000000000000000e+03
1.900000000000000000e+02 1.250000000000000000e+00 4.000000000000000000e+00 0.000000000000000000e+00 8.635381537658488750e+08 8.426786658956216574e+08 1.032923300632020116e+09 9.745832091017482281e+08 2.296902060508728027e+02 1.500000000000000000e+03 1.462000000000000000e+03
1.900000000000000000e+02 1.000000000000000000e+00 4.000000000000000000e+00 0.000000000000000000e+00 8.635381537658488750e+08 8.426786658956216574e+08 1.041758394260521054e+09 1.041389264466045856e+09 2.368200001716613770e+02 1.656000000000000000e+03 1.614000000000000000e+03
1.900000000000000000e+02 1.000000000000000000e+00 4.000000000000000000e+00 5.000000000000000000e+00 8.635381537658488750e+08 8.426786658956216574e+08 1.042102166987041235e+09 1.040689629244219661e+09 1.464664862155914307e+02 1.754000000000000000e+03 1.708000000000000000e+03
