# run number, exp fac, ti calc, ti opt, aep init calc (kW), aep init opt (kW), aep run calc (kW), aep run opt (kW), run time (s), obj func calls, sens func calls
1.750000000000000000e+02 3.000000000000000000e+00 4.000000000000000000e+00 0.000000000000000000e+00 8.638018926026145220e+08 8.439545211091319323e+08 9.444159596694579124e+08 5.839002418344825506e+08 8.802086028814315796e+03 4.607000000000000000e+03 4.603000000000000000e+03
1.750000000000000000e+02 2.750000000000000000e+00 4.000000000000000000e+00 0.000000000000000000e+00 8.638018926026145220e+08 8.439545211091319323e+08 9.692501696618565321e+08 6.392220573748390675e+08 2.713943521022796631e+03 6.533000000000000000e+03 6.524000000000000000e+03
1.750000000000000000e+02 2.500000000000000000e+00 4.000000000000000000e+00 0.000000000000000000e+00 8.638018926026145220e+08 8.439545211091319323e+08 9.745583548584758043e+08 6.796212881747784615e+08 2.818987560272216797e+02 6.740000000000000000e+03 6.726000000000000000e+03
1.750000000000000000e+02 2.250000000000000000e+00 4.000000000000000000e+00 0.000000000000000000e+00 8.638018926026145220e+08 8.439545211091319323e+08 9.964491782056095600e+08 7.250057729767185450e+08 4.472099869251251221e+02 7.063000000000000000e+03 7.044000000000000000e+03
1.750000000000000000e+02 2.000000000000000000e+00 4.000000000000000000e+00 0.000000000000000000e+00 8.638018926026145220e+08 8.439545211091319323e+08 1.011234765816817522e+09 7.774436268245978355e+08 1.969621329307556152e+02 7.209000000000000000e+03 7.185000000000000000e+03
1.750000000000000000e+02 1.750000000000000000e+00 4.000000000000000000e+00 0.000000000000000000e+00 8.638018926026145220e+08 8.439545211091319323e+08 1.014523317125446916e+09 8.366902246760206223e+08 7.843399691581726074e+01 7.269000000000000000e+03 7.241000000000000000e+03
1.750000000000000000e+02 1.500000000000000000e+00 4.000000000000000000e+00 0.000000000000000000e+00 8.638018926026145220e+08 8.439545211091319323e+08 1.032837810834382415e+09 9.045445225889359713e+08 1.383599043130874634e+03 8.242000000000000000e+03 8.210000000000000000e+03
1.750000000000000000e+02 1.250000000000000000e+00 4.000000000000000000e+00 0.000000000000000000e+00 8.638018926026145220e+08 8.439545211091319323e+08 1.038902600830545783e+09 9.752822869953495264e+08 9.822809910774230957e+01 8.314000000000000000e+03 8.278000000000000000e+03
1.750000000000000000e+02 1.000000000000000000e+00 4.000000000000000000e+00 0.000000000000000000e+00 8.638018926026145220e+08 8.439545211091319323e+08 1.041430413433086514e+09 1.042296287357201934e+09 1.354747550487518311e+02 8.413000000000000000e+03 8.373000000000000000e+03
1.750000000000000000e+02 1.000000000000000000e+00 4.000000000000000000e+00 5.000000000000000000e+00 8.638018926026145220e+08 8.439545211091319323e+08 1.041511064943161368e+09 1.040811500674128532e+09 7.662124300003051758e+01 8.469000000000000000e+03 8.425000000000000000e+03
