# run number, exp fac, ti calc, ti opt, aep init calc (kW), aep init opt (kW), aep run calc (kW), aep run opt (kW), run time (s), obj func calls, sens func calls
8.300000000000000000e+01 3.000000000000000000e+00 4.000000000000000000e+00 0.000000000000000000e+00 8.585853578744139671e+08 8.398549342945672274e+08 9.781120458737207651e+08 6.055476253313900232e+08 1.896333486080169678e+03 6.380000000000000000e+02 6.330000000000000000e+02
8.300000000000000000e+01 2.750000000000000000e+00 4.000000000000000000e+00 0.000000000000000000e+00 8.585853578744139671e+08 8.398549342945672274e+08 9.817160253159298897e+08 6.424413722403230667e+08 5.235110270977020264e+02 8.220000000000000000e+02 8.120000000000000000e+02
8.300000000000000000e+01 2.500000000000000000e+00 4.000000000000000000e+00 0.000000000000000000e+00 8.585853578744139671e+08 8.398549342945672274e+08 9.962742688623871803e+08 6.835280438897218704e+08 5.385390558242797852e+02 1.011000000000000000e+03 9.960000000000000000e+02
8.300000000000000000e+01 2.250000000000000000e+00 4.000000000000000000e+00 0.000000000000000000e+00 8.585853578744139671e+08 8.398549342945672274e+08 1.003913473090315104e+09 7.298123498709833622e+08 3.650609588623046875e+02 1.141000000000000000e+03 1.121000000000000000e+03
8.300000000000000000e+01 2.000000000000000000e+00 4.000000000000000000e+00 0.000000000000000000e+00 8.585853578744139671e+08 8.398549342945672274e+08 1.012613892002172232e+09 7.822046581849308014e+08 2.126356279850006104e+02 1.222000000000000000e+03 1.197000000000000000e+03
8.300000000000000000e+01 1.750000000000000000e+00 4.000000000000000000e+00 0.000000000000000000e+00 8.585853578744139671e+08 8.398549342945672274e+08 1.019113775676898956e+09 8.409574173016732931e+08 4.034308528900146484e+02 1.377000000000000000e+03 1.347000000000000000e+03
8.300000000000000000e+01 1.500000000000000000e+00 4.000000000000000000e+00 0.000000000000000000e+00 8.585853578744139671e+08 8.398549342945672274e+08 1.036835061466373324e+09 9.079356510585843325e+08 3.956984903907775879e+04 2.358100000000000000e+04 2.354700000000000000e+04
8.300000000000000000e+01 1.250000000000000000e+00 4.000000000000000000e+00 0.000000000000000000e+00 8.585853578744139671e+08 8.398549342945672274e+08 1.044515282335065603e+09 9.794094162495515347e+08 1.261281039714813232e+02 2.366100000000000000e+04 2.362300000000000000e+04
8.300000000000000000e+01 1.000000000000000000e+00 4.000000000000000000e+00 0.000000000000000000e+00 8.585853578744139671e+08 8.398549342945672274e+08 1.046077472553189874e+09 1.047226048236302614e+09 1.364790849685668945e+02 2.374700000000000000e+04 2.370500000000000000e+04
8.300000000000000000e+01 1.000000000000000000e+00 4.000000000000000000e+00 5.000000000000000000e+00 8.585853578744139671e+08 8.398549342945672274e+08 1.046222482928537488e+09 1.045796715689657807e+09 8.785707616806030273e+01 2.380300000000000000e+04 2.375700000000000000e+04
