# run number, exp fac, ti calc, ti opt, aep init calc (kW), aep init opt (kW), aep run calc (kW), aep run opt (kW), run time (s), obj func calls, sens func calls
1.150000000000000000e+02 3.000000000000000000e+00 4.000000000000000000e+00 0.000000000000000000e+00 8.343533218223314285e+08 8.162064069977769852e+08 9.709856474905276299e+08 6.110573795608974695e+08 2.323199015855789185e+03 1.348000000000000000e+03 1.343000000000000000e+03
1.150000000000000000e+02 2.750000000000000000e+00 4.000000000000000000e+00 0.000000000000000000e+00 8.343533218223314285e+08 8.162064069977769852e+08 9.686095204567185640e+08 6.471401877256494761e+08 4.776832189559936523e+02 1.650000000000000000e+03 1.640000000000000000e+03
1.150000000000000000e+02 2.500000000000000000e+00 4.000000000000000000e+00 0.000000000000000000e+00 8.343533218223314285e+08 8.162064069977769852e+08 9.833632038645840883e+08 6.875933259264632463e+08 2.519572010040283203e+02 1.811000000000000000e+03 1.796000000000000000e+03
1.150000000000000000e+02 2.250000000000000000e+00 4.000000000000000000e+00 0.000000000000000000e+00 8.343533218223314285e+08 8.162064069977769852e+08 9.873478601670968533e+08 7.322236814644114971e+08 3.053129689693450928e+02 2.005000000000000000e+03 1.985000000000000000e+03
1.150000000000000000e+02 2.000000000000000000e+00 4.000000000000000000e+00 0.000000000000000000e+00 8.343533218223314285e+08 8.162064069977769852e+08 1.002321674544949174e+09 7.829283773910194635e+08 2.082317528724670410e+02 2.140000000000000000e+03 2.115000000000000000e+03
1.150000000000000000e+02 1.750000000000000000e+00 4.000000000000000000e+00 0.000000000000000000e+00 8.343533218223314285e+08 8.162064069977769852e+08 1.014574464587990880e+09 8.404218950770750046e+08 1.476115088462829590e+02 2.238000000000000000e+03 2.208000000000000000e+03
1.150000000000000000e+02 1.500000000000000000e+00 4.000000000000000000e+00 0.000000000000000000e+00 8.343533218223314285e+08 8.162064069977769852e+08 1.024604103416396141e+09 9.037561667300941944e+08 2.626545870304107666e+02 2.409000000000000000e+03 2.374000000000000000e+03
1.150000000000000000e+02 1.250000000000000000e+00 4.000000000000000000e+00 0.000000000000000000e+00 8.343533218223314285e+08 8.162064069977769852e+08 1.037694531556508660e+09 9.730778097156217098e+08 1.189688680171966553e+02 2.490000000000000000e+03 2.451000000000000000e+03
1.150000000000000000e+02 1.000000000000000000e+00 4.000000000000000000e+00 0.000000000000000000e+00 8.343533218223314285e+08 8.162064069977769852e+08 1.039671643586016893e+09 1.040811439671804190e+09 1.599664359092712402e+02 2.598000000000000000e+03 2.555000000000000000e+03
1.150000000000000000e+02 1.000000000000000000e+00 4.000000000000000000e+00 5.000000000000000000e+00 8.343533218223314285e+08 8.162064069977769852e+08 1.039790132749710083e+09 1.039439234177902341e+09 1.231536800861358643e+02 2.680000000000000000e+03 2.633000000000000000e+03
