# run number, exp fac, ti calc, ti opt, aep init calc (kW), aep init opt (kW), aep run calc (kW), aep run opt (kW), run time (s), obj func calls, sens func calls
3.400000000000000000e+01 3.000000000000000000e+00 4.000000000000000000e+00 0.000000000000000000e+00 8.286634636958100796e+08 8.094298731471581459e+08 9.568466442916902304e+08 6.075875766996041536e+08 2.314752176046371460e+03 1.031000000000000000e+03 1.026000000000000000e+03
3.400000000000000000e+01 2.750000000000000000e+00 4.000000000000000000e+00 0.000000000000000000e+00 8.286634636958100796e+08 8.094298731471581459e+08 9.799824362302316427e+08 6.434429182171223164e+08 5.117845540046691895e+02 1.277000000000000000e+03 1.267000000000000000e+03
3.400000000000000000e+01 2.500000000000000000e+00 4.000000000000000000e+00 0.000000000000000000e+00 8.286634636958100796e+08 8.094298731471581459e+08 9.922810643263101578e+08 6.835994919797021151e+08 2.552881429195404053e+02 1.402000000000000000e+03 1.387000000000000000e+03
3.400000000000000000e+01 2.250000000000000000e+00 4.000000000000000000e+00 0.000000000000000000e+00 8.286634636958100796e+08 8.094298731471581459e+08 1.005248244818757772e+09 7.302930889381695986e+08 3.784277820587158203e+02 1.587000000000000000e+03 1.567000000000000000e+03
3.400000000000000000e+01 2.000000000000000000e+00 4.000000000000000000e+00 0.000000000000000000e+00 8.286634636958100796e+08 8.094298731471581459e+08 1.014294878303126097e+09 7.825149975469987392e+08 2.625667948722839355e+02 1.716000000000000000e+03 1.691000000000000000e+03
3.400000000000000000e+01 1.750000000000000000e+00 4.000000000000000000e+00 0.000000000000000000e+00 8.286634636958100796e+08 8.094298731471581459e+08 1.017693933594210148e+09 8.411099617035465240e+08 3.368813431262969971e+02 1.880000000000000000e+03 1.850000000000000000e+03
3.400000000000000000e+01 1.500000000000000000e+00 4.000000000000000000e+00 0.000000000000000000e+00 8.286634636958100796e+08 8.094298731471581459e+08 1.036791096856759310e+09 9.073122777170244455e+08 4.401472170352935791e+02 2.092000000000000000e+03 2.057000000000000000e+03
3.400000000000000000e+01 1.250000000000000000e+00 4.000000000000000000e+00 0.000000000000000000e+00 8.286634636958100796e+08 8.094298731471581459e+08 1.045148122829473734e+09 9.790617341755545139e+08 1.563199038505554199e+02 2.169000000000000000e+03 2.130000000000000000e+03
3.400000000000000000e+01 1.000000000000000000e+00 4.000000000000000000e+00 0.000000000000000000e+00 8.286634636958100796e+08 8.094298731471581459e+08 1.047210015320483565e+09 1.047911283827592373e+09 1.676520011425018311e+02 2.251000000000000000e+03 2.208000000000000000e+03
3.400000000000000000e+01 1.000000000000000000e+00 4.000000000000000000e+00 5.000000000000000000e+00 8.286634636958100796e+08 8.094298731471581459e+08 1.047344672559919119e+09 1.046562695694707155e+09 1.226954519748687744e+02 2.311000000000000000e+03 2.264000000000000000e+03
