# run number, exp fac, ti calc, ti opt, aep init calc (kW), aep init opt (kW), aep run calc (kW), aep run opt (kW), run time (s), obj func calls, sens func calls
1.500000000000000000e+01 3.000000000000000000e+00 4.000000000000000000e+00 0.000000000000000000e+00 8.186882617099429369e+08 8.021601538304677010e+08 9.691755063490619659e+08 6.075922262547025681e+08 4.349473254919052124e+03 1.337000000000000000e+03 1.332000000000000000e+03
1.500000000000000000e+01 2.750000000000000000e+00 4.000000000000000000e+00 0.000000000000000000e+00 8.186882617099429369e+08 8.021601538304677010e+08 9.709859906307810545e+08 6.436779692283195257e+08 1.397524503946304321e+03 1.819000000000000000e+03 1.809000000000000000e+03
1.500000000000000000e+01 2.500000000000000000e+00 4.000000000000000000e+00 0.000000000000000000e+00 8.186882617099429369e+08 8.021601538304677010e+08 9.836463061120272875e+08 6.834403327112538815e+08 5.302364602088928223e+02 2.011000000000000000e+03 1.996000000000000000e+03
1.500000000000000000e+01 2.250000000000000000e+00 4.000000000000000000e+00 0.000000000000000000e+00 8.186882617099429369e+08 8.021601538304677010e+08 1.004331311585941672e+09 7.290939265142885447e+08 8.028583831787109375e+02 2.304000000000000000e+03 2.284000000000000000e+03
1.500000000000000000e+01 2.000000000000000000e+00 4.000000000000000000e+00 0.000000000000000000e+00 8.186882617099429369e+08 8.021601538304677010e+08 1.015364867268218994e+09 7.813318723517010212e+08 5.263516449928283691e+02 2.515000000000000000e+03 2.490000000000000000e+03
1.500000000000000000e+01 1.750000000000000000e+00 4.000000000000000000e+00 0.000000000000000000e+00 8.186882617099429369e+08 8.021601538304677010e+08 1.020952694274452090e+09 8.407534662907565832e+08 1.221322929859161377e+02 2.567000000000000000e+03 2.538000000000000000e+03
1.500000000000000000e+01 1.500000000000000000e+00 4.000000000000000000e+00 0.000000000000000000e+00 8.186882617099429369e+08 8.021601538304677010e+08 1.032685946773162365e+09 9.063665593636046648e+08 5.519624209403991699e+02 2.791000000000000000e+03 2.757000000000000000e+03
1.500000000000000000e+01 1.250000000000000000e+00 4.000000000000000000e+00 0.000000000000000000e+00 8.186882617099429369e+08 8.021601538304677010e+08 1.045286912447043777e+09 9.792976585463638306e+08 1.773969569206237793e+02 2.867000000000000000e+03 2.829000000000000000e+03
1.500000000000000000e+01 1.000000000000000000e+00 4.000000000000000000e+00 0.000000000000000000e+00 8.186882617099429369e+08 8.021601538304677010e+08 1.046624200493095994e+09 1.048377942638418078e+09 1.667656910419464111e+02 2.937000000000000000e+03 2.895000000000000000e+03
1.500000000000000000e+01 1.000000000000000000e+00 4.000000000000000000e+00 5.000000000000000000e+00 8.186882617099429369e+08 8.021601538304677010e+08 1.046704584761049986e+09 1.046866984844354272e+09 1.516922860145568848e+02 2.997000000000000000e+03 2.951000000000000000e+03
