# run number, exp fac, ti calc, ti opt, aep init calc (kW), aep init opt (kW), aep run calc (kW), aep run opt (kW), run time (s), obj func calls, sens func calls
1.870000000000000000e+02 3.000000000000000000e+00 4.000000000000000000e+00 0.000000000000000000e+00 8.635734440512512922e+08 8.502113235598809719e+08 9.698565582606108189e+08 6.083427811567993164e+08 9.448595938682556152e+02 5.520000000000000000e+02 5.470000000000000000e+02
1.870000000000000000e+02 2.750000000000000000e+00 4.000000000000000000e+00 0.000000000000000000e+00 8.635734440512512922e+08 8.502113235598809719e+08 9.730380101726762056e+08 6.447998035531977415e+08 5.361464300155639648e+02 8.700000000000000000e+02 8.600000000000000000e+02
1.870000000000000000e+02 2.500000000000000000e+00 4.000000000000000000e+00 0.000000000000000000e+00 8.635734440512512922e+08 8.502113235598809719e+08 1.000334471833680272e+09 6.857699777070698738e+08 2.524546079635620117e+02 1.024000000000000000e+03 1.009000000000000000e+03
1.870000000000000000e+02 2.250000000000000000e+00 4.000000000000000000e+00 0.000000000000000000e+00 8.635734440512512922e+08 8.502113235598809719e+08 1.008676616584399819e+09 7.329739484876911640e+08 6.333049798011779785e+01 1.065000000000000000e+03 1.046000000000000000e+03
1.870000000000000000e+02 2.000000000000000000e+00 4.000000000000000000e+00 0.000000000000000000e+00 8.635734440512512922e+08 8.502113235598809719e+08 1.015720089102967739e+09 7.860882964199516773e+08 2.791286242008209229e+02 1.238000000000000000e+03 1.214000000000000000e+03
1.870000000000000000e+02 1.750000000000000000e+00 4.000000000000000000e+00 0.000000000000000000e+00 8.635734440512512922e+08 8.502113235598809719e+08 1.024773159442329288e+09 8.462719769405157566e+08 2.657186679840087891e+02 1.402000000000000000e+03 1.373000000000000000e+03
1.870000000000000000e+02 1.500000000000000000e+00 4.000000000000000000e+00 0.000000000000000000e+00 8.635734440512512922e+08 8.502113235598809719e+08 1.036293733044440031e+09 9.121207174640597105e+08 8.751189184188842773e+01 1.458000000000000000e+03 1.425000000000000000e+03
1.870000000000000000e+02 1.250000000000000000e+00 4.000000000000000000e+00 0.000000000000000000e+00 8.635734440512512922e+08 8.502113235598809719e+08 1.045165676213809252e+09 9.822972359210379124e+08 1.014873728752136230e+02 1.522000000000000000e+03 1.485000000000000000e+03
1.870000000000000000e+02 1.000000000000000000e+00 4.000000000000000000e+00 0.000000000000000000e+00 8.635734440512512922e+08 8.502113235598809719e+08 1.046959822427046776e+09 1.048223011441535234e+09 1.310255818367004395e+02 1.604000000000000000e+03 1.563000000000000000e+03
1.870000000000000000e+02 1.000000000000000000e+00 4.000000000000000000e+00 5.000000000000000000e+00 8.635734440512512922e+08 8.502113235598809719e+08 1.047040763072386503e+09 1.046841269332074046e+09 8.240169501304626465e+01 1.656000000000000000e+03 1.611000000000000000e+03
