# run number, exp fac, ti calc, ti opt, aep init calc (kW), aep init opt (kW), aep run calc (kW), aep run opt (kW), run time (s), obj func calls, sens func calls
1.350000000000000000e+02 3.000000000000000000e+00 4.000000000000000000e+00 0.000000000000000000e+00 8.796808636497131586e+08 8.623251899926880598e+08 9.675642531532008648e+08 6.081203541460993290e+08 1.252835949897766113e+03 8.190000000000000000e+02 8.140000000000000000e+02
1.350000000000000000e+02 2.750000000000000000e+00 4.000000000000000000e+00 0.000000000000000000e+00 8.796808636497131586e+08 8.623251899926880598e+08 9.705361745094196796e+08 6.442502214518346786e+08 9.310377812385559082e+01 8.850000000000000000e+02 8.750000000000000000e+02
1.350000000000000000e+02 2.500000000000000000e+00 4.000000000000000000e+00 0.000000000000000000e+00 8.796808636497131586e+08 8.623251899926880598e+08 9.769841575782723427e+08 6.837351883244293928e+08 1.987522759437561035e+02 1.020000000000000000e+03 1.005000000000000000e+03
1.350000000000000000e+02 2.250000000000000000e+00 4.000000000000000000e+00 0.000000000000000000e+00 8.796808636497131586e+08 8.623251899926880598e+08 9.952225892687716484e+08 7.281991539326437712e+08 2.411598041057586670e+02 1.181000000000000000e+03 1.161000000000000000e+03
1.350000000000000000e+02 2.000000000000000000e+00 4.000000000000000000e+00 0.000000000000000000e+00 8.796808636497131586e+08 8.623251899926880598e+08 1.006017348474044681e+09 7.789948037497819662e+08 4.074762289524078369e+02 1.449000000000000000e+03 1.424000000000000000e+03
1.350000000000000000e+02 1.750000000000000000e+00 4.000000000000000000e+00 0.000000000000000000e+00 8.796808636497131586e+08 8.623251899926880598e+08 1.018454312031158328e+09 8.381858680538890362e+08 2.816124019622802734e+02 1.634000000000000000e+03 1.604000000000000000e+03
1.350000000000000000e+02 1.500000000000000000e+00 4.000000000000000000e+00 0.000000000000000000e+00 8.796808636497131586e+08 8.623251899926880598e+08 1.029216751481772542e+09 9.040919112805197239e+08 3.058133769035339355e+02 1.833000000000000000e+03 1.798000000000000000e+03
1.350000000000000000e+02 1.250000000000000000e+00 4.000000000000000000e+00 0.000000000000000000e+00 8.796808636497131586e+08 8.623251899926880598e+08 1.037828327373725295e+09 9.740638820582106113e+08 3.690796699523925781e+02 2.071000000000000000e+03 2.032000000000000000e+03
1.350000000000000000e+02 1.000000000000000000e+00 4.000000000000000000e+00 0.000000000000000000e+00 8.796808636497131586e+08 8.623251899926880598e+08 1.039429198959378123e+09 1.040183618318994403e+09 2.706925990581512451e+02 2.248000000000000000e+03 2.205000000000000000e+03
1.350000000000000000e+02 1.000000000000000000e+00 4.000000000000000000e+00 5.000000000000000000e+00 8.796808636497131586e+08 8.623251899926880598e+08 1.041393230767802000e+09 1.040240079188564897e+09 2.894122800827026367e+02 2.433000000000000000e+03 2.386000000000000000e+03
