# run number, exp fac, ti calc, ti opt, aep init calc (kW), aep init opt (kW), aep run calc (kW), aep run opt (kW), run time (s), obj func calls, sens func calls
1.430000000000000000e+02 3.000000000000000000e+00 4.000000000000000000e+00 0.000000000000000000e+00 8.438249287460299730e+08 8.297104035048441887e+08 9.741161410205202103e+08 6.119858747160235643e+08 1.369058814048767090e+03 8.290000000000000000e+02 8.240000000000000000e+02
1.430000000000000000e+02 2.750000000000000000e+00 4.000000000000000000e+00 0.000000000000000000e+00 8.438249287460299730e+08 8.297104035048441887e+08 9.813895775869938135e+08 6.485469473481307030e+08 5.500266799926757812e+02 1.158000000000000000e+03 1.148000000000000000e+03
1.430000000000000000e+02 2.500000000000000000e+00 4.000000000000000000e+00 0.000000000000000000e+00 8.438249287460299730e+08 8.297104035048441887e+08 9.857625971769765615e+08 6.890268633796179295e+08 5.790506191253662109e+02 1.452000000000000000e+03 1.437000000000000000e+03
1.430000000000000000e+02 2.250000000000000000e+00 4.000000000000000000e+00 0.000000000000000000e+00 8.438249287460299730e+08 8.297104035048441887e+08 9.992326105120779276e+08 7.342713131100180149e+08 5.816437098979949951e+02 1.817000000000000000e+03 1.797000000000000000e+03
1.430000000000000000e+02 2.000000000000000000e+00 4.000000000000000000e+00 0.000000000000000000e+00 8.438249287460299730e+08 8.297104035048441887e+08 1.010424987566854358e+09 7.855060799951816797e+08 6.642361180782318115e+02 2.264000000000000000e+03 2.239000000000000000e+03
1.430000000000000000e+02 1.750000000000000000e+00 4.000000000000000000e+00 0.000000000000000000e+00 8.438249287460299730e+08 8.297104035048441887e+08 1.021136261471310377e+09 8.425494761141946316e+08 3.264464290142059326e+02 2.496000000000000000e+03 2.466000000000000000e+03
1.430000000000000000e+02 1.500000000000000000e+00 4.000000000000000000e+00 0.000000000000000000e+00 8.438249287460299730e+08 8.297104035048441887e+08 1.037386868479440689e+09 9.074679400986711979e+08 7.709831905364990234e+01 2.553000000000000000e+03 2.519000000000000000e+03
1.430000000000000000e+02 1.250000000000000000e+00 4.000000000000000000e+00 0.000000000000000000e+00 8.438249287460299730e+08 8.297104035048441887e+08 1.043209449784786940e+09 9.784453833637276888e+08 2.272362179756164551e+02 2.720000000000000000e+03 2.681000000000000000e+03
1.430000000000000000e+02 1.000000000000000000e+00 4.000000000000000000e+00 0.000000000000000000e+00 8.438249287460299730e+08 8.297104035048441887e+08 1.044642911983482361e+09 1.045635670620374084e+09 1.250197319984436035e+02 2.789000000000000000e+03 2.746000000000000000e+03
1.430000000000000000e+02 1.000000000000000000e+00 4.000000000000000000e+00 5.000000000000000000e+00 8.438249287460299730e+08 8.297104035048441887e+08 1.044810803128513813e+09 1.044262375849806547e+09 1.217245180606842041e+02 2.858000000000000000e+03 2.811000000000000000e+03
