# run number, exp fac, ti calc, ti opt, aep init calc (kW), aep init opt (kW), aep run calc (kW), aep run opt (kW), run time (s), obj func calls, sens func calls
3.300000000000000000e+01 3.000000000000000000e+00 4.000000000000000000e+00 0.000000000000000000e+00 8.284953925953204632e+08 8.111921734972943068e+08 9.645786415719939470e+08 6.109319549094703197e+08 3.910983283996582031e+03 1.721000000000000000e+03 1.716000000000000000e+03
3.300000000000000000e+01 2.750000000000000000e+00 4.000000000000000000e+00 0.000000000000000000e+00 8.284953925953204632e+08 8.111921734972943068e+08 9.714698991443845034e+08 6.471225144583998919e+08 2.724579870700836182e+02 1.853000000000000000e+03 1.843000000000000000e+03
3.300000000000000000e+01 2.500000000000000000e+00 4.000000000000000000e+00 0.000000000000000000e+00 8.284953925953204632e+08 8.111921734972943068e+08 9.801121102837998867e+08 6.869523966938542128e+08 1.157650907039642334e+03 1.937000000000000000e+03 1.922000000000000000e+03
3.300000000000000000e+01 2.250000000000000000e+00 4.000000000000000000e+00 0.000000000000000000e+00 8.284953925953204632e+08 8.111921734972943068e+08 9.966504113138273954e+08 7.317601850278919935e+08 2.252207229137420654e+02 2.083000000000000000e+03 2.063000000000000000e+03
3.300000000000000000e+01 2.000000000000000000e+00 4.000000000000000000e+00 0.000000000000000000e+00 8.284953925953204632e+08 8.111921734972943068e+08 1.006039793542371750e+09 7.832871983033610582e+08 2.921637449264526367e+02 2.273000000000000000e+03 2.248000000000000000e+03
3.300000000000000000e+01 1.750000000000000000e+00 4.000000000000000000e+00 0.000000000000000000e+00 8.284953925953204632e+08 8.111921734972943068e+08 1.011382492282887936e+09 8.412526002917673588e+08 9.773773503303527832e+01 2.339000000000000000e+03 2.310000000000000000e+03
3.300000000000000000e+01 1.500000000000000000e+00 4.000000000000000000e+00 0.000000000000000000e+00 8.284953925953204632e+08 8.111921734972943068e+08 1.031505101220313668e+09 9.047536173576866388e+08 2.913403339385986328e+02 2.530000000000000000e+03 2.496000000000000000e+03
3.300000000000000000e+01 1.250000000000000000e+00 4.000000000000000000e+00 0.000000000000000000e+00 8.284953925953204632e+08 8.111921734972943068e+08 1.039645070331476927e+09 9.746951787721151114e+08 8.804608607292175293e+01 2.585000000000000000e+03 2.547000000000000000e+03
3.300000000000000000e+01 1.000000000000000000e+00 4.000000000000000000e+00 0.000000000000000000e+00 8.284953925953204632e+08 8.111921734972943068e+08 1.042747451853594422e+09 1.043446838406543016e+09 2.951923339366912842e+02 2.759000000000000000e+03 2.717000000000000000e+03
3.300000000000000000e+01 1.000000000000000000e+00 4.000000000000000000e+00 5.000000000000000000e+00 8.284953925953204632e+08 8.111921734972943068e+08 1.042878645211253047e+09 1.042045176510580897e+09 1.441091549396514893e+02 2.841000000000000000e+03 2.795000000000000000e+03
