# run number, exp fac, ti calc, ti opt, aep init calc (kW), aep init opt (kW), aep run calc (kW), aep run opt (kW), run time (s), obj func calls, sens func calls
1.590000000000000000e+02 3.000000000000000000e+00 4.000000000000000000e+00 0.000000000000000000e+00 8.336016523884845972e+08 8.161185509505742788e+08 9.742374374197835922e+08 6.114277785893905163e+08 2.426543128967285156e+03 1.213000000000000000e+03 1.208000000000000000e+03
1.590000000000000000e+02 2.750000000000000000e+00 4.000000000000000000e+00 0.000000000000000000e+00 8.336016523884845972e+08 8.161185509505742788e+08 9.760759289831329584e+08 6.477047924183202982e+08 6.663890058994293213e+02 1.556000000000000000e+03 1.546000000000000000e+03
1.590000000000000000e+02 2.500000000000000000e+00 4.000000000000000000e+00 0.000000000000000000e+00 8.336016523884845972e+08 8.161185509505742788e+08 9.818917835663988590e+08 6.888784295093524456e+08 3.919152269363403320e+02 1.760000000000000000e+03 1.745000000000000000e+03
1.590000000000000000e+02 2.250000000000000000e+00 4.000000000000000000e+00 0.000000000000000000e+00 8.336016523884845972e+08 8.161185509505742788e+08 9.881245916634893417e+08 7.331870187598898411e+08 3.927537000179290771e+02 1.954000000000000000e+03 1.934000000000000000e+03
1.590000000000000000e+02 2.000000000000000000e+00 4.000000000000000000e+00 0.000000000000000000e+00 8.336016523884845972e+08 8.161185509505742788e+08 9.987632034126557112e+08 7.833672376322929859e+08 2.213605031967163086e+02 2.069000000000000000e+03 2.044000000000000000e+03
1.590000000000000000e+02 1.750000000000000000e+00 4.000000000000000000e+00 0.000000000000000000e+00 8.336016523884845972e+08 8.161185509505742788e+08 1.009445859337265968e+09 8.393121298124217987e+08 4.924614970684051514e+02 2.307000000000000000e+03 2.277000000000000000e+03
1.590000000000000000e+02 1.500000000000000000e+00 4.000000000000000000e+00 0.000000000000000000e+00 8.336016523884845972e+08 8.161185509505742788e+08 1.018021137654375434e+09 8.998867040709292889e+08 6.386426839828491211e+02 2.644000000000000000e+03 2.610000000000000000e+03
1.590000000000000000e+02 1.250000000000000000e+00 4.000000000000000000e+00 0.000000000000000000e+00 8.336016523884845972e+08 8.161185509505742788e+08 1.029576227538456678e+09 9.664595338286015987e+08 1.327319669723510742e+02 2.717000000000000000e+03 2.679000000000000000e+03
1.590000000000000000e+02 1.000000000000000000e+00 4.000000000000000000e+00 0.000000000000000000e+00 8.336016523884845972e+08 8.161185509505742788e+08 1.031310527359433651e+09 1.030544597667437911e+09 2.112580590248107910e+02 2.831000000000000000e+03 2.789000000000000000e+03
1.590000000000000000e+02 1.000000000000000000e+00 4.000000000000000000e+00 5.000000000000000000e+00 8.336016523884845972e+08 8.161185509505742788e+08 1.031492659809715629e+09 1.029612006630559683e+09 9.886006283760070801e+01 2.886000000000000000e+03 2.840000000000000000e+03
