# run number, exp fac, ti calc, ti opt, aep init calc (kW), aep init opt (kW), aep run calc (kW), aep run opt (kW), run time (s), obj func calls, sens func calls
1.930000000000000000e+02 3.000000000000000000e+00 4.000000000000000000e+00 0.000000000000000000e+00 8.499678287828619480e+08 8.317574904949383736e+08 9.652131633962109089e+08 6.108646347469489574e+08 3.213737957954406738e+03 1.384000000000000000e+03 1.379000000000000000e+03
1.930000000000000000e+02 2.750000000000000000e+00 4.000000000000000000e+00 0.000000000000000000e+00 8.499678287828619480e+08 8.317574904949383736e+08 9.681216901075260639e+08 6.465790416727110147e+08 4.543474030494689941e+02 1.599000000000000000e+03 1.589000000000000000e+03
1.930000000000000000e+02 2.500000000000000000e+00 4.000000000000000000e+00 0.000000000000000000e+00 8.499678287828619480e+08 8.317574904949383736e+08 9.920405329335514307e+08 6.868226115931981802e+08 2.803261186838150024e+03 2.903000000000000000e+03 2.888000000000000000e+03
1.930000000000000000e+02 2.250000000000000000e+00 4.000000000000000000e+00 0.000000000000000000e+00 8.499678287828619480e+08 8.317574904949383736e+08 1.006456097696218967e+09 7.319267046172733307e+08 6.267361888885498047e+02 3.198000000000000000e+03 3.178000000000000000e+03
1.930000000000000000e+02 2.000000000000000000e+00 4.000000000000000000e+00 0.000000000000000000e+00 8.499678287828619480e+08 8.317574904949383736e+08 1.010627316914103746e+09 7.832225001648108959e+08 2.051518881320953369e+02 3.298000000000000000e+03 3.273000000000000000e+03
1.930000000000000000e+02 1.750000000000000000e+00 4.000000000000000000e+00 0.000000000000000000e+00 8.499678287828619480e+08 8.317574904949383736e+08 1.012281321430071831e+09 8.402621325467640162e+08 1.943452980518341064e+02 3.393000000000000000e+03 3.363000000000000000e+03
1.930000000000000000e+02 1.500000000000000000e+00 4.000000000000000000e+00 0.000000000000000000e+00 8.499678287828619480e+08 8.317574904949383736e+08 1.023182930076866031e+09 9.023954093080221415e+08 1.495178880691528320e+02 3.466000000000000000e+03 3.432000000000000000e+03
1.930000000000000000e+02 1.250000000000000000e+00 4.000000000000000000e+00 0.000000000000000000e+00 8.499678287828619480e+08 8.317574904949383736e+08 1.035818953988803864e+09 9.703237357931784391e+08 1.717546520233154297e+02 3.548000000000000000e+03 3.510000000000000000e+03
1.930000000000000000e+02 1.000000000000000000e+00 4.000000000000000000e+00 0.000000000000000000e+00 8.499678287828619480e+08 8.317574904949383736e+08 1.037788988756263137e+09 1.037965947509018064e+09 1.547746050357818604e+02 3.623000000000000000e+03 3.581000000000000000e+03
1.930000000000000000e+02 1.000000000000000000e+00 4.000000000000000000e+00 5.000000000000000000e+00 8.499678287828619480e+08 8.317574904949383736e+08 1.037916112142803073e+09 1.036867955967982531e+09 3.394888241291046143e+02 3.783000000000000000e+03 3.736000000000000000e+03
