# run number, exp fac, ti calc, ti opt, aep init calc (kW), aep init opt (kW), aep run calc (kW), aep run opt (kW), run time (s), obj func calls, sens func calls
1.540000000000000000e+02 3.000000000000000000e+00 4.000000000000000000e+00 0.000000000000000000e+00 8.098472855887689590e+08 7.879557958729931116e+08 9.619747268689676523e+08 6.010021653523862362e+08 2.160155571937561035e+03 9.690000000000000000e+02 9.640000000000000000e+02
1.540000000000000000e+02 2.750000000000000000e+00 4.000000000000000000e+00 0.000000000000000000e+00 8.098472855887689590e+08 7.879557958729931116e+08 9.681486321621037722e+08 6.372529452149636745e+08 1.061373121976852417e+03 1.457000000000000000e+03 1.447000000000000000e+03
1.540000000000000000e+02 2.500000000000000000e+00 4.000000000000000000e+00 0.000000000000000000e+00 8.098472855887689590e+08 7.879557958729931116e+08 9.808267755371831656e+08 6.777568270379995108e+08 4.047476308345794678e+02 1.647000000000000000e+03 1.632000000000000000e+03
1.540000000000000000e+02 2.250000000000000000e+00 4.000000000000000000e+00 0.000000000000000000e+00 8.098472855887689590e+08 7.879557958729931116e+08 9.965418781121485233e+08 7.244079538007085323e+08 2.624602630138397217e+02 1.772000000000000000e+03 1.752000000000000000e+03
1.540000000000000000e+02 2.000000000000000000e+00 4.000000000000000000e+00 0.000000000000000000e+00 8.098472855887689590e+08 7.879557958729931116e+08 1.004146083540184021e+09 7.766899464999141693e+08 2.092657418251037598e+02 1.873000000000000000e+03 1.848000000000000000e+03
1.540000000000000000e+02 1.750000000000000000e+00 4.000000000000000000e+00 0.000000000000000000e+00 8.098472855887689590e+08 7.879557958729931116e+08 1.025187393245669127e+09 8.365887041024214029e+08 5.307207129001617432e+02 2.120000000000000000e+03 2.090000000000000000e+03
1.540000000000000000e+02 1.500000000000000000e+00 4.000000000000000000e+00 0.000000000000000000e+00 8.098472855887689590e+08 7.879557958729931116e+08 1.034031807329258561e+09 9.046474547435582876e+08 2.769300329685211182e+02 2.251000000000000000e+03 2.216000000000000000e+03
1.540000000000000000e+02 1.250000000000000000e+00 4.000000000000000000e+00 0.000000000000000000e+00 8.098472855887689590e+08 7.879557958729931116e+08 1.042084849209627748e+09 9.769806774145228863e+08 1.465314230918884277e+02 2.321000000000000000e+03 2.282000000000000000e+03
1.540000000000000000e+02 1.000000000000000000e+00 4.000000000000000000e+00 0.000000000000000000e+00 8.098472855887689590e+08 7.879557958729931116e+08 1.045482282418688893e+09 1.046837896102586985e+09 2.490232770442962646e+02 2.437000000000000000e+03 2.394000000000000000e+03
1.540000000000000000e+02 1.000000000000000000e+00 4.000000000000000000e+00 5.000000000000000000e+00 8.098472855887689590e+08 7.879557958729931116e+08 1.045573739812163353e+09 1.045235857934614539e+09 1.245537011623382568e+02 2.497000000000000000e+03 2.450000000000000000e+03
