# run number, exp fac, ti calc, ti opt, aep init calc (kW), aep init opt (kW), aep run calc (kW), aep run opt (kW), run time (s), obj func calls, sens func calls
6.700000000000000000e+01 3.000000000000000000e+00 4.000000000000000000e+00 0.000000000000000000e+00 8.549296996640331745e+08 8.375042961447033882e+08 9.658310606850837469e+08 6.102685677209035158e+08 1.766197422981262207e+03 7.160000000000000000e+02 7.110000000000000000e+02
6.700000000000000000e+01 2.750000000000000000e+00 4.000000000000000000e+00 0.000000000000000000e+00 8.549296996640331745e+08 8.375042961447033882e+08 9.844181335879081488e+08 6.474740577531677485e+08 9.173608021736145020e+02 1.101000000000000000e+03 1.091000000000000000e+03
6.700000000000000000e+01 2.500000000000000000e+00 4.000000000000000000e+00 0.000000000000000000e+00 8.549296996640331745e+08 8.375042961447033882e+08 9.890655981840339899e+08 6.878683649963262081e+08 5.055210800170898438e+02 1.316000000000000000e+03 1.301000000000000000e+03
6.700000000000000000e+01 2.250000000000000000e+00 4.000000000000000000e+00 0.000000000000000000e+00 8.549296996640331745e+08 8.375042961447033882e+08 1.005052233017629504e+09 7.335523061691659689e+08 4.863334169387817383e+02 1.522000000000000000e+03 1.502000000000000000e+03
6.700000000000000000e+01 2.000000000000000000e+00 4.000000000000000000e+00 0.000000000000000000e+00 8.549296996640331745e+08 8.375042961447033882e+08 1.009902941965172529e+09 7.850491225893218517e+08 2.544509589672088623e+02 1.646000000000000000e+03 1.621000000000000000e+03
6.700000000000000000e+01 1.750000000000000000e+00 4.000000000000000000e+00 0.000000000000000000e+00 8.549296996640331745e+08 8.375042961447033882e+08 1.016212484024498224e+09 8.421732894305354357e+08 2.795525760650634766e+02 1.827000000000000000e+03 1.797000000000000000e+03
6.700000000000000000e+01 1.500000000000000000e+00 4.000000000000000000e+00 0.000000000000000000e+00 8.549296996640331745e+08 8.375042961447033882e+08 1.028939696390229344e+09 9.050220937384101152e+08 1.031173310279846191e+02 1.896000000000000000e+03 1.862000000000000000e+03
6.700000000000000000e+01 1.250000000000000000e+00 4.000000000000000000e+00 0.000000000000000000e+00 8.549296996640331745e+08 8.375042961447033882e+08 1.036599767904392004e+09 9.737928840061300993e+08 1.821892828941345215e+02 2.014000000000000000e+03 1.976000000000000000e+03
6.700000000000000000e+01 1.000000000000000000e+00 4.000000000000000000e+00 0.000000000000000000e+00 8.549296996640331745e+08 8.375042961447033882e+08 1.038040402555745482e+09 1.038436645705278635e+09 1.216001350879669189e+02 2.096000000000000000e+03 2.054000000000000000e+03
6.700000000000000000e+01 1.000000000000000000e+00 4.000000000000000000e+00 5.000000000000000000e+00 8.549296996640331745e+08 8.375042961447033882e+08 1.038760165568186760e+09 1.037985448728517413e+09 1.027349178791046143e+02 2.165000000000000000e+03 2.119000000000000000e+03
