# run number, exp fac, ti calc, ti opt, aep init calc (kW), aep init opt (kW), aep run calc (kW), aep run opt (kW), run time (s), obj func calls, sens func calls
1.700000000000000000e+01 3.000000000000000000e+00 4.000000000000000000e+00 0.000000000000000000e+00 8.320884566734415293e+08 8.155506723434416056e+08 9.627432888697333336e+08 6.084928088635994196e+08 1.872491423130035400e+03 1.064000000000000000e+03 1.059000000000000000e+03
1.700000000000000000e+01 2.750000000000000000e+00 4.000000000000000000e+00 0.000000000000000000e+00 8.320884566734415293e+08 8.155506723434416056e+08 9.658974558612235785e+08 6.442476999059444666e+08 4.361254150867462158e+02 1.327000000000000000e+03 1.317000000000000000e+03
1.700000000000000000e+01 2.500000000000000000e+00 4.000000000000000000e+00 0.000000000000000000e+00 8.320884566734415293e+08 8.155506723434416056e+08 9.726881988681442738e+08 6.838649401400877237e+08 3.175426161289215088e+02 1.520000000000000000e+03 1.505000000000000000e+03
1.700000000000000000e+01 2.250000000000000000e+00 4.000000000000000000e+00 0.000000000000000000e+00 8.320884566734415293e+08 8.155506723434416056e+08 9.986747317907240391e+08 7.289636962343397141e+08 4.698066039085388184e+02 1.805000000000000000e+03 1.785000000000000000e+03
1.700000000000000000e+01 2.000000000000000000e+00 4.000000000000000000e+00 0.000000000000000000e+00 8.320884566734415293e+08 8.155506723434416056e+08 1.012579288589972138e+09 7.816890810713918209e+08 3.344512259960174561e+02 2.012000000000000000e+03 1.987000000000000000e+03
1.700000000000000000e+01 1.750000000000000000e+00 4.000000000000000000e+00 0.000000000000000000e+00 8.320884566734415293e+08 8.155506723434416056e+08 1.019324739347471833e+09 8.420192388612352610e+08 2.553816211223602295e+02 2.172000000000000000e+03 2.142000000000000000e+03
1.700000000000000000e+01 1.500000000000000000e+00 4.000000000000000000e+00 0.000000000000000000e+00 8.320884566734415293e+08 8.155506723434416056e+08 1.027435435873136044e+09 9.079327439545798302e+08 1.161850678920745850e+02 2.246000000000000000e+03 2.212000000000000000e+03
1.700000000000000000e+01 1.250000000000000000e+00 4.000000000000000000e+00 0.000000000000000000e+00 8.320884566734415293e+08 8.155506723434416056e+08 1.045248166391762257e+09 9.786750363192276955e+08 1.674100880622863770e+02 2.352000000000000000e+03 2.314000000000000000e+03
1.700000000000000000e+01 1.000000000000000000e+00 4.000000000000000000e+00 0.000000000000000000e+00 8.320884566734415293e+08 8.155506723434416056e+08 1.047373755623968124e+09 1.048242763776889324e+09 1.401747841835021973e+02 2.441000000000000000e+03 2.399000000000000000e+03
1.700000000000000000e+01 1.000000000000000000e+00 4.000000000000000000e+00 5.000000000000000000e+00 8.320884566734415293e+08 8.155506723434416056e+08 1.047448538847706079e+09 1.046915724984033346e+09 1.034005808830261230e+02 2.507000000000000000e+03 2.461000000000000000e+03
