# run number, exp fac, ti calc, ti opt, aep init calc (kW), aep init opt (kW), aep run calc (kW), aep run opt (kW), run time (s), obj func calls, sens func calls
1.140000000000000000e+02 3.000000000000000000e+00 4.000000000000000000e+00 0.000000000000000000e+00 8.826557173508596420e+08 8.657905025289031267e+08 9.705619171034653187e+08 6.132000512804564238e+08 1.668086724996566772e+03 1.023000000000000000e+03 1.018000000000000000e+03
1.140000000000000000e+02 2.750000000000000000e+00 4.000000000000000000e+00 0.000000000000000000e+00 8.826557173508596420e+08 8.657905025289031267e+08 9.784824580020083189e+08 6.505753183876936436e+08 7.624344069957733154e+02 1.502000000000000000e+03 1.492000000000000000e+03
1.140000000000000000e+02 2.500000000000000000e+00 4.000000000000000000e+00 0.000000000000000000e+00 8.826557173508596420e+08 8.657905025289031267e+08 9.847806392248624563e+08 6.911536549072202444e+08 3.663381597995758057e+02 1.734000000000000000e+03 1.719000000000000000e+03
1.140000000000000000e+02 2.250000000000000000e+00 4.000000000000000000e+00 0.000000000000000000e+00 8.826557173508596420e+08 8.657905025289031267e+08 9.912430264266183376e+08 7.356709467064782381e+08 2.233501310348510742e+02 1.878000000000000000e+03 1.858000000000000000e+03
1.140000000000000000e+02 2.000000000000000000e+00 4.000000000000000000e+00 0.000000000000000000e+00 8.826557173508596420e+08 8.657905025289031267e+08 1.006731783032865882e+09 7.859374824058517218e+08 4.165561399459838867e+02 2.140000000000000000e+03 2.115000000000000000e+03
1.140000000000000000e+02 1.750000000000000000e+00 4.000000000000000000e+00 0.000000000000000000e+00 8.826557173508596420e+08 8.657905025289031267e+08 1.011939461270217538e+09 8.424273177266192436e+08 2.289265508651733398e+02 2.286000000000000000e+03 2.256000000000000000e+03
1.140000000000000000e+02 1.500000000000000000e+00 4.000000000000000000e+00 0.000000000000000000e+00 8.826557173508596420e+08 8.657905025289031267e+08 1.030797439158186793e+09 9.057798411724542379e+08 6.491583700180053711e+02 2.698000000000000000e+03 2.663000000000000000e+03
1.140000000000000000e+02 1.250000000000000000e+00 4.000000000000000000e+00 0.000000000000000000e+00 8.826557173508596420e+08 8.657905025289031267e+08 1.040816934311244965e+09 9.763149129206740856e+08 1.022181658744812012e+02 2.772000000000000000e+03 2.733000000000000000e+03
1.140000000000000000e+02 1.000000000000000000e+00 4.000000000000000000e+00 0.000000000000000000e+00 8.826557173508596420e+08 8.657905025289031267e+08 1.042727535368060589e+09 1.043079786405599952e+09 7.828113603591918945e+01 2.839000000000000000e+03 2.796000000000000000e+03
1.140000000000000000e+02 1.000000000000000000e+00 4.000000000000000000e+00 5.000000000000000000e+00 8.826557173508596420e+08 8.657905025289031267e+08 1.042903533062497139e+09 1.041820739167925239e+09 4.890607285499572754e+01 2.882000000000000000e+03 2.835000000000000000e+03
