# run number, exp fac, ti calc, ti opt, aep init calc (kW), aep init opt (kW), aep run calc (kW), aep run opt (kW), run time (s), obj func calls, sens func calls
1.090000000000000000e+02 3.000000000000000000e+00 4.000000000000000000e+00 0.000000000000000000e+00 8.052256396451904774e+08 7.837574269060858488e+08 9.625474948531234264e+08 6.071226590542218685e+08 9.618922379016876221e+02 5.780000000000000000e+02 5.730000000000000000e+02
1.090000000000000000e+02 2.750000000000000000e+00 4.000000000000000000e+00 0.000000000000000000e+00 8.052256396451904774e+08 7.837574269060858488e+08 9.712878808592959642e+08 6.434595691396454573e+08 5.493567960262298584e+02 9.170000000000000000e+02 9.070000000000000000e+02
1.090000000000000000e+02 2.500000000000000000e+00 4.000000000000000000e+00 0.000000000000000000e+00 8.052256396451904774e+08 7.837574269060858488e+08 9.849589980860022306e+08 6.841347600308151245e+08 4.429122231006622314e+02 1.192000000000000000e+03 1.177000000000000000e+03
1.090000000000000000e+02 2.250000000000000000e+00 4.000000000000000000e+00 0.000000000000000000e+00 8.052256396451904774e+08 7.837574269060858488e+08 9.961092814330946207e+08 7.297826529760704041e+08 3.160576770305633545e+02 1.392000000000000000e+03 1.372000000000000000e+03
1.090000000000000000e+02 2.000000000000000000e+00 4.000000000000000000e+00 0.000000000000000000e+00 8.052256396451904774e+08 7.837574269060858488e+08 1.007745160449864388e+09 7.812588249151242971e+08 5.180852580070495605e+02 1.718000000000000000e+03 1.693000000000000000e+03
1.090000000000000000e+02 1.750000000000000000e+00 4.000000000000000000e+00 0.000000000000000000e+00 8.052256396451904774e+08 7.837574269060858488e+08 1.019925138734536290e+09 8.409511771750301123e+08 2.395911719799041748e+02 1.872000000000000000e+03 1.842000000000000000e+03
1.090000000000000000e+02 1.500000000000000000e+00 4.000000000000000000e+00 0.000000000000000000e+00 8.052256396451904774e+08 7.837574269060858488e+08 1.023745218908783197e+09 9.059030677143285275e+08 2.522196481227874756e+02 2.034000000000000000e+03 1.999000000000000000e+03
1.090000000000000000e+02 1.250000000000000000e+00 4.000000000000000000e+00 0.000000000000000000e+00 8.052256396451904774e+08 7.837574269060858488e+08 1.038869313341643453e+09 9.763221097176141739e+08 1.654707090854644775e+02 2.141000000000000000e+03 2.102000000000000000e+03
1.090000000000000000e+02 1.000000000000000000e+00 4.000000000000000000e+00 0.000000000000000000e+00 8.052256396451904774e+08 7.837574269060858488e+08 1.040537901744445801e+09 1.042811318926499844e+09 2.480838651657104492e+02 2.301000000000000000e+03 2.257000000000000000e+03
1.090000000000000000e+02 1.000000000000000000e+00 4.000000000000000000e+00 5.000000000000000000e+00 8.052256396451904774e+08 7.837574269060858488e+08 1.041999583479934454e+09 1.042313321628718376e+09 2.189121649265289307e+02 2.440000000000000000e+03 2.392000000000000000e+03
