# run number, exp fac, ti calc, ti opt, aep init calc (kW), aep init opt (kW), aep run calc (kW), aep run opt (kW), run time (s), obj func calls, sens func calls
1.210000000000000000e+02 3.000000000000000000e+00 4.000000000000000000e+00 0.000000000000000000e+00 8.785742832765251398e+08 8.639999806956264973e+08 9.700452945055038929e+08 6.078460578717111349e+08 1.696517256021499634e+03 1.056000000000000000e+03 1.051000000000000000e+03
1.210000000000000000e+02 2.750000000000000000e+00 4.000000000000000000e+00 0.000000000000000000e+00 8.785742832765251398e+08 8.639999806956264973e+08 9.732318492111661434e+08 6.442455930360920429e+08 1.617515270709991455e+02 1.161000000000000000e+03 1.151000000000000000e+03
1.210000000000000000e+02 2.500000000000000000e+00 4.000000000000000000e+00 0.000000000000000000e+00 8.785742832765251398e+08 8.639999806956264973e+08 9.802375646228297949e+08 6.840062113309829235e+08 3.117780480384826660e+02 1.358000000000000000e+03 1.343000000000000000e+03
1.210000000000000000e+02 2.250000000000000000e+00 4.000000000000000000e+00 0.000000000000000000e+00 8.785742832765251398e+08 8.639999806956264973e+08 9.979683842368628979e+08 7.284803885537531376e+08 4.874014809131622314e+02 1.659000000000000000e+03 1.639000000000000000e+03
1.210000000000000000e+02 2.000000000000000000e+00 4.000000000000000000e+00 0.000000000000000000e+00 8.785742832765251398e+08 8.639999806956264973e+08 1.005656537575880647e+09 7.792543313236734867e+08 2.764557628631591797e+02 1.832000000000000000e+03 1.807000000000000000e+03
1.210000000000000000e+02 1.750000000000000000e+00 4.000000000000000000e+00 0.000000000000000000e+00 8.785742832765251398e+08 8.639999806956264973e+08 1.015105387514997721e+09 8.361639322060787678e+08 1.696538120985031128e+03 2.966000000000000000e+03 2.936000000000000000e+03
1.210000000000000000e+02 1.500000000000000000e+00 4.000000000000000000e+00 0.000000000000000000e+00 8.785742832765251398e+08 8.639999806956264973e+08 1.024980609233380914e+09 9.005449119265613556e+08 1.788482620716094971e+02 3.121000000000000000e+03 3.086000000000000000e+03
1.210000000000000000e+02 1.250000000000000000e+00 4.000000000000000000e+00 0.000000000000000000e+00 8.785742832765251398e+08 8.639999806956264973e+08 1.033871014906386018e+09 9.696085668292396069e+08 2.223950300216674805e+02 3.314000000000000000e+03 3.274000000000000000e+03
1.210000000000000000e+02 1.000000000000000000e+00 4.000000000000000000e+00 0.000000000000000000e+00 8.785742832765251398e+08 8.639999806956264973e+08 1.040901609703422785e+09 1.042306015968267083e+09 1.184365811347961426e+02 3.417000000000000000e+03 3.373000000000000000e+03
1.210000000000000000e+02 1.000000000000000000e+00 4.000000000000000000e+00 5.000000000000000000e+00 8.785742832765251398e+08 8.639999806956264973e+08 1.041015737633421421e+09 1.040541573652277708e+09 6.635861206054687500e+01 3.474000000000000000e+03 3.426000000000000000e+03
