# run number, exp fac, ti calc, ti opt, aep init calc (kW), aep init opt (kW), aep run calc (kW), aep run opt (kW), run time (s), obj func calls, sens func calls
9.700000000000000000e+01 3.000000000000000000e+00 4.000000000000000000e+00 0.000000000000000000e+00 8.485294131684621572e+08 8.291456711695623398e+08 9.560197735635625124e+08 6.029491386405088902e+08 1.651443737983703613e+03 8.640000000000000000e+02 8.590000000000000000e+02
9.700000000000000000e+01 2.750000000000000000e+00 4.000000000000000000e+00 0.000000000000000000e+00 8.485294131684621572e+08 8.291456711695623398e+08 9.749213181245185137e+08 6.395443870147651434e+08 5.811472239494323730e+02 1.184000000000000000e+03 1.174000000000000000e+03
9.700000000000000000e+01 2.500000000000000000e+00 4.000000000000000000e+00 0.000000000000000000e+00 8.485294131684621572e+08 8.291456711695623398e+08 9.818135973193933964e+08 6.809423760352432728e+08 7.110471642017364502e+02 1.577000000000000000e+03 1.562000000000000000e+03
9.700000000000000000e+01 2.250000000000000000e+00 4.000000000000000000e+00 0.000000000000000000e+00 8.485294131684621572e+08 8.291456711695623398e+08 9.872805780195629597e+08 7.270726156987270117e+08 2.117462060451507568e+02 1.698000000000000000e+03 1.678000000000000000e+03
9.700000000000000000e+01 2.000000000000000000e+00 4.000000000000000000e+00 0.000000000000000000e+00 8.485294131684621572e+08 8.291456711695623398e+08 1.002632664640985727e+09 7.791183366432204247e+08 3.714457960128784180e+02 1.903000000000000000e+03 1.878000000000000000e+03
9.700000000000000000e+01 1.750000000000000000e+00 4.000000000000000000e+00 0.000000000000000000e+00 8.485294131684621572e+08 8.291456711695623398e+08 1.015096054908578396e+09 8.380005399840523005e+08 3.118984830379486084e+02 2.077000000000000000e+03 2.047000000000000000e+03
9.700000000000000000e+01 1.500000000000000000e+00 4.000000000000000000e+00 0.000000000000000000e+00 8.485294131684621572e+08 8.291456711695623398e+08 1.027770278535042048e+09 9.035104790145205259e+08 2.406542148590087891e+02 2.216000000000000000e+03 2.181000000000000000e+03
9.700000000000000000e+01 1.250000000000000000e+00 4.000000000000000000e+00 0.000000000000000000e+00 8.485294131684621572e+08 8.291456711695623398e+08 1.044533311109200239e+09 9.769044497255766392e+08 1.414901990890502930e+02 2.298000000000000000e+03 2.259000000000000000e+03
9.700000000000000000e+01 1.000000000000000000e+00 4.000000000000000000e+00 0.000000000000000000e+00 8.485294131684621572e+08 8.291456711695623398e+08 1.046249333665174842e+09 1.046841098970216036e+09 1.267808070182800293e+02 2.372000000000000000e+03 2.329000000000000000e+03
9.700000000000000000e+01 1.000000000000000000e+00 4.000000000000000000e+00 5.000000000000000000e+00 8.485294131684621572e+08 8.291456711695623398e+08 1.046383395992532015e+09 1.045458777376248837e+09 8.092271900177001953e+01 2.420000000000000000e+03 2.373000000000000000e+03
