# run number, exp fac, ti calc, ti opt, aep init calc (kW), aep init opt (kW), aep run calc (kW), aep run opt (kW), run time (s), obj func calls, sens func calls
7.100000000000000000e+01 3.000000000000000000e+00 4.000000000000000000e+00 0.000000000000000000e+00 8.072958911371517181e+08 7.864399489502614737e+08 9.695448849490854740e+08 6.071890200493991375e+08 1.593013302087783813e+03 1.052000000000000000e+03 1.047000000000000000e+03
7.100000000000000000e+01 2.750000000000000000e+00 4.000000000000000000e+00 0.000000000000000000e+00 8.072958911371517181e+08 7.864399489502614737e+08 9.742870088951977491e+08 6.449913356719752550e+08 6.465109920501708984e+02 1.485000000000000000e+03 1.475000000000000000e+03
7.100000000000000000e+01 2.500000000000000000e+00 4.000000000000000000e+00 0.000000000000000000e+00 8.072958911371517181e+08 7.864399489502614737e+08 9.852408885720876455e+08 6.855268128877459764e+08 2.723361330032348633e+02 1.671000000000000000e+03 1.656000000000000000e+03
7.100000000000000000e+01 2.250000000000000000e+00 4.000000000000000000e+00 0.000000000000000000e+00 8.072958911371517181e+08 7.864399489502614737e+08 9.944517190789506435e+08 7.308443100286486149e+08 1.727333540916442871e+02 1.791000000000000000e+03 1.771000000000000000e+03
7.100000000000000000e+01 2.000000000000000000e+00 4.000000000000000000e+00 0.000000000000000000e+00 8.072958911371517181e+08 7.864399489502614737e+08 1.007100471791040540e+09 7.820187561760323048e+08 2.153716990947723389e+02 1.940000000000000000e+03 1.915000000000000000e+03
7.100000000000000000e+01 1.750000000000000000e+00 4.000000000000000000e+00 0.000000000000000000e+00 8.072958911371517181e+08 7.864399489502614737e+08 1.017932710565255404e+09 8.403556911561089754e+08 1.862469351291656494e+02 2.070000000000000000e+03 2.040000000000000000e+03
7.100000000000000000e+01 1.500000000000000000e+00 4.000000000000000000e+00 0.000000000000000000e+00 8.072958911371517181e+08 7.864399489502614737e+08 1.024971802881874442e+09 9.046772361136392355e+08 2.135415380001068115e+02 2.219000000000000000e+03 2.184000000000000000e+03
7.100000000000000000e+01 1.250000000000000000e+00 4.000000000000000000e+00 0.000000000000000000e+00 8.072958911371517181e+08 7.864399489502614737e+08 1.035903092651898026e+09 9.731432265840430260e+08 1.405623178482055664e+02 2.318000000000000000e+03 2.279000000000000000e+03
7.100000000000000000e+01 1.000000000000000000e+00 4.000000000000000000e+00 0.000000000000000000e+00 8.072958911371517181e+08 7.864399489502614737e+08 1.039524658939329505e+09 1.040422402216233015e+09 1.213639650344848633e+02 2.404000000000000000e+03 2.361000000000000000e+03
7.100000000000000000e+01 1.000000000000000000e+00 4.000000000000000000e+00 5.000000000000000000e+00 8.072958911371517181e+08 7.864399489502614737e+08 1.039607511653864503e+09 1.039062447092134833e+09 7.340980386734008789e+01 2.456000000000000000e+03 2.409000000000000000e+03
