# run number, exp fac, ti calc, ti opt, aep init calc (kW), aep init opt (kW), aep run calc (kW), aep run opt (kW), run time (s), obj func calls, sens func calls
1.880000000000000000e+02 3.000000000000000000e+00 4.000000000000000000e+00 0.000000000000000000e+00 8.764365495804255009e+08 8.603197774447184801e+08 9.595335875636065006e+08 6.108927418415490389e+08 1.124395353794097900e+03 6.680000000000000000e+02 6.630000000000000000e+02
1.880000000000000000e+02 2.750000000000000000e+00 4.000000000000000000e+00 0.000000000000000000e+00 8.764365495804255009e+08 8.603197774447184801e+08 9.750939905468533039e+08 6.464562388469587564e+08 4.729078688621520996e+02 9.180000000000000000e+02 9.080000000000000000e+02
1.880000000000000000e+02 2.500000000000000000e+00 4.000000000000000000e+00 0.000000000000000000e+00 8.764365495804255009e+08 8.603197774447184801e+08 9.866891559958719015e+08 6.861762869497771263e+08 4.583870959281921387e+02 1.137000000000000000e+03 1.122000000000000000e+03
1.880000000000000000e+02 2.250000000000000000e+00 4.000000000000000000e+00 0.000000000000000000e+00 8.764365495804255009e+08 8.603197774447184801e+08 1.005186868340818167e+09 7.315767856746771336e+08 2.737881948947906494e+02 1.291000000000000000e+03 1.271000000000000000e+03
1.880000000000000000e+02 2.000000000000000000e+00 4.000000000000000000e+00 0.000000000000000000e+00 8.764365495804255009e+08 8.603197774447184801e+08 1.011990400862282753e+09 7.831047941961774826e+08 2.167471073865890503e+03 2.522000000000000000e+03 2.497000000000000000e+03
1.880000000000000000e+02 1.750000000000000000e+00 4.000000000000000000e+00 0.000000000000000000e+00 8.764365495804255009e+08 8.603197774447184801e+08 1.017009639092076182e+09 8.411283019610322714e+08 2.217955119609832764e+02 2.631000000000000000e+03 2.601000000000000000e+03
1.880000000000000000e+02 1.500000000000000000e+00 4.000000000000000000e+00 0.000000000000000000e+00 8.764365495804255009e+08 8.603197774447184801e+08 1.021926641483597875e+09 9.042961866848157644e+08 2.295412569046020508e+02 2.742000000000000000e+03 2.707000000000000000e+03
1.880000000000000000e+02 1.250000000000000000e+00 4.000000000000000000e+00 0.000000000000000000e+00 8.764365495804255009e+08 8.603197774447184801e+08 1.036577602254055858e+09 9.726267463614114523e+08 3.095991160869598389e+02 2.895000000000000000e+03 2.855000000000000000e+03
1.880000000000000000e+02 1.000000000000000000e+00 4.000000000000000000e+00 0.000000000000000000e+00 8.764365495804255009e+08 8.603197774447184801e+08 1.040414983838534474e+09 1.041887124325515032e+09 1.218987271785736084e+02 2.967000000000000000e+03 2.923000000000000000e+03
1.880000000000000000e+02 1.000000000000000000e+00 4.000000000000000000e+00 5.000000000000000000e+00 8.764365495804255009e+08 8.603197774447184801e+08 1.040548422971069813e+09 1.040294512807847142e+09 8.082733893394470215e+01 3.021000000000000000e+03 2.973000000000000000e+03
