# run number, exp fac, ti calc, ti opt, aep init calc (kW), aep init opt (kW), aep run calc (kW), aep run opt (kW), run time (s), obj func calls, sens func calls
3.900000000000000000e+01 3.000000000000000000e+00 4.000000000000000000e+00 0.000000000000000000e+00 8.466245123714698553e+08 8.217624113423841000e+08 9.625868698819524050e+08 6.071119034682071209e+08 1.699277416944503784e+03 7.170000000000000000e+02 7.120000000000000000e+02
3.900000000000000000e+01 2.750000000000000000e+00 4.000000000000000000e+00 0.000000000000000000e+00 8.466245123714698553e+08 8.217624113423841000e+08 9.748139712806104422e+08 6.468777684953783751e+08 7.376989960670471191e+02 1.039000000000000000e+03 1.029000000000000000e+03
3.900000000000000000e+01 2.500000000000000000e+00 4.000000000000000000e+00 0.000000000000000000e+00 8.466245123714698553e+08 8.217624113423841000e+08 9.923865385108211040e+08 6.872042470349813700e+08 8.804622581005096436e+02 1.423000000000000000e+03 1.408000000000000000e+03
3.900000000000000000e+01 2.250000000000000000e+00 4.000000000000000000e+00 0.000000000000000000e+00 8.466245123714698553e+08 8.217624113423841000e+08 1.004492522863501310e+09 7.323578166378641129e+08 6.302578580379486084e+02 1.700000000000000000e+03 1.680000000000000000e+03
3.900000000000000000e+01 2.000000000000000000e+00 4.000000000000000000e+00 0.000000000000000000e+00 8.466245123714698553e+08 8.217624113423841000e+08 1.008249685039394736e+09 7.835351840763366222e+08 3.675965170860290527e+02 1.865000000000000000e+03 1.840000000000000000e+03
3.900000000000000000e+01 1.750000000000000000e+00 4.000000000000000000e+00 0.000000000000000000e+00 8.466245123714698553e+08 8.217624113423841000e+08 1.013614088833853364e+09 8.403398967859536409e+08 3.242284178733825684e+02 2.011000000000000000e+03 1.981000000000000000e+03
3.900000000000000000e+01 1.500000000000000000e+00 4.000000000000000000e+00 0.000000000000000000e+00 8.466245123714698553e+08 8.217624113423841000e+08 1.025110637434552908e+09 9.039886686038756371e+08 1.440307137966156006e+02 2.077000000000000000e+03 2.043000000000000000e+03
3.900000000000000000e+01 1.250000000000000000e+00 4.000000000000000000e+00 0.000000000000000000e+00 8.466245123714698553e+08 8.217624113423841000e+08 1.043047440477257490e+09 9.748443459651597738e+08 3.638547630310058594e+02 2.240000000000000000e+03 2.201000000000000000e+03
3.900000000000000000e+01 1.000000000000000000e+00 4.000000000000000000e+00 0.000000000000000000e+00 8.466245123714698553e+08 8.217624113423841000e+08 1.044702815688704491e+09 1.045732104650348544e+09 1.952375929355621338e+02 2.329000000000000000e+03 2.286000000000000000e+03
3.900000000000000000e+01 1.000000000000000000e+00 4.000000000000000000e+00 5.000000000000000000e+00 8.466245123714698553e+08 8.217624113423841000e+08 1.044812415635399818e+09 1.044299017724778056e+09 1.528646950721740723e+02 2.398000000000000000e+03 2.351000000000000000e+03
