# run number, exp fac, ti calc, ti opt, aep init calc (kW), aep init opt (kW), aep run calc (kW), aep run opt (kW), run time (s), obj func calls, sens func calls
9.600000000000000000e+01 3.000000000000000000e+00 4.000000000000000000e+00 0.000000000000000000e+00 8.740710684979684353e+08 8.580432872990485430e+08 9.683383563972804546e+08 6.138464331861250401e+08 2.122322924137115479e+03 8.790000000000000000e+02 8.740000000000000000e+02
9.600000000000000000e+01 2.750000000000000000e+00 4.000000000000000000e+00 0.000000000000000000e+00 8.740710684979684353e+08 8.580432872990485430e+08 9.774057292870318890e+08 6.501984376326999664e+08 6.778449399471282959e+02 1.177000000000000000e+03 1.167000000000000000e+03
9.600000000000000000e+01 2.500000000000000000e+00 4.000000000000000000e+00 0.000000000000000000e+00 8.740710684979684353e+08 8.580432872990485430e+08 9.895261885924454927e+08 6.908443883478578329e+08 5.887035629749298096e+02 1.438000000000000000e+03 1.423000000000000000e+03
9.600000000000000000e+01 2.250000000000000000e+00 4.000000000000000000e+00 0.000000000000000000e+00 8.740710684979684353e+08 8.580432872990485430e+08 1.000882625988937736e+09 7.357526304785190821e+08 5.188694350719451904e+02 1.684000000000000000e+03 1.664000000000000000e+03
9.600000000000000000e+01 2.000000000000000000e+00 4.000000000000000000e+00 0.000000000000000000e+00 8.740710684979684353e+08 8.580432872990485430e+08 1.008700820503123045e+09 7.863001470131766796e+08 2.317147850990295410e+02 1.801000000000000000e+03 1.776000000000000000e+03
9.600000000000000000e+01 1.750000000000000000e+00 4.000000000000000000e+00 0.000000000000000000e+00 8.740710684979684353e+08 8.580432872990485430e+08 1.015637712526367784e+09 8.423172813750118017e+08 1.174700155973434448e+03 2.390000000000000000e+03 2.360000000000000000e+03
9.600000000000000000e+01 1.500000000000000000e+00 4.000000000000000000e+00 0.000000000000000000e+00 8.740710684979684353e+08 8.580432872990485430e+08 1.027707406553396821e+09 9.055105739388892651e+08 2.415017111301422119e+02 2.507000000000000000e+03 2.472000000000000000e+03
9.600000000000000000e+01 1.250000000000000000e+00 4.000000000000000000e+00 0.000000000000000000e+00 8.740710684979684353e+08 8.580432872990485430e+08 1.037083900024251819e+09 9.744874417473946810e+08 1.335219891071319580e+02 2.575000000000000000e+03 2.536000000000000000e+03
9.600000000000000000e+01 1.000000000000000000e+00 4.000000000000000000e+00 0.000000000000000000e+00 8.740710684979684353e+08 8.580432872990485430e+08 1.038591093217121840e+09 1.039408433614788294e+09 1.840184719562530518e+02 2.665000000000000000e+03 2.622000000000000000e+03
9.600000000000000000e+01 1.000000000000000000e+00 4.000000000000000000e+00 5.000000000000000000e+00 8.740710684979684353e+08 8.580432872990485430e+08 1.038719452690510631e+09 1.038044559115857601e+09 1.791967329978942871e+02 2.757000000000000000e+03 2.710000000000000000e+03
