# run number, exp fac, ti calc, ti opt, aep init calc (kW), aep init opt (kW), aep run calc (kW), aep run opt (kW), run time (s), obj func calls, sens func calls
1.740000000000000000e+02 3.000000000000000000e+00 4.000000000000000000e+00 0.000000000000000000e+00 8.398851762989087105e+08 8.207890786548739672e+08 9.618897947815785408e+08 6.039851772403283119e+08 3.658980746984481812e+03 1.634000000000000000e+03 1.629000000000000000e+03
1.740000000000000000e+02 2.750000000000000000e+00 4.000000000000000000e+00 0.000000000000000000e+00 8.398851762989087105e+08 8.207890786548739672e+08 9.730921717670867443e+08 6.403301797007411718e+08 4.305097279548645020e+02 1.835000000000000000e+03 1.825000000000000000e+03
1.740000000000000000e+02 2.500000000000000000e+00 4.000000000000000000e+00 0.000000000000000000e+00 8.398851762989087105e+08 8.207890786548739672e+08 9.850429431815068722e+08 6.807619407544831038e+08 2.450280439853668213e+02 1.951000000000000000e+03 1.936000000000000000e+03
1.740000000000000000e+02 2.250000000000000000e+00 4.000000000000000000e+00 0.000000000000000000e+00 8.398851762989087105e+08 8.207890786548739672e+08 1.003855947047592282e+09 7.272067877267942429e+08 5.334791991710662842e+02 2.282000000000000000e+03 2.262000000000000000e+03
1.740000000000000000e+02 2.000000000000000000e+00 4.000000000000000000e+00 0.000000000000000000e+00 8.398851762989087105e+08 8.207890786548739672e+08 1.018046749114243627e+09 7.806838252000546455e+08 1.700000019073486328e+02 2.405000000000000000e+03 2.380000000000000000e+03
1.740000000000000000e+02 1.750000000000000000e+00 4.000000000000000000e+00 0.000000000000000000e+00 8.398851762989087105e+08 8.207890786548739672e+08 1.029614640463373661e+09 8.421146684924325943e+08 2.638993189334869385e+02 2.593000000000000000e+03 2.563000000000000000e+03
1.740000000000000000e+02 1.500000000000000000e+00 4.000000000000000000e+00 0.000000000000000000e+00 8.398851762989087105e+08 8.207890786548739672e+08 1.034515256146660566e+09 9.100224798713001013e+08 8.724533200263977051e+01 2.657000000000000000e+03 2.623000000000000000e+03
1.740000000000000000e+02 1.250000000000000000e+00 4.000000000000000000e+00 0.000000000000000000e+00 8.398851762989087105e+08 8.207890786548739672e+08 1.045334684351537347e+09 9.813181825253095627e+08 1.101953349113464355e+02 2.736000000000000000e+03 2.698000000000000000e+03
1.740000000000000000e+02 1.000000000000000000e+00 4.000000000000000000e+00 0.000000000000000000e+00 8.398851762989087105e+08 8.207890786548739672e+08 1.046847292961382627e+09 1.047971534342877150e+09 1.349306490421295166e+02 2.832000000000000000e+03 2.790000000000000000e+03
1.740000000000000000e+02 1.000000000000000000e+00 4.000000000000000000e+00 5.000000000000000000e+00 8.398851762989087105e+08 8.207890786548739672e+08 1.046942709764520049e+09 1.046628428141819954e+09 9.376136803627014160e+01 2.897000000000000000e+03 2.851000000000000000e+03
