# run number, exp fac, ti calc, ti opt, aep init calc (kW), aep init opt (kW), aep run calc (kW), aep run opt (kW), run time (s), obj func calls, sens func calls
1.760000000000000000e+02 3.000000000000000000e+00 4.000000000000000000e+00 0.000000000000000000e+00 8.786531839124121666e+08 8.629265366457759142e+08 9.667369617525563240e+08 6.073407000557498932e+08 1.283754573106765747e+03 5.850000000000000000e+02 5.800000000000000000e+02
1.760000000000000000e+02 2.750000000000000000e+00 4.000000000000000000e+00 0.000000000000000000e+00 8.786531839124121666e+08 8.629265366457759142e+08 9.771960739715811014e+08 6.440054283017557859e+08 1.531808230876922607e+03 1.303000000000000000e+03 1.293000000000000000e+03
1.760000000000000000e+02 2.500000000000000000e+00 4.000000000000000000e+00 0.000000000000000000e+00 8.786531839124121666e+08 8.629265366457759142e+08 9.798307629763270617e+08 6.843964684355527163e+08 2.181732439994812012e+02 1.410000000000000000e+03 1.395000000000000000e+03
1.760000000000000000e+02 2.250000000000000000e+00 4.000000000000000000e+00 0.000000000000000000e+00 8.786531839124121666e+08 8.629265366457759142e+08 9.995002403321213722e+08 7.302621474392943382e+08 4.000863900184631348e+02 1.601000000000000000e+03 1.581000000000000000e+03
1.760000000000000000e+02 2.000000000000000000e+00 4.000000000000000000e+00 0.000000000000000000e+00 8.786531839124121666e+08 8.629265366457759142e+08 1.009795544903155684e+09 7.819717239482299089e+08 4.683081479072570801e+02 1.824000000000000000e+03 1.799000000000000000e+03
1.760000000000000000e+02 1.750000000000000000e+00 4.000000000000000000e+00 0.000000000000000000e+00 8.786531839124121666e+08 8.629265366457759142e+08 1.022788664669657588e+09 8.403461762383103371e+08 4.636961128711700439e+02 2.047000000000000000e+03 2.017000000000000000e+03
1.760000000000000000e+02 1.500000000000000000e+00 4.000000000000000000e+00 0.000000000000000000e+00 8.786531839124121666e+08 8.629265366457759142e+08 1.038453320489854097e+09 9.070681633298473358e+08 1.168135234117507935e+03 2.594000000000000000e+03 2.559000000000000000e+03
1.760000000000000000e+02 1.250000000000000000e+00 4.000000000000000000e+00 0.000000000000000000e+00 8.786531839124121666e+08 8.629265366457759142e+08 1.045184687395632982e+09 9.802263717363693714e+08 1.127026531696319580e+02 2.650000000000000000e+03 2.611000000000000000e+03
1.760000000000000000e+02 1.000000000000000000e+00 4.000000000000000000e+00 0.000000000000000000e+00 8.786531839124121666e+08 8.629265366457759142e+08 1.046924695897019148e+09 1.048483541003572822e+09 1.879791529178619385e+02 2.741000000000000000e+03 2.698000000000000000e+03
1.760000000000000000e+02 1.000000000000000000e+00 4.000000000000000000e+00 5.000000000000000000e+00 8.786531839124121666e+08 8.629265366457759142e+08 1.046992067694671392e+09 1.047013155766754746e+09 3.040003378391265869e+02 2.884000000000000000e+03 2.837000000000000000e+03
