# run number, exp fac, ti calc, ti opt, aep init calc (kW), aep init opt (kW), aep run calc (kW), aep run opt (kW), run time (s), obj func calls, sens func calls
8.700000000000000000e+01 3.000000000000000000e+00 4.000000000000000000e+00 0.000000000000000000e+00 8.660608577068672180e+08 8.522527970104761124e+08 9.678523806136772633e+08 6.078039859212461710e+08 2.365389044046401978e+03 1.061000000000000000e+03 1.056000000000000000e+03
8.700000000000000000e+01 2.750000000000000000e+00 4.000000000000000000e+00 0.000000000000000000e+00 8.660608577068672180e+08 8.522527970104761124e+08 9.758439194310352802e+08 6.441560524366854429e+08 3.941392240524291992e+02 1.246000000000000000e+03 1.236000000000000000e+03
8.700000000000000000e+01 2.500000000000000000e+00 4.000000000000000000e+00 0.000000000000000000e+00 8.660608577068672180e+08 8.522527970104761124e+08 9.785231512275569439e+08 6.842843448646469116e+08 6.825770115852355957e+01 1.283000000000000000e+03 1.269000000000000000e+03
8.700000000000000000e+01 2.250000000000000000e+00 4.000000000000000000e+00 0.000000000000000000e+00 8.660608577068672180e+08 8.522527970104761124e+08 9.877064169628864527e+08 7.290200654562199116e+08 2.011833539009094238e+03 2.196000000000000000e+03 2.177000000000000000e+03
8.700000000000000000e+01 2.000000000000000000e+00 4.000000000000000000e+00 0.000000000000000000e+00 8.660608577068672180e+08 8.522527970104761124e+08 1.000044535601714492e+09 7.794706104460538626e+08 3.375172729492187500e+02 2.352000000000000000e+03 2.328000000000000000e+03
8.700000000000000000e+01 1.750000000000000000e+00 4.000000000000000000e+00 0.000000000000000000e+00 8.660608577068672180e+08 8.522527970104761124e+08 1.011504377641124368e+09 8.362998008420578241e+08 1.102751848697662354e+02 2.421000000000000000e+03 2.393000000000000000e+03
8.700000000000000000e+01 1.500000000000000000e+00 4.000000000000000000e+00 0.000000000000000000e+00 8.660608577068672180e+08 8.522527970104761124e+08 1.025046331843005061e+09 8.991491271371065378e+08 1.983415188789367676e+02 2.571000000000000000e+03 2.538000000000000000e+03
8.700000000000000000e+01 1.250000000000000000e+00 4.000000000000000000e+00 0.000000000000000000e+00 8.660608577068672180e+08 8.522527970104761124e+08 1.036706378407415628e+09 9.707706692653676271e+08 9.530311083793640137e+01 2.642000000000000000e+03 2.605000000000000000e+03
8.700000000000000000e+01 1.000000000000000000e+00 4.000000000000000000e+00 0.000000000000000000e+00 8.660608577068672180e+08 8.522527970104761124e+08 1.038596262106273174e+09 1.039515697558741689e+09 1.103867628574371338e+02 2.721000000000000000e+03 2.680000000000000000e+03
8.700000000000000000e+01 1.000000000000000000e+00 4.000000000000000000e+00 5.000000000000000000e+00 8.660608577068672180e+08 8.522527970104761124e+08 1.038692356304673553e+09 1.038208649701187968e+09 8.991170811653137207e+01 2.784000000000000000e+03 2.739000000000000000e+03
