# run number, exp fac, ti calc, ti opt, aep init calc (kW), aep init opt (kW), aep run calc (kW), aep run opt (kW), run time (s), obj func calls, sens func calls
1.270000000000000000e+02 3.000000000000000000e+00 4.000000000000000000e+00 0.000000000000000000e+00 8.443787287415642738e+08 8.207780395061018467e+08 9.529772935617070198e+08 6.038025966346971989e+08 1.362462041139602661e+03 7.750000000000000000e+02 7.700000000000000000e+02
1.270000000000000000e+02 2.750000000000000000e+00 4.000000000000000000e+00 0.000000000000000000e+00 8.443787287415642738e+08 8.207780395061018467e+08 9.680373797732745409e+08 6.401505242170732021e+08 4.351387767791748047e+02 1.038000000000000000e+03 1.028000000000000000e+03
1.270000000000000000e+02 2.500000000000000000e+00 4.000000000000000000e+00 0.000000000000000000e+00 8.443787287415642738e+08 8.207780395061018467e+08 9.802818461892285347e+08 6.807836197236247063e+08 5.308943498134613037e+02 1.360000000000000000e+03 1.345000000000000000e+03
1.270000000000000000e+02 2.250000000000000000e+00 4.000000000000000000e+00 0.000000000000000000e+00 8.443787287415642738e+08 8.207780395061018467e+08 1.006299553642563224e+09 7.268141037061885595e+08 2.929474980831146240e+02 1.542000000000000000e+03 1.522000000000000000e+03
1.270000000000000000e+02 2.000000000000000000e+00 4.000000000000000000e+00 0.000000000000000000e+00 8.443787287415642738e+08 8.207780395061018467e+08 1.019485485648291707e+09 7.797740118113481998e+08 2.207339088916778564e+02 1.683000000000000000e+03 1.658000000000000000e+03
1.270000000000000000e+02 1.750000000000000000e+00 4.000000000000000000e+00 0.000000000000000000e+00 8.443787287415642738e+08 8.207780395061018467e+08 1.029054846697379947e+09 8.405826833515688181e+08 1.748540019989013672e+02 1.796000000000000000e+03 1.766000000000000000e+03
1.270000000000000000e+02 1.500000000000000000e+00 4.000000000000000000e+00 0.000000000000000000e+00 8.443787287415642738e+08 8.207780395061018467e+08 1.037792804712289214e+09 9.088696670398619175e+08 1.270230600833892822e+02 1.878000000000000000e+03 1.844000000000000000e+03
1.270000000000000000e+02 1.250000000000000000e+00 4.000000000000000000e+00 0.000000000000000000e+00 8.443787287415642738e+08 8.207780395061018467e+08 1.043233763256385207e+09 9.803968675014331341e+08 9.164417099952697754e+01 1.939000000000000000e+03 1.901000000000000000e+03
1.270000000000000000e+02 1.000000000000000000e+00 4.000000000000000000e+00 0.000000000000000000e+00 8.443787287415642738e+08 8.207780395061018467e+08 1.049497207805228829e+09 1.050450204408194423e+09 1.882984020709991455e+02 2.060000000000000000e+03 2.018000000000000000e+03
1.270000000000000000e+02 1.000000000000000000e+00 4.000000000000000000e+00 5.000000000000000000e+00 8.443787287415642738e+08 8.207780395061018467e+08 1.051041021906918645e+09 1.050456763265296817e+09 2.169981598854064941e+02 2.196000000000000000e+03 2.150000000000000000e+03
