# run number, exp fac, ti calc, ti opt, aep init calc (kW), aep init opt (kW), aep run calc (kW), aep run opt (kW), run time (s), obj func calls, sens func calls
1.600000000000000000e+01 3.000000000000000000e+00 4.000000000000000000e+00 0.000000000000000000e+00 8.609993543305261135e+08 8.458847156217027903e+08 9.737706927289755344e+08 6.144933422851903439e+08 2.196408246994018555e+03 1.261000000000000000e+03 1.256000000000000000e+03
1.600000000000000000e+01 2.750000000000000000e+00 4.000000000000000000e+00 0.000000000000000000e+00 8.609993543305261135e+08 8.458847156217027903e+08 9.775668430370500088e+08 6.506291700648813248e+08 4.181868209838867188e+02 1.508000000000000000e+03 1.498000000000000000e+03
1.600000000000000000e+01 2.500000000000000000e+00 4.000000000000000000e+00 0.000000000000000000e+00 8.609993543305261135e+08 8.458847156217027903e+08 9.871392517160407305e+08 6.902058867996393442e+08 9.240012030601501465e+02 2.048000000000000000e+03 2.033000000000000000e+03
1.600000000000000000e+01 2.250000000000000000e+00 4.000000000000000000e+00 0.000000000000000000e+00 8.609993543305261135e+08 8.458847156217027903e+08 9.989388593593912125e+08 7.344004291636836529e+08 1.121903281211853027e+02 2.117000000000000000e+03 2.098000000000000000e+03
1.600000000000000000e+01 2.000000000000000000e+00 4.000000000000000000e+00 0.000000000000000000e+00 8.609993543305261135e+08 8.458847156217027903e+08 1.005745793768068314e+09 7.851058954485569000e+08 2.900093250274658203e+02 2.292000000000000000e+03 2.268000000000000000e+03
1.600000000000000000e+01 1.750000000000000000e+00 4.000000000000000000e+00 0.000000000000000000e+00 8.609993543305261135e+08 8.458847156217027903e+08 1.007900123396517038e+09 8.416506197595160007e+08 3.128751270771026611e+02 2.487000000000000000e+03 2.458000000000000000e+03
1.600000000000000000e+01 1.500000000000000000e+00 4.000000000000000000e+00 0.000000000000000000e+00 8.609993543305261135e+08 8.458847156217027903e+08 1.013733917806006670e+09 9.023518102557897568e+08 2.389848380088806152e+02 2.665000000000000000e+03 2.631000000000000000e+03
1.600000000000000000e+01 1.250000000000000000e+00 4.000000000000000000e+00 0.000000000000000000e+00 8.609993543305261135e+08 8.458847156217027903e+08 1.034382201993034959e+09 9.703525696990265846e+08 1.411984829902648926e+02 2.772000000000000000e+03 2.734000000000000000e+03
1.600000000000000000e+01 1.000000000000000000e+00 4.000000000000000000e+00 0.000000000000000000e+00 8.609993543305261135e+08 8.458847156217027903e+08 1.037244247355140209e+09 1.037405597332331181e+09 1.046375749111175537e+02 2.850000000000000000e+03 2.808000000000000000e+03
1.600000000000000000e+01 1.000000000000000000e+00 4.000000000000000000e+00 5.000000000000000000e+00 8.609993543305261135e+08 8.458847156217027903e+08 1.037663078466855884e+09 1.036548691700412512e+09 1.743314960002899170e+02 2.976000000000000000e+03 2.930000000000000000e+03
