# run number, exp fac, ti calc, ti opt, aep init calc (kW), aep init opt (kW), aep run calc (kW), aep run opt (kW), run time (s), obj func calls, sens func calls
6.800000000000000000e+01 3.000000000000000000e+00 4.000000000000000000e+00 0.000000000000000000e+00 8.504144907276262045e+08 8.345614548098405600e+08 9.695989300930315256e+08 6.109601415179536343e+08 3.105049186944961548e+03 1.350000000000000000e+03 1.345000000000000000e+03
6.800000000000000000e+01 2.750000000000000000e+00 4.000000000000000000e+00 0.000000000000000000e+00 8.504144907276262045e+08 8.345614548098405600e+08 9.748362623007898331e+08 6.473816621524246931e+08 5.716873328685760498e+02 1.606000000000000000e+03 1.596000000000000000e+03
6.800000000000000000e+01 2.500000000000000000e+00 4.000000000000000000e+00 0.000000000000000000e+00 8.504144907276262045e+08 8.345614548098405600e+08 9.828636085200573206e+08 6.873945742410292625e+08 4.163902249336242676e+02 1.794000000000000000e+03 1.779000000000000000e+03
6.800000000000000000e+01 2.250000000000000000e+00 4.000000000000000000e+00 0.000000000000000000e+00 8.504144907276262045e+08 8.345614548098405600e+08 9.960435141537624598e+08 7.320811960665084124e+08 2.578260369300842285e+02 1.912000000000000000e+03 1.892000000000000000e+03
6.800000000000000000e+01 2.000000000000000000e+00 4.000000000000000000e+00 0.000000000000000000e+00 8.504144907276262045e+08 8.345614548098405600e+08 1.007184081775102258e+09 7.832163561567218304e+08 2.651060118675231934e+02 2.033000000000000000e+03 2.008000000000000000e+03
6.800000000000000000e+01 1.750000000000000000e+00 4.000000000000000000e+00 0.000000000000000000e+00 8.504144907276262045e+08 8.345614548098405600e+08 1.014882759424557090e+09 8.404033885165305138e+08 2.645197401046752930e+02 2.153000000000000000e+03 2.123000000000000000e+03
6.800000000000000000e+01 1.500000000000000000e+00 4.000000000000000000e+00 0.000000000000000000e+00 8.504144907276262045e+08 8.345614548098405600e+08 1.028311803584990740e+09 9.042727293622802496e+08 5.203221969604492188e+02 2.386000000000000000e+03 2.351000000000000000e+03
6.800000000000000000e+01 1.250000000000000000e+00 4.000000000000000000e+00 0.000000000000000000e+00 8.504144907276262045e+08 8.345614548098405600e+08 1.037494273618134737e+09 9.737173876052452326e+08 1.238951869010925293e+02 2.444000000000000000e+03 2.405000000000000000e+03
6.800000000000000000e+01 1.000000000000000000e+00 4.000000000000000000e+00 0.000000000000000000e+00 8.504144907276262045e+08 8.345614548098405600e+08 1.039234747060732961e+09 1.039827167507072210e+09 2.247269570827484131e+02 2.548000000000000000e+03 2.505000000000000000e+03
6.800000000000000000e+01 1.000000000000000000e+00 4.000000000000000000e+00 5.000000000000000000e+00 8.504144907276262045e+08 8.345614548098405600e+08 1.039373947417946458e+09 1.038694983991213202e+09 2.711378509998321533e+02 2.671000000000000000e+03 2.624000000000000000e+03
