# run number, exp fac, ti calc, ti opt, aep init calc (kW), aep init opt (kW), aep run calc (kW), aep run opt (kW), run time (s), obj func calls, sens func calls
5.000000000000000000e+00 3.000000000000000000e+00 4.000000000000000000e+00 0.000000000000000000e+00 8.323195805467363596e+08 8.153156990793813467e+08 9.621959402781907320e+08 6.045039848344830275e+08 1.747568218946456909e+03 1.021000000000000000e+03 1.016000000000000000e+03
5.000000000000000000e+00 2.750000000000000000e+00 4.000000000000000000e+00 0.000000000000000000e+00 8.323195805467363596e+08 8.153156990793813467e+08 9.708668075153993368e+08 6.405710524237756729e+08 5.549569280147552490e+02 1.349000000000000000e+03 1.339000000000000000e+03
5.000000000000000000e+00 2.500000000000000000e+00 4.000000000000000000e+00 0.000000000000000000e+00 8.323195805467363596e+08 8.153156990793813467e+08 9.833221556732004881e+08 6.814232427357549667e+08 3.679292919635772705e+02 1.569000000000000000e+03 1.554000000000000000e+03
5.000000000000000000e+00 2.250000000000000000e+00 4.000000000000000000e+00 0.000000000000000000e+00 8.323195805467363596e+08 8.153156990793813467e+08 9.901861284897961617e+08 7.268748703035902977e+08 5.971378493309020996e+01 1.608000000000000000e+03 1.589000000000000000e+03
5.000000000000000000e+00 2.000000000000000000e+00 4.000000000000000000e+00 0.000000000000000000e+00 8.323195805467363596e+08 8.153156990793813467e+08 1.006717468149456859e+09 7.781677221736695766e+08 6.072249858379364014e+02 1.962000000000000000e+03 1.938000000000000000e+03
5.000000000000000000e+00 1.750000000000000000e+00 4.000000000000000000e+00 0.000000000000000000e+00 8.323195805467363596e+08 8.153156990793813467e+08 1.017807320832778215e+09 8.366708746900855303e+08 2.070961179733276367e+02 2.086000000000000000e+03 2.057000000000000000e+03
5.000000000000000000e+00 1.500000000000000000e+00 4.000000000000000000e+00 0.000000000000000000e+00 8.323195805467363596e+08 8.153156990793813467e+08 1.031090399749415874e+09 9.023515366160171032e+08 1.485661320686340332e+02 2.175000000000000000e+03 2.142000000000000000e+03
5.000000000000000000e+00 1.250000000000000000e+00 4.000000000000000000e+00 0.000000000000000000e+00 8.323195805467363596e+08 8.153156990793813467e+08 1.043288789630183339e+09 9.762729815312211514e+08 1.558424899578094482e+02 2.269000000000000000e+03 2.232000000000000000e+03
5.000000000000000000e+00 1.000000000000000000e+00 4.000000000000000000e+00 0.000000000000000000e+00 8.323195805467363596e+08 8.153156990793813467e+08 1.048062631219189644e+09 1.049178525584066987e+09 1.289200770854949951e+02 2.348000000000000000e+03 2.307000000000000000e+03
5.000000000000000000e+00 1.000000000000000000e+00 4.000000000000000000e+00 5.000000000000000000e+00 8.323195805467363596e+08 8.153156990793813467e+08 1.048120356394127846e+09 1.047788228455204487e+09 8.434588503837585449e+01 2.400000000000000000e+03 2.355000000000000000e+03
