# run number, exp fac, ti calc, ti opt, aep init calc (kW), aep init opt (kW), aep run calc (kW), aep run opt (kW), run time (s), obj func calls, sens func calls
2.000000000000000000e+00 3.000000000000000000e+00 4.000000000000000000e+00 0.000000000000000000e+00 8.146508322264180183e+08 7.944748787986153364e+08 9.566045406619967222e+08 6.037316468407311440e+08 1.681298413991928101e+03 7.290000000000000000e+02 7.240000000000000000e+02
2.000000000000000000e+00 2.750000000000000000e+00 4.000000000000000000e+00 0.000000000000000000e+00 8.146508322264180183e+08 7.944748787986153364e+08 9.639812162324594259e+08 6.401217982741751671e+08 3.734230630397796631e+02 9.010000000000000000e+02 8.910000000000000000e+02
2.000000000000000000e+00 2.500000000000000000e+00 4.000000000000000000e+00 0.000000000000000000e+00 8.146508322264180183e+08 7.944748787986153364e+08 9.793183398694032431e+08 6.809137276153331995e+08 7.273262770175933838e+02 1.233000000000000000e+03 1.218000000000000000e+03
2.000000000000000000e+00 2.250000000000000000e+00 4.000000000000000000e+00 0.000000000000000000e+00 8.146508322264180183e+08 7.944748787986153364e+08 9.974580087572417259e+08 7.270107552556512356e+08 2.679655709266662598e+02 1.357000000000000000e+03 1.337000000000000000e+03
2.000000000000000000e+00 2.000000000000000000e+00 4.000000000000000000e+00 0.000000000000000000e+00 8.146508322264180183e+08 7.944748787986153364e+08 1.013022997017994523e+09 7.798618557658941746e+08 5.589998621940612793e+02 1.609000000000000000e+03 1.584000000000000000e+03
2.000000000000000000e+00 1.750000000000000000e+00 4.000000000000000000e+00 0.000000000000000000e+00 8.146508322264180183e+08 7.944748787986153364e+08 1.019824547031810045e+09 8.395862912369929552e+08 4.303700220584869385e+02 1.804000000000000000e+03 1.774000000000000000e+03
2.000000000000000000e+00 1.500000000000000000e+00 4.000000000000000000e+00 0.000000000000000000e+00 8.146508322264180183e+08 7.944748787986153364e+08 1.030916908755028486e+09 9.050999195302577019e+08 2.801453800201416016e+02 1.932000000000000000e+03 1.897000000000000000e+03
2.000000000000000000e+00 1.250000000000000000e+00 4.000000000000000000e+00 0.000000000000000000e+00 8.146508322264180183e+08 7.944748787986153364e+08 1.043092355430874586e+09 9.770246960877220631e+08 1.416540141105651855e+02 1.998000000000000000e+03 1.959000000000000000e+03
2.000000000000000000e+00 1.000000000000000000e+00 4.000000000000000000e+00 0.000000000000000000e+00 8.146508322264180183e+08 7.944748787986153364e+08 1.046550885553408384e+09 1.047665983537858486e+09 2.020523290634155273e+02 2.089000000000000000e+03 2.046000000000000000e+03
2.000000000000000000e+00 1.000000000000000000e+00 4.000000000000000000e+00 5.000000000000000000e+00 8.146508322264180183e+08 7.944748787986153364e+08 1.046651888847637057e+09 1.046228626693132639e+09 1.255863339900970459e+02 2.146000000000000000e+03 2.099000000000000000e+03
