# run number, exp fac, ti calc, ti opt, aep init calc (kW), aep init opt (kW), aep run calc (kW), aep run opt (kW), run time (s), obj func calls, sens func calls
1.380000000000000000e+02 3.000000000000000000e+00 4.000000000000000000e+00 0.000000000000000000e+00 8.716264506593743563e+08 8.548095928256398439e+08 9.675810139721974134e+08 6.108869510828320980e+08 1.293655795097351074e+03 6.980000000000000000e+02 6.930000000000000000e+02
1.380000000000000000e+02 2.750000000000000000e+00 4.000000000000000000e+00 0.000000000000000000e+00 8.716264506593743563e+08 8.548095928256398439e+08 9.743294297944821119e+08 6.470942425494282246e+08 2.784052569866180420e+02 8.630000000000000000e+02 8.530000000000000000e+02
1.380000000000000000e+02 2.500000000000000000e+00 4.000000000000000000e+00 0.000000000000000000e+00 8.716264506593743563e+08 8.548095928256398439e+08 9.824292576280871630e+08 6.864510786596227884e+08 3.617366538047790527e+02 1.070000000000000000e+03 1.055000000000000000e+03
1.380000000000000000e+02 2.250000000000000000e+00 4.000000000000000000e+00 0.000000000000000000e+00 8.716264506593743563e+08 8.548095928256398439e+08 9.949160875751402378e+08 7.315265193418288231e+08 7.640123729705810547e+02 1.515000000000000000e+03 1.495000000000000000e+03
1.380000000000000000e+02 2.000000000000000000e+00 4.000000000000000000e+00 0.000000000000000000e+00 8.716264506593743563e+08 8.548095928256398439e+08 1.007614859747139215e+09 7.818183670036768913e+08 3.076003921031951904e+02 1.700000000000000000e+03 1.675000000000000000e+03
1.380000000000000000e+02 1.750000000000000000e+00 4.000000000000000000e+00 0.000000000000000000e+00 8.716264506593743563e+08 8.548095928256398439e+08 1.016810493863443255e+09 8.383467305641556978e+08 5.715170719623565674e+02 2.041000000000000000e+03 2.011000000000000000e+03
1.380000000000000000e+02 1.500000000000000000e+00 4.000000000000000000e+00 0.000000000000000000e+00 8.716264506593743563e+08 8.548095928256398439e+08 1.029391977572217464e+09 9.026101684498820305e+08 2.697220580577850342e+02 2.204000000000000000e+03 2.169000000000000000e+03
1.380000000000000000e+02 1.250000000000000000e+00 4.000000000000000000e+00 0.000000000000000000e+00 8.716264506593743563e+08 8.548095928256398439e+08 1.037836262029400349e+09 9.723394457451239824e+08 1.069781742095947266e+02 2.271000000000000000e+03 2.232000000000000000e+03
1.380000000000000000e+02 1.000000000000000000e+00 4.000000000000000000e+00 0.000000000000000000e+00 8.716264506593743563e+08 8.548095928256398439e+08 1.039648802191502213e+09 1.040043864954043031e+09 1.599112651348114014e+02 2.369000000000000000e+03 2.326000000000000000e+03
1.380000000000000000e+02 1.000000000000000000e+00 4.000000000000000000e+00 5.000000000000000000e+00 8.716264506593743563e+08 8.548095928256398439e+08 1.039771555914156556e+09 1.038815308929581642e+09 9.514495587348937988e+01 2.427000000000000000e+03 2.380000000000000000e+03
