# run number, exp fac, ti calc, ti opt, aep init calc (kW), aep init opt (kW), aep run calc (kW), aep run opt (kW), run time (s), obj func calls, sens func calls
1.180000000000000000e+02 3.000000000000000000e+00 4.000000000000000000e+00 0.000000000000000000e+00 8.441078553504031897e+08 8.257960788649582863e+08 9.700681853556828499e+08 6.108726704300177097e+08 1.436423454999923706e+03 8.310000000000000000e+02 8.260000000000000000e+02
1.180000000000000000e+02 2.750000000000000000e+00 4.000000000000000000e+00 0.000000000000000000e+00 8.441078553504031897e+08 8.257960788649582863e+08 9.752924718198913336e+08 6.474898105814929008e+08 6.532174170017242432e+02 1.232000000000000000e+03 1.222000000000000000e+03
1.180000000000000000e+02 2.500000000000000000e+00 4.000000000000000000e+00 0.000000000000000000e+00 8.441078553504031897e+08 8.257960788649582863e+08 9.798914992794269323e+08 6.873208444616191387e+08 6.447113490104675293e+02 1.629000000000000000e+03 1.614000000000000000e+03
1.180000000000000000e+02 2.250000000000000000e+00 4.000000000000000000e+00 0.000000000000000000e+00 8.441078553504031897e+08 8.257960788649582863e+08 9.956410560651218891e+08 7.323035926622947454e+08 8.125782895088195801e+01 1.682000000000000000e+03 1.663000000000000000e+03
1.180000000000000000e+02 2.000000000000000000e+00 4.000000000000000000e+00 0.000000000000000000e+00 8.441078553504031897e+08 8.257960788649582863e+08 1.003675611290528893e+09 7.828886800353498459e+08 2.542997651100158691e+02 1.841000000000000000e+03 1.817000000000000000e+03
1.180000000000000000e+02 1.750000000000000000e+00 4.000000000000000000e+00 0.000000000000000000e+00 8.441078553504031897e+08 8.257960788649582863e+08 1.015451159267546654e+09 8.400827986218847036e+08 1.559329664945602417e+03 2.889000000000000000e+03 2.860000000000000000e+03
1.180000000000000000e+02 1.500000000000000000e+00 4.000000000000000000e+00 0.000000000000000000e+00 8.441078553504031897e+08 8.257960788649582863e+08 1.023462108335730910e+09 9.032286954300390482e+08 2.065922899246215820e+02 3.067000000000000000e+03 3.033000000000000000e+03
1.180000000000000000e+02 1.250000000000000000e+00 4.000000000000000000e+00 0.000000000000000000e+00 8.441078553504031897e+08 8.257960788649582863e+08 1.042004312626146078e+09 9.754150544822938442e+08 2.407157869338989258e+02 3.274000000000000000e+03 3.235000000000000000e+03
1.180000000000000000e+02 1.000000000000000000e+00 4.000000000000000000e+00 0.000000000000000000e+00 8.441078553504031897e+08 8.257960788649582863e+08 1.044172567224505424e+09 1.045847276413376808e+09 1.630207879543304443e+02 3.415000000000000000e+03 3.372000000000000000e+03
1.180000000000000000e+02 1.000000000000000000e+00 4.000000000000000000e+00 5.000000000000000000e+00 8.441078553504031897e+08 8.257960788649582863e+08 1.044378116762832403e+09 1.044264157791191339e+09 7.227645111083984375e+01 3.477000000000000000e+03 3.430000000000000000e+03
