# run number, exp fac, ti calc, ti opt, aep init calc (kW), aep init opt (kW), aep run calc (kW), aep run opt (kW), run time (s), obj func calls, sens func calls
2.700000000000000000e+01 3.000000000000000000e+00 4.000000000000000000e+00 0.000000000000000000e+00 8.448280091984957457e+08 8.220443456316519976e+08 9.667835783792434931e+08 6.082234910210922956e+08 1.877332093000411987e+03 6.880000000000000000e+02 6.830000000000000000e+02
2.700000000000000000e+01 2.750000000000000000e+00 4.000000000000000000e+00 0.000000000000000000e+00 8.448280091984957457e+08 8.220443456316519976e+08 9.689941595726584196e+08 6.445820322655930519e+08 4.171692688465118408e+02 8.630000000000000000e+02 8.530000000000000000e+02
2.700000000000000000e+01 2.500000000000000000e+00 4.000000000000000000e+00 0.000000000000000000e+00 8.448280091984957457e+08 8.220443456316519976e+08 9.764167446364656687e+08 6.844032009340474606e+08 9.766367292404174805e+01 9.060000000000000000e+02 8.920000000000000000e+02
2.700000000000000000e+01 2.250000000000000000e+00 4.000000000000000000e+00 0.000000000000000000e+00 8.448280091984957457e+08 8.220443456316519976e+08 9.913989415471949577e+08 7.286835738326050043e+08 8.340923960208892822e+02 1.264000000000000000e+03 1.245000000000000000e+03
2.700000000000000000e+01 2.000000000000000000e+00 4.000000000000000000e+00 0.000000000000000000e+00 8.448280091984957457e+08 8.220443456316519976e+08 1.008534578031505108e+09 7.805628008042576313e+08 8.650521059036254883e+02 1.627000000000000000e+03 1.603000000000000000e+03
2.700000000000000000e+01 1.750000000000000000e+00 4.000000000000000000e+00 0.000000000000000000e+00 8.448280091984957457e+08 8.220443456316519976e+08 1.016711371882321835e+09 8.383215335998982191e+08 4.261204390525817871e+02 1.808000000000000000e+03 1.779000000000000000e+03
2.700000000000000000e+01 1.500000000000000000e+00 4.000000000000000000e+00 0.000000000000000000e+00 8.448280091984957457e+08 8.220443456316519976e+08 1.026789237792503953e+09 9.028770312927466631e+08 1.136711659431457520e+02 1.859000000000000000e+03 1.826000000000000000e+03
2.700000000000000000e+01 1.250000000000000000e+00 4.000000000000000000e+00 0.000000000000000000e+00 8.448280091984957457e+08 8.220443456316519976e+08 1.032274968883778453e+09 9.709936863207867146e+08 1.365760900974273682e+02 1.922000000000000000e+03 1.885000000000000000e+03
2.700000000000000000e+01 1.000000000000000000e+00 4.000000000000000000e+00 0.000000000000000000e+00 8.448280091984957457e+08 8.220443456316519976e+08 1.034299691171640277e+09 1.034681480930311441e+09 2.554547300338745117e+02 2.036000000000000000e+03 1.995000000000000000e+03
2.700000000000000000e+01 1.000000000000000000e+00 4.000000000000000000e+00 5.000000000000000000e+00 8.448280091984957457e+08 8.220443456316519976e+08 1.034421319705543756e+09 1.033632066974087834e+09 1.478784339427947998e+02 2.102000000000000000e+03 2.057000000000000000e+03
