# run number, exp fac, ti calc, ti opt, aep init calc (kW), aep init opt (kW), aep run calc (kW), aep run opt (kW), run time (s), obj func calls, sens func calls
7.900000000000000000e+01 3.000000000000000000e+00 4.000000000000000000e+00 0.000000000000000000e+00 8.444206187175035477e+08 8.215954747838591337e+08 9.670187308253164291e+08 6.079292886210271120e+08 1.353352110862731934e+03 8.710000000000000000e+02 8.660000000000000000e+02
7.900000000000000000e+01 2.750000000000000000e+00 4.000000000000000000e+00 0.000000000000000000e+00 8.444206187175035477e+08 8.215954747838591337e+08 9.762657391972723007e+08 6.442973407226691246e+08 2.734276518821716309e+02 1.068000000000000000e+03 1.058000000000000000e+03
7.900000000000000000e+01 2.500000000000000000e+00 4.000000000000000000e+00 0.000000000000000000e+00 8.444206187175035477e+08 8.215954747838591337e+08 9.837635919573119879e+08 6.844480654252855778e+08 2.065742440223693848e+02 1.219000000000000000e+03 1.204000000000000000e+03
7.900000000000000000e+01 2.250000000000000000e+00 4.000000000000000000e+00 0.000000000000000000e+00 8.444206187175035477e+08 8.215954747838591337e+08 9.925292318302212954e+08 7.293936635512117147e+08 1.604600961208343506e+02 1.338000000000000000e+03 1.318000000000000000e+03
7.900000000000000000e+01 2.000000000000000000e+00 4.000000000000000000e+00 0.000000000000000000e+00 8.444206187175035477e+08 8.215954747838591337e+08 1.009631014299893618e+09 7.808762036848354340e+08 1.821263830661773682e+02 1.472000000000000000e+03 1.447000000000000000e+03
7.900000000000000000e+01 1.750000000000000000e+00 4.000000000000000000e+00 0.000000000000000000e+00 8.444206187175035477e+08 8.215954747838591337e+08 1.018225712183160424e+09 8.391087118240650892e+08 2.989130060672760010e+02 1.687000000000000000e+03 1.657000000000000000e+03
7.900000000000000000e+01 1.500000000000000000e+00 4.000000000000000000e+00 0.000000000000000000e+00 8.444206187175035477e+08 8.215954747838591337e+08 1.034984543622390151e+09 9.061852682256180048e+08 1.437354168891906738e+02 1.777000000000000000e+03 1.743000000000000000e+03
7.900000000000000000e+01 1.250000000000000000e+00 4.000000000000000000e+00 0.000000000000000000e+00 8.444206187175035477e+08 8.215954747838591337e+08 1.042787329066360950e+09 9.780306066921060085e+08 1.673533930778503418e+02 1.876000000000000000e+03 1.838000000000000000e+03
7.900000000000000000e+01 1.000000000000000000e+00 4.000000000000000000e+00 0.000000000000000000e+00 8.444206187175035477e+08 8.215954747838591337e+08 1.044510462254836559e+09 1.045497849678932309e+09 1.163516888618469238e+02 1.945000000000000000e+03 1.903000000000000000e+03
7.900000000000000000e+01 1.000000000000000000e+00 4.000000000000000000e+00 5.000000000000000000e+00 8.444206187175035477e+08 8.215954747838591337e+08 1.044602818489767075e+09 1.044141787017688155e+09 1.036828210353851318e+02 2.006000000000000000e+03 1.960000000000000000e+03
