# run number, exp fac, ti calc, ti opt, aep init calc (kW), aep init opt (kW), aep run calc (kW), aep run opt (kW), run time (s), obj func calls, sens func calls
1.570000000000000000e+02 3.000000000000000000e+00 4.000000000000000000e+00 0.000000000000000000e+00 8.556008556732361317e+08 8.367915677178356647e+08 9.684046205062513351e+08 6.106637772060307264e+08 1.556605470180511475e+03 8.000000000000000000e+02 7.950000000000000000e+02
1.570000000000000000e+02 2.750000000000000000e+00 4.000000000000000000e+00 0.000000000000000000e+00 8.556008556732361317e+08 8.367915677178356647e+08 9.758445826623291969e+08 6.465508952425304651e+08 3.712429399490356445e+02 9.960000000000000000e+02 9.860000000000000000e+02
1.570000000000000000e+02 2.500000000000000000e+00 4.000000000000000000e+00 0.000000000000000000e+00 8.556008556732361317e+08 8.367915677178356647e+08 9.940073996696351767e+08 6.866315064289633036e+08 5.582965250015258789e+02 1.291000000000000000e+03 1.276000000000000000e+03
1.570000000000000000e+02 2.250000000000000000e+00 4.000000000000000000e+00 0.000000000000000000e+00 8.556008556732361317e+08 8.367915677178356647e+08 1.011857188416511536e+09 7.325520928266251087e+08 9.341834509372711182e+02 1.785000000000000000e+03 1.765000000000000000e+03
1.570000000000000000e+02 2.000000000000000000e+00 4.000000000000000000e+00 0.000000000000000000e+00 8.556008556732361317e+08 8.367915677178356647e+08 1.015778550927371740e+09 7.849079382304584980e+08 3.044514758586883545e+02 1.951000000000000000e+03 1.926000000000000000e+03
1.570000000000000000e+02 1.750000000000000000e+00 4.000000000000000000e+00 0.000000000000000000e+00 8.556008556732361317e+08 8.367915677178356647e+08 1.019232847954340935e+09 8.439402778684687614e+08 9.749920701980590820e+01 2.005000000000000000e+03 1.976000000000000000e+03
1.570000000000000000e+02 1.500000000000000000e+00 4.000000000000000000e+00 0.000000000000000000e+00 8.556008556732361317e+08 8.367915677178356647e+08 1.027867393944324613e+09 9.092365660290136337e+08 2.435563070774078369e+02 2.138000000000000000e+03 2.104000000000000000e+03
1.570000000000000000e+02 1.250000000000000000e+00 4.000000000000000000e+00 0.000000000000000000e+00 8.556008556732361317e+08 8.367915677178356647e+08 1.031278224449096680e+09 9.748903679115639925e+08 6.087609038352966309e+02 2.452000000000000000e+03 2.413000000000000000e+03
1.570000000000000000e+02 1.000000000000000000e+00 4.000000000000000000e+00 0.000000000000000000e+00 8.556008556732361317e+08 8.367915677178356647e+08 1.037999172891500473e+09 1.039050569152991652e+09 2.551146640777587891e+02 2.591000000000000000e+03 2.547000000000000000e+03
1.570000000000000000e+02 1.000000000000000000e+00 4.000000000000000000e+00 5.000000000000000000e+00 8.556008556732361317e+08 8.367915677178356647e+08 1.039976681697800159e+09 1.039234539098074555e+09 2.440401210784912109e+02 2.721000000000000000e+03 2.673000000000000000e+03
