# run number, exp fac, ti calc, ti opt, aep init calc (kW), aep init opt (kW), aep run calc (kW), aep run opt (kW), run time (s), obj func calls, sens func calls
8.000000000000000000e+01 3.000000000000000000e+00 4.000000000000000000e+00 0.000000000000000000e+00 7.986325969670503139e+08 7.791598358793212175e+08 9.560728635498087406e+08 6.068704898972294331e+08 3.976950209140777588e+03 2.191000000000000000e+03 2.186000000000000000e+03
8.000000000000000000e+01 2.750000000000000000e+00 4.000000000000000000e+00 0.000000000000000000e+00 7.986325969670503139e+08 7.791598358793212175e+08 9.638684013559122086e+08 6.425804497992796898e+08 5.040103738307952881e+02 2.556000000000000000e+03 2.546000000000000000e+03
8.000000000000000000e+01 2.500000000000000000e+00 4.000000000000000000e+00 0.000000000000000000e+00 7.986325969670503139e+08 7.791598358793212175e+08 9.793522505358053446e+08 6.824242731830446720e+08 3.522625238895416260e+02 2.813000000000000000e+03 2.798000000000000000e+03
8.000000000000000000e+01 2.250000000000000000e+00 4.000000000000000000e+00 0.000000000000000000e+00 7.986325969670503139e+08 7.791598358793212175e+08 1.002662418390377045e+09 7.298912942128899097e+08 4.080397658348083496e+02 3.108000000000000000e+03 3.088000000000000000e+03
8.000000000000000000e+01 2.000000000000000000e+00 4.000000000000000000e+00 0.000000000000000000e+00 7.986325969670503139e+08 7.791598358793212175e+08 1.008189923436244965e+09 7.822633569086289406e+08 6.464119100570678711e+01 3.158000000000000000e+03 3.134000000000000000e+03
8.000000000000000000e+01 1.750000000000000000e+00 4.000000000000000000e+00 0.000000000000000000e+00 7.986325969670503139e+08 7.791598358793212175e+08 1.015900247218621850e+09 8.414740794369597435e+08 2.520030739307403564e+02 3.342000000000000000e+03 3.313000000000000000e+03
8.000000000000000000e+01 1.500000000000000000e+00 4.000000000000000000e+00 0.000000000000000000e+00 7.986325969670503139e+08 7.791598358793212175e+08 1.025395615631005645e+09 9.066198022672203779e+08 4.523487000465393066e+02 3.675000000000000000e+03 3.641000000000000000e+03
8.000000000000000000e+01 1.250000000000000000e+00 4.000000000000000000e+00 0.000000000000000000e+00 7.986325969670503139e+08 7.791598358793212175e+08 1.038960688725028276e+09 9.759541634756150246e+08 1.995082149505615234e+02 3.825000000000000000e+03 3.786000000000000000e+03
8.000000000000000000e+01 1.000000000000000000e+00 4.000000000000000000e+00 0.000000000000000000e+00 7.986325969670503139e+08 7.791598358793212175e+08 1.043464374332422972e+09 1.044566188369534850e+09 1.124822142124176025e+02 3.910000000000000000e+03 3.867000000000000000e+03
8.000000000000000000e+01 1.000000000000000000e+00 4.000000000000000000e+00 5.000000000000000000e+00 7.986325969670503139e+08 7.791598358793212175e+08 1.043556331175894380e+09 1.043195283548219562e+09 1.860871119499206543e+02 4.046000000000000000e+03 3.998000000000000000e+03
