# run number, exp fac, ti calc, ti opt, aep init calc (kW), aep init opt (kW), aep run calc (kW), aep run opt (kW), run time (s), obj func calls, sens func calls
1.130000000000000000e+02 3.000000000000000000e+00 4.000000000000000000e+00 0.000000000000000000e+00 8.379626029229221344e+08 8.168913874975209236e+08 9.648979499968519211e+08 6.040112277955563068e+08 1.376100762128829956e+03 8.420000000000000000e+02 8.370000000000000000e+02
1.130000000000000000e+02 2.750000000000000000e+00 4.000000000000000000e+00 0.000000000000000000e+00 8.379626029229221344e+08 8.168913874975209236e+08 9.695905964351396561e+08 6.406008815687960386e+08 1.654018280506134033e+02 9.490000000000000000e+02 9.390000000000000000e+02
1.130000000000000000e+02 2.500000000000000000e+00 4.000000000000000000e+00 0.000000000000000000e+00 8.379626029229221344e+08 8.168913874975209236e+08 9.838974658210533857e+08 6.819364368935415745e+08 3.876332178115844727e+02 1.195000000000000000e+03 1.180000000000000000e+03
1.130000000000000000e+02 2.250000000000000000e+00 4.000000000000000000e+00 0.000000000000000000e+00 8.379626029229221344e+08 8.168913874975209236e+08 1.000538015720752239e+09 7.280858108826978207e+08 8.481550383567810059e+01 1.251000000000000000e+03 1.232000000000000000e+03
1.130000000000000000e+02 2.000000000000000000e+00 4.000000000000000000e+00 0.000000000000000000e+00 8.379626029229221344e+08 8.168913874975209236e+08 1.005349210707083941e+09 7.806994023097101450e+08 6.556206893920898438e+01 1.295000000000000000e+03 1.272000000000000000e+03
1.130000000000000000e+02 1.750000000000000000e+00 4.000000000000000000e+00 0.000000000000000000e+00 8.379626029229221344e+08 8.168913874975209236e+08 1.020501723742304921e+09 8.401483094660153389e+08 3.113436379432678223e+02 1.493000000000000000e+03 1.465000000000000000e+03
1.130000000000000000e+02 1.500000000000000000e+00 4.000000000000000000e+00 0.000000000000000000e+00 8.379626029229221344e+08 8.168913874975209236e+08 1.029493636949162960e+09 9.063489062170702219e+08 6.955904760360717773e+02 1.924000000000000000e+03 1.892000000000000000e+03
1.130000000000000000e+02 1.250000000000000000e+00 4.000000000000000000e+00 0.000000000000000000e+00 8.379626029229221344e+08 8.168913874975209236e+08 1.042363739339359879e+09 9.775712520526047945e+08 1.509943699836730957e+02 2.020000000000000000e+03 1.984000000000000000e+03
1.130000000000000000e+02 1.000000000000000000e+00 4.000000000000000000e+00 0.000000000000000000e+00 8.379626029229221344e+08 8.168913874975209236e+08 1.046081235826300144e+09 1.047087467970127463e+09 1.322718591690063477e+02 2.104000000000000000e+03 2.064000000000000000e+03
1.130000000000000000e+02 1.000000000000000000e+00 4.000000000000000000e+00 5.000000000000000000e+00 8.379626029229221344e+08 8.168913874975209236e+08 1.046194105102823019e+09 1.045600617461977959e+09 7.595734500885009766e+01 2.153000000000000000e+03 2.109000000000000000e+03
