# run number, exp fac, ti calc, ti opt, aep init calc (kW), aep init opt (kW), aep run calc (kW), aep run opt (kW), run time (s), obj func calls, sens func calls
1.690000000000000000e+02 3.000000000000000000e+00 4.000000000000000000e+00 0.000000000000000000e+00 8.519451778872027397e+08 8.364795862430399656e+08 9.601672535348262787e+08 6.070655529911063910e+08 2.169874401092529297e+03 1.252000000000000000e+03 1.247000000000000000e+03
1.690000000000000000e+02 2.750000000000000000e+00 4.000000000000000000e+00 0.000000000000000000e+00 8.519451778872027397e+08 8.364795862430399656e+08 9.755576722300318480e+08 6.432513533531131744e+08 5.434115889072418213e+02 1.576000000000000000e+03 1.566000000000000000e+03
1.690000000000000000e+02 2.500000000000000000e+00 4.000000000000000000e+00 0.000000000000000000e+00 8.519451778872027397e+08 8.364795862430399656e+08 1.000264085379905820e+09 6.846516359388319254e+08 1.654800381898880005e+03 2.557000000000000000e+03 2.542000000000000000e+03
1.690000000000000000e+02 2.250000000000000000e+00 4.000000000000000000e+00 0.000000000000000000e+00 8.519451778872027397e+08 8.364795862430399656e+08 1.005167783611468196e+09 7.309714253181946278e+08 4.214381759166717529e+02 2.827000000000000000e+03 2.807000000000000000e+03
1.690000000000000000e+02 2.000000000000000000e+00 4.000000000000000000e+00 0.000000000000000000e+00 8.519451778872027397e+08 8.364795862430399656e+08 1.011261500148036122e+09 7.832010341860433817e+08 6.270569992065429688e+01 2.874000000000000000e+03 2.850000000000000000e+03
1.690000000000000000e+02 1.750000000000000000e+00 4.000000000000000000e+00 0.000000000000000000e+00 8.519451778872027397e+08 8.364795862430399656e+08 1.015489757166901112e+09 8.411889746303099394e+08 2.709835138320922852e+02 3.063000000000000000e+03 3.034000000000000000e+03
1.690000000000000000e+02 1.500000000000000000e+00 4.000000000000000000e+00 0.000000000000000000e+00 8.519451778872027397e+08 8.364795862430399656e+08 1.032546165773550034e+09 9.046665442600616217e+08 1.093182120323181152e+02 3.140000000000000000e+03 3.107000000000000000e+03
1.690000000000000000e+02 1.250000000000000000e+00 4.000000000000000000e+00 0.000000000000000000e+00 8.519451778872027397e+08 8.364795862430399656e+08 1.041677146353879690e+09 9.757900095233246088e+08 9.039708614349365234e+01 3.205000000000000000e+03 3.168000000000000000e+03
1.690000000000000000e+02 1.000000000000000000e+00 4.000000000000000000e+00 0.000000000000000000e+00 8.519451778872027397e+08 8.364795862430399656e+08 1.043176143358462214e+09 1.043880663100401282e+09 1.254124917984008789e+02 3.295000000000000000e+03 3.254000000000000000e+03
1.690000000000000000e+02 1.000000000000000000e+00 4.000000000000000000e+00 5.000000000000000000e+00 8.519451778872027397e+08 8.364795862430399656e+08 1.043257874308238983e+09 1.042529465452098966e+09 8.883816194534301758e+01 3.358000000000000000e+03 3.313000000000000000e+03
