# run number, exp fac, ti calc, ti opt, aep init calc (kW), aep init opt (kW), aep run calc (kW), aep run opt (kW), run time (s), obj func calls, sens func calls
2.900000000000000000e+01 3.000000000000000000e+00 4.000000000000000000e+00 0.000000000000000000e+00 8.684423135368735790e+08 8.477081694869778156e+08 9.687945384009051323e+08 5.997986155206077099e+08 1.180923233985900879e+03 6.700000000000000000e+02 6.650000000000000000e+02
2.900000000000000000e+01 2.750000000000000000e+00 4.000000000000000000e+00 0.000000000000000000e+00 8.684423135368735790e+08 8.477081694869778156e+08 9.729871112332414389e+08 6.365343307641254663e+08 8.719924271106719971e+02 1.170000000000000000e+03 1.160000000000000000e+03
2.900000000000000000e+01 2.500000000000000000e+00 4.000000000000000000e+00 0.000000000000000000e+00 8.684423135368735790e+08 8.477081694869778156e+08 9.850391965451010466e+08 6.771837731424952745e+08 6.290907840728759766e+02 1.529000000000000000e+03 1.514000000000000000e+03
2.900000000000000000e+01 2.250000000000000000e+00 4.000000000000000000e+00 0.000000000000000000e+00 8.684423135368735790e+08 8.477081694869778156e+08 9.924760242654377222e+08 7.230829754478152990e+08 4.434660379886627197e+02 1.783000000000000000e+03 1.763000000000000000e+03
2.900000000000000000e+01 2.000000000000000000e+00 4.000000000000000000e+00 0.000000000000000000e+00 8.684423135368735790e+08 8.477081694869778156e+08 1.008399911859514952e+09 7.748044625532736778e+08 5.946061110496520996e+02 2.127000000000000000e+03 2.102000000000000000e+03
2.900000000000000000e+01 1.750000000000000000e+00 4.000000000000000000e+00 0.000000000000000000e+00 8.684423135368735790e+08 8.477081694869778156e+08 1.024669098353158951e+09 8.338490313165555000e+08 2.529496798515319824e+02 2.274000000000000000e+03 2.244000000000000000e+03
2.900000000000000000e+01 1.500000000000000000e+00 4.000000000000000000e+00 0.000000000000000000e+00 8.684423135368735790e+08 8.477081694869778156e+08 1.036296817345992327e+09 9.021003541271100044e+08 9.840911197662353516e+01 2.335000000000000000e+03 2.301000000000000000e+03
2.900000000000000000e+01 1.250000000000000000e+00 4.000000000000000000e+00 0.000000000000000000e+00 8.684423135368735790e+08 8.477081694869778156e+08 1.041204601308029056e+09 9.750956416067051888e+08 9.517360877990722656e+01 2.405000000000000000e+03 2.367000000000000000e+03
2.900000000000000000e+01 1.000000000000000000e+00 4.000000000000000000e+00 0.000000000000000000e+00 8.684423135368735790e+08 8.477081694869778156e+08 1.043226735459314346e+09 1.044368205585835338e+09 1.695686960220336914e+02 2.528000000000000000e+03 2.486000000000000000e+03
2.900000000000000000e+01 1.000000000000000000e+00 4.000000000000000000e+00 5.000000000000000000e+00 8.684423135368735790e+08 8.477081694869778156e+08 1.044804897230167985e+09 1.044713608613662362e+09 1.768716070652008057e+02 2.654000000000000000e+03 2.608000000000000000e+03
