# run number, exp fac, ti calc, ti opt, aep init calc (kW), aep init opt (kW), aep run calc (kW), aep run opt (kW), run time (s), obj func calls, sens func calls
6.000000000000000000e+01 3.000000000000000000e+00 4.000000000000000000e+00 0.000000000000000000e+00 8.463994723831051588e+08 8.295715139753148556e+08 9.620211071933720112e+08 6.038962224931490421e+08 1.769937638998031616e+03 6.230000000000000000e+02 6.180000000000000000e+02
6.000000000000000000e+01 2.750000000000000000e+00 4.000000000000000000e+00 0.000000000000000000e+00 8.463994723831051588e+08 8.295715139753148556e+08 9.666406636655782461e+08 6.403334163467397690e+08 4.512571220397949219e+02 7.900000000000000000e+02 7.800000000000000000e+02
6.000000000000000000e+01 2.500000000000000000e+00 4.000000000000000000e+00 0.000000000000000000e+00 8.463994723831051588e+08 8.295715139753148556e+08 9.818123485151702166e+08 6.808626795442601442e+08 1.151526788949966431e+03 1.209000000000000000e+03 1.194000000000000000e+03
6.000000000000000000e+01 2.250000000000000000e+00 4.000000000000000000e+00 0.000000000000000000e+00 8.463994723831051588e+08 8.295715139753148556e+08 9.938100321702419519e+08 7.270221417317999601e+08 8.049100160598754883e+02 1.505000000000000000e+03 1.485000000000000000e+03
6.000000000000000000e+01 2.000000000000000000e+00 4.000000000000000000e+00 0.000000000000000000e+00 8.463994723831051588e+08 8.295715139753148556e+08 1.003479476711993814e+09 7.792184590533860922e+08 2.940581681728363037e+02 1.616000000000000000e+03 1.591000000000000000e+03
6.000000000000000000e+01 1.750000000000000000e+00 4.000000000000000000e+00 0.000000000000000000e+00 8.463994723831051588e+08 8.295715139753148556e+08 1.018396898639414549e+09 8.389607968656249046e+08 1.131318799972534180e+03 2.037000000000000000e+03 2.007000000000000000e+03
6.000000000000000000e+01 1.500000000000000000e+00 4.000000000000000000e+00 0.000000000000000000e+00 8.463994723831051588e+08 8.295715139753148556e+08 1.031918483222703934e+09 9.052905896763112545e+08 4.611993658542633057e+02 2.215000000000000000e+03 2.180000000000000000e+03
6.000000000000000000e+01 1.250000000000000000e+00 4.000000000000000000e+00 0.000000000000000000e+00 8.463994723831051588e+08 8.295715139753148556e+08 1.044839520041231751e+09 9.786143267292133570e+08 1.851658041477203369e+02 2.286000000000000000e+03 2.247000000000000000e+03
6.000000000000000000e+01 1.000000000000000000e+00 4.000000000000000000e+00 0.000000000000000000e+00 8.463994723831051588e+08 8.295715139753148556e+08 1.048213845932779789e+09 1.049566204736655831e+09 2.127148199081420898e+02 2.372000000000000000e+03 2.329000000000000000e+03
6.000000000000000000e+01 1.000000000000000000e+00 4.000000000000000000e+00 5.000000000000000000e+00 8.463994723831051588e+08 8.295715139753148556e+08 1.048348272787515521e+09 1.047942435171101570e+09 1.914895308017730713e+02 2.428000000000000000e+03 2.381000000000000000e+03
