# run number, exp fac, ti calc, ti opt, aep init calc (kW), aep init opt (kW), aep run calc (kW), aep run opt (kW), run time (s), obj func calls, sens func calls
8.400000000000000000e+01 3.000000000000000000e+00 4.000000000000000000e+00 0.000000000000000000e+00 8.640404867682110071e+08 8.494433568275605440e+08 9.619390252891634703e+08 6.039844808688095808e+08 1.591944744110107422e+03 9.670000000000000000e+02 9.620000000000000000e+02
8.400000000000000000e+01 2.750000000000000000e+00 4.000000000000000000e+00 0.000000000000000000e+00 8.640404867682110071e+08 8.494433568275605440e+08 9.673893292575850487e+08 6.401355060974946022e+08 5.693929610252380371e+02 1.315000000000000000e+03 1.305000000000000000e+03
8.400000000000000000e+01 2.500000000000000000e+00 4.000000000000000000e+00 0.000000000000000000e+00 8.640404867682110071e+08 8.494433568275605440e+08 9.804406641959114075e+08 6.815521282840452194e+08 3.448654808998107910e+02 1.531000000000000000e+03 1.516000000000000000e+03
8.400000000000000000e+01 2.250000000000000000e+00 4.000000000000000000e+00 0.000000000000000000e+00 8.640404867682110071e+08 8.494433568275605440e+08 9.914219956292304993e+08 7.269160740404610634e+08 6.596599197387695312e+01 1.575000000000000000e+03 1.556000000000000000e+03
8.400000000000000000e+01 2.000000000000000000e+00 4.000000000000000000e+00 0.000000000000000000e+00 8.640404867682110071e+08 8.494433568275605440e+08 1.008149241296918750e+09 7.785766835774213076e+08 2.079004790782928467e+02 1.705000000000000000e+03 1.681000000000000000e+03
8.400000000000000000e+01 1.750000000000000000e+00 4.000000000000000000e+00 0.000000000000000000e+00 8.640404867682110071e+08 8.494433568275605440e+08 1.018101010421732426e+09 8.372175049436631203e+08 6.014322929382324219e+02 2.074000000000000000e+03 2.045000000000000000e+03
8.400000000000000000e+01 1.500000000000000000e+00 4.000000000000000000e+00 0.000000000000000000e+00 8.640404867682110071e+08 8.494433568275605440e+08 1.031510980513284445e+09 9.028611685554563999e+08 1.071692290306091309e+02 2.142000000000000000e+03 2.109000000000000000e+03
8.400000000000000000e+01 1.250000000000000000e+00 4.000000000000000000e+00 0.000000000000000000e+00 8.640404867682110071e+08 8.494433568275605440e+08 1.038847726445440769e+09 9.736566946569212675e+08 9.568571209907531738e+01 2.203000000000000000e+03 2.166000000000000000e+03
8.400000000000000000e+01 1.000000000000000000e+00 4.000000000000000000e+00 0.000000000000000000e+00 8.640404867682110071e+08 8.494433568275605440e+08 1.040567103560390234e+09 1.040982461929801702e+09 1.426985359191894531e+02 2.293000000000000000e+03 2.252000000000000000e+03
8.400000000000000000e+01 1.000000000000000000e+00 4.000000000000000000e+00 5.000000000000000000e+00 8.640404867682110071e+08 8.494433568275605440e+08 1.040707377909361959e+09 1.039775211820579171e+09 8.204573583602905273e+01 2.345000000000000000e+03 2.300000000000000000e+03
