# run number, exp fac, ti calc, ti opt, aep init calc (kW), aep init opt (kW), aep run calc (kW), aep run opt (kW), run time (s), obj func calls, sens func calls
4.200000000000000000e+01 3.000000000000000000e+00 4.000000000000000000e+00 0.000000000000000000e+00 8.664828336407316923e+08 8.508617747999444008e+08 9.710759772863540649e+08 6.082127062204849720e+08 1.433972453117370605e+03 6.280000000000000000e+02 6.230000000000000000e+02
4.200000000000000000e+01 2.750000000000000000e+00 4.000000000000000000e+00 0.000000000000000000e+00 8.664828336407316923e+08 8.508617747999444008e+08 9.801837323855795860e+08 6.445922063312162161e+08 1.150056137800216675e+03 1.146000000000000000e+03 1.136000000000000000e+03
4.200000000000000000e+01 2.500000000000000000e+00 4.000000000000000000e+00 0.000000000000000000e+00 8.664828336407316923e+08 8.508617747999444008e+08 9.933243668491444588e+08 6.853065398186918497e+08 6.471629991531372070e+02 1.442000000000000000e+03 1.427000000000000000e+03
4.200000000000000000e+01 2.250000000000000000e+00 4.000000000000000000e+00 0.000000000000000000e+00 8.664828336407316923e+08 8.508617747999444008e+08 1.004439135387115479e+09 7.315290021570976973e+08 4.779012370109558105e+02 1.662000000000000000e+03 1.642000000000000000e+03
4.200000000000000000e+01 2.000000000000000000e+00 4.000000000000000000e+00 0.000000000000000000e+00 8.664828336407316923e+08 8.508617747999444008e+08 1.017026603330173373e+09 7.844694220829640627e+08 4.544238259792327881e+02 1.872000000000000000e+03 1.847000000000000000e+03
4.200000000000000000e+01 1.750000000000000000e+00 4.000000000000000000e+00 0.000000000000000000e+00 8.664828336407316923e+08 8.508617747999444008e+08 1.020355243976199865e+09 8.445057290014321804e+08 4.061972098350524902e+02 2.060000000000000000e+03 2.030000000000000000e+03
4.200000000000000000e+01 1.500000000000000000e+00 4.000000000000000000e+00 0.000000000000000000e+00 8.664828336407316923e+08 8.508617747999444008e+08 1.031197498664048672e+09 9.096317904298541546e+08 3.413145780563354492e+02 2.219000000000000000e+03 2.184000000000000000e+03
4.200000000000000000e+01 1.250000000000000000e+00 4.000000000000000000e+00 0.000000000000000000e+00 8.664828336407316923e+08 8.508617747999444008e+08 1.042426777077688098e+09 9.787297629734355211e+08 1.433281140327453613e+02 2.287000000000000000e+03 2.248000000000000000e+03
4.200000000000000000e+01 1.000000000000000000e+00 4.000000000000000000e+00 0.000000000000000000e+00 8.664828336407316923e+08 8.508617747999444008e+08 1.046281165555486083e+09 1.047565258389162660e+09 3.268555629253387451e+02 2.438000000000000000e+03 2.395000000000000000e+03
4.200000000000000000e+01 1.000000000000000000e+00 4.000000000000000000e+00 5.000000000000000000e+00 8.664828336407316923e+08 8.508617747999444008e+08 1.046368865679873347e+09 1.046139617324812770e+09 9.144913911819458008e+01 2.483000000000000000e+03 2.436000000000000000e+03
