# run number, exp fac, ti calc, ti opt, aep init calc (kW), aep init opt (kW), aep run calc (kW), aep run opt (kW), run time (s), obj func calls, sens func calls
1.240000000000000000e+02 3.000000000000000000e+00 4.000000000000000000e+00 0.000000000000000000e+00 8.101271299785375595e+08 7.891953151325373650e+08 9.631387645166176558e+08 6.111491809935114384e+08 2.933117689847946167e+03 1.701000000000000000e+03 1.696000000000000000e+03
1.240000000000000000e+02 2.750000000000000000e+00 4.000000000000000000e+00 0.000000000000000000e+00 8.101271299785375595e+08 7.891953151325373650e+08 9.782809670657130480e+08 6.471429984247212410e+08 6.346479589939117432e+02 2.076000000000000000e+03 2.066000000000000000e+03
1.240000000000000000e+02 2.500000000000000000e+00 4.000000000000000000e+00 0.000000000000000000e+00 8.101271299785375595e+08 7.891953151325373650e+08 9.872306539024164677e+08 6.870354857271091938e+08 4.495209040641784668e+02 2.405000000000000000e+03 2.390000000000000000e+03
1.240000000000000000e+02 2.250000000000000000e+00 4.000000000000000000e+00 0.000000000000000000e+00 8.101271299785375595e+08 7.891953151325373650e+08 9.961459759697257280e+08 7.314238707634253502e+08 5.942545750141143799e+02 2.844000000000000000e+03 2.824000000000000000e+03
1.240000000000000000e+02 2.000000000000000000e+00 4.000000000000000000e+00 0.000000000000000000e+00 8.101271299785375595e+08 7.891953151325373650e+08 1.007625164495929480e+09 7.817885622174715996e+08 1.928103051185607910e+02 2.990000000000000000e+03 2.965000000000000000e+03
1.240000000000000000e+02 1.750000000000000000e+00 4.000000000000000000e+00 0.000000000000000000e+00 8.101271299785375595e+08 7.891953151325373650e+08 1.010789085864522099e+09 8.378890854854183197e+08 2.156565339565277100e+02 3.153000000000000000e+03 3.123000000000000000e+03
1.240000000000000000e+02 1.500000000000000000e+00 4.000000000000000000e+00 0.000000000000000000e+00 8.101271299785375595e+08 7.891953151325373650e+08 1.028650299506140471e+09 9.017360325664874315e+08 2.843046319484710693e+02 3.366000000000000000e+03 3.331000000000000000e+03
1.240000000000000000e+02 1.250000000000000000e+00 4.000000000000000000e+00 0.000000000000000000e+00 8.101271299785375595e+08 7.891953151325373650e+08 1.039878062710223436e+09 9.736980577386318445e+08 1.859442617893218994e+02 3.506000000000000000e+03 3.467000000000000000e+03
1.240000000000000000e+02 1.000000000000000000e+00 4.000000000000000000e+00 0.000000000000000000e+00 8.101271299785375595e+08 7.891953151325373650e+08 1.041460865509345531e+09 1.042250218128044724e+09 1.434858469963073730e+02 3.615000000000000000e+03 3.572000000000000000e+03
1.240000000000000000e+02 1.000000000000000000e+00 4.000000000000000000e+00 5.000000000000000000e+00 8.101271299785375595e+08 7.891953151325373650e+08 1.041568790642473221e+09 1.040921198696631312e+09 7.560847711563110352e+01 3.673000000000000000e+03 3.626000000000000000e+03
