# run number, exp fac, ti calc, ti opt, aep init calc (kW), aep init opt (kW), aep run calc (kW), aep run opt (kW), run time (s), obj func calls, sens func calls
9.100000000000000000e+01 3.000000000000000000e+00 4.000000000000000000e+00 0.000000000000000000e+00 8.658513153807935715e+08 8.517057790747063160e+08 9.709340923923981190e+08 6.120706563039983511e+08 1.075561498880386353e+03 6.790000000000000000e+02 6.740000000000000000e+02
9.100000000000000000e+01 2.750000000000000000e+00 4.000000000000000000e+00 0.000000000000000000e+00 8.658513153807935715e+08 8.517057790747063160e+08 9.740530011871113777e+08 6.482603391195360422e+08 4.257213969230651855e+02 9.510000000000000000e+02 9.410000000000000000e+02
9.100000000000000000e+01 2.500000000000000000e+00 4.000000000000000000e+00 0.000000000000000000e+00 8.658513153807935715e+08 8.517057790747063160e+08 9.769037326707384586e+08 6.877816935469402075e+08 1.500914621353149414e+02 1.050000000000000000e+03 1.035000000000000000e+03
9.100000000000000000e+01 2.250000000000000000e+00 4.000000000000000000e+00 0.000000000000000000e+00 8.658513153807935715e+08 8.517057790747063160e+08 9.827744687386103868e+08 7.311556791499644518e+08 2.848763160705566406e+02 1.233000000000000000e+03 1.213000000000000000e+03
9.100000000000000000e+01 2.000000000000000000e+00 4.000000000000000000e+00 0.000000000000000000e+00 8.658513153807935715e+08 8.517057790747063160e+08 1.009839686441099167e+09 7.823943648827182055e+08 4.390905652046203613e+02 1.509000000000000000e+03 1.484000000000000000e+03
9.100000000000000000e+01 1.750000000000000000e+00 4.000000000000000000e+00 0.000000000000000000e+00 8.658513153807935715e+08 8.517057790747063160e+08 1.014829903344200015e+09 8.404790746126419306e+08 1.309021821022033691e+02 1.594000000000000000e+03 1.565000000000000000e+03
9.100000000000000000e+01 1.500000000000000000e+00 4.000000000000000000e+00 0.000000000000000000e+00 8.658513153807935715e+08 8.517057790747063160e+08 1.030077077856186986e+09 9.043223361084991693e+08 1.136108310222625732e+02 1.668000000000000000e+03 1.635000000000000000e+03
9.100000000000000000e+01 1.250000000000000000e+00 4.000000000000000000e+00 0.000000000000000000e+00 8.658513153807935715e+08 8.517057790747063160e+08 1.038158768667585135e+09 9.743873655904966593e+08 1.942830071449279785e+02 1.813000000000000000e+03 1.775000000000000000e+03
9.100000000000000000e+01 1.000000000000000000e+00 4.000000000000000000e+00 0.000000000000000000e+00 8.658513153807935715e+08 8.517057790747063160e+08 1.040938604001773000e+09 1.041375178304805636e+09 1.380964939594268799e+02 1.926000000000000000e+03 1.884000000000000000e+03
9.100000000000000000e+01 1.000000000000000000e+00 4.000000000000000000e+00 5.000000000000000000e+00 8.658513153807935715e+08 8.517057790747063160e+08 1.041010004539748311e+09 1.040115059417576075e+09 9.242247104644775391e+01 2.004000000000000000e+03 1.958000000000000000e+03
