# run number, exp fac, ti calc, ti opt, aep init calc (kW), aep init opt (kW), aep run calc (kW), aep run opt (kW), run time (s), obj func calls, sens func calls
1.780000000000000000e+02 3.000000000000000000e+00 4.000000000000000000e+00 0.000000000000000000e+00 8.247927148533897400e+08 8.042799956115829945e+08 9.625832168039028645e+08 6.067478847478805780e+08 1.897258032083511353e+03 1.074000000000000000e+03 1.069000000000000000e+03
1.780000000000000000e+02 2.750000000000000000e+00 4.000000000000000000e+00 0.000000000000000000e+00 8.247927148533897400e+08 8.042799956115829945e+08 9.666424859248329401e+08 6.426944952060710192e+08 4.041145069599151611e+02 1.311000000000000000e+03 1.301000000000000000e+03
1.780000000000000000e+02 2.500000000000000000e+00 4.000000000000000000e+00 0.000000000000000000e+00 8.247927148533897400e+08 8.042799956115829945e+08 9.717810674290215969e+08 6.820985524372187853e+08 7.772473721504211426e+02 1.765000000000000000e+03 1.750000000000000000e+03
1.780000000000000000e+02 2.250000000000000000e+00 4.000000000000000000e+00 0.000000000000000000e+00 8.247927148533897400e+08 8.042799956115829945e+08 9.947187649143062830e+08 7.273315795175395012e+08 4.205609548091888428e+02 2.058000000000000000e+03 2.038000000000000000e+03
1.780000000000000000e+02 2.000000000000000000e+00 4.000000000000000000e+00 0.000000000000000000e+00 8.247927148533897400e+08 8.042799956115829945e+08 1.011516625386480093e+09 7.794061396521800756e+08 2.133843858242034912e+02 2.214000000000000000e+03 2.189000000000000000e+03
1.780000000000000000e+02 1.750000000000000000e+00 4.000000000000000000e+00 0.000000000000000000e+00 8.247927148533897400e+08 8.042799956115829945e+08 1.014297986108239770e+09 8.383775555659856796e+08 1.830744919776916504e+02 2.348000000000000000e+03 2.318000000000000000e+03
1.780000000000000000e+02 1.500000000000000000e+00 4.000000000000000000e+00 0.000000000000000000e+00 8.247927148533897400e+08 8.042799956115829945e+08 1.026074870337832332e+09 9.043166248163458109e+08 6.809260919094085693e+02 2.824000000000000000e+03 2.790000000000000000e+03
1.780000000000000000e+02 1.250000000000000000e+00 4.000000000000000000e+00 0.000000000000000000e+00 8.247927148533897400e+08 8.042799956115829945e+08 1.036707771559163570e+09 9.737071142843222618e+08 2.180057609081268311e+02 2.980000000000000000e+03 2.941000000000000000e+03
1.780000000000000000e+02 1.000000000000000000e+00 4.000000000000000000e+00 0.000000000000000000e+00 8.247927148533897400e+08 8.042799956115829945e+08 1.041542936308465838e+09 1.041966986916789293e+09 1.659412639141082764e+02 3.098000000000000000e+03 3.055000000000000000e+03
1.780000000000000000e+02 1.000000000000000000e+00 4.000000000000000000e+00 5.000000000000000000e+00 8.247927148533897400e+08 8.042799956115829945e+08 1.042831479140957475e+09 1.041850177559355259e+09 2.091836798191070557e+02 3.246000000000000000e+03 3.199000000000000000e+03
