# run number, exp fac, ti calc, ti opt, aep init calc (kW), aep init opt (kW), aep run calc (kW), aep run opt (kW), run time (s), obj func calls, sens func calls
1.800000000000000000e+01 3.000000000000000000e+00 4.000000000000000000e+00 0.000000000000000000e+00 8.081747523021608591e+08 7.879396041077604294e+08 9.583611060781594515e+08 6.066373221828913689e+08 2.339337532997131348e+03 8.120000000000000000e+02 8.070000000000000000e+02
1.800000000000000000e+01 2.750000000000000000e+00 4.000000000000000000e+00 0.000000000000000000e+00 8.081747523021608591e+08 7.879396041077604294e+08 9.684492566531587839e+08 6.426192944388953447e+08 7.222959730625152588e+02 1.084000000000000000e+03 1.074000000000000000e+03
1.800000000000000000e+01 2.500000000000000000e+00 4.000000000000000000e+00 0.000000000000000000e+00 8.081747523021608591e+08 7.879396041077604294e+08 9.733191059064128399e+08 6.820885399754334688e+08 6.811725480556488037e+02 1.339000000000000000e+03 1.324000000000000000e+03
1.800000000000000000e+01 2.250000000000000000e+00 4.000000000000000000e+00 0.000000000000000000e+00 8.081747523021608591e+08 7.879396041077604294e+08 9.848526744517744780e+08 7.265558998886451721e+08 2.745299370288848877e+02 1.446000000000000000e+03 1.426000000000000000e+03
1.800000000000000000e+01 2.000000000000000000e+00 4.000000000000000000e+00 0.000000000000000000e+00 8.081747523021608591e+08 7.879396041077604294e+08 1.003560850544005632e+09 7.765911758279656172e+08 1.393156393051147461e+03 1.960000000000000000e+03 1.935000000000000000e+03
1.800000000000000000e+01 1.750000000000000000e+00 4.000000000000000000e+00 0.000000000000000000e+00 8.081747523021608591e+08 7.879396041077604294e+08 1.011537179904485703e+09 8.339636242796607018e+08 2.069659829139709473e+02 2.043000000000000000e+03 2.014000000000000000e+03
1.800000000000000000e+01 1.500000000000000000e+00 4.000000000000000000e+00 0.000000000000000000e+00 8.081747523021608591e+08 7.879396041077604294e+08 1.029357893680913329e+09 8.987822862500087023e+08 4.609038779735565186e+02 2.227000000000000000e+03 2.193000000000000000e+03
1.800000000000000000e+01 1.250000000000000000e+00 4.000000000000000000e+00 0.000000000000000000e+00 8.081747523021608591e+08 7.879396041077604294e+08 1.035414487225979686e+09 9.698742200261431932e+08 8.027840390205383301e+02 2.643000000000000000e+03 2.604000000000000000e+03
1.800000000000000000e+01 1.000000000000000000e+00 4.000000000000000000e+00 0.000000000000000000e+00 8.081747523021608591e+08 7.879396041077604294e+08 1.037170177632193446e+09 1.038025457574394345e+09 1.987897789478302002e+02 2.755000000000000000e+03 2.712000000000000000e+03
1.800000000000000000e+01 1.000000000000000000e+00 4.000000000000000000e+00 5.000000000000000000e+00 8.081747523021608591e+08 7.879396041077604294e+08 1.037234707868447304e+09 1.036639237193037987e+09 1.663491160869598389e+02 2.848000000000000000e+03 2.801000000000000000e+03
