# run number, exp fac, ti calc, ti opt, aep init calc (kW), aep init opt (kW), aep run calc (kW), aep run opt (kW), run time (s), obj func calls, sens func calls
1.280000000000000000e+02 3.000000000000000000e+00 4.000000000000000000e+00 0.000000000000000000e+00 8.365121801022435427e+08 8.177303554073896408e+08 9.720940515261514187e+08 6.084144731193971634e+08 2.074694278001785278e+03 1.236000000000000000e+03 1.231000000000000000e+03
1.280000000000000000e+02 2.750000000000000000e+00 4.000000000000000000e+00 0.000000000000000000e+00 8.365121801022435427e+08 8.177303554073896408e+08 9.766216204158892632e+08 6.446873613594667912e+08 3.115145189762115479e+02 1.433000000000000000e+03 1.423000000000000000e+03
1.280000000000000000e+02 2.500000000000000000e+00 4.000000000000000000e+00 0.000000000000000000e+00 8.365121801022435427e+08 8.177303554073896408e+08 9.789204739312114716e+08 6.847072255825748444e+08 2.093746020793914795e+02 1.567000000000000000e+03 1.552000000000000000e+03
1.280000000000000000e+02 2.250000000000000000e+00 4.000000000000000000e+00 0.000000000000000000e+00 8.365121801022435427e+08 8.177303554073896408e+08 9.936599593283283710e+08 7.293110190561150312e+08 3.907157208919525146e+02 1.815000000000000000e+03 1.795000000000000000e+03
1.280000000000000000e+02 2.000000000000000000e+00 4.000000000000000000e+00 0.000000000000000000e+00 8.365121801022435427e+08 8.177303554073896408e+08 1.009905134712407947e+09 7.809095418078793287e+08 6.090903220176696777e+02 2.201000000000000000e+03 2.176000000000000000e+03
1.280000000000000000e+02 1.750000000000000000e+00 4.000000000000000000e+00 0.000000000000000000e+00 8.365121801022435427e+08 8.177303554073896408e+08 1.023474943092601418e+09 8.393539597484339476e+08 2.215759849548339844e+02 2.343000000000000000e+03 2.313000000000000000e+03
1.280000000000000000e+02 1.500000000000000000e+00 4.000000000000000000e+00 0.000000000000000000e+00 8.365121801022435427e+08 8.177303554073896408e+08 1.032515446060604572e+09 9.054456884991233349e+08 2.038412392139434814e+02 2.479000000000000000e+03 2.444000000000000000e+03
1.280000000000000000e+02 1.250000000000000000e+00 4.000000000000000000e+00 0.000000000000000000e+00 8.365121801022435427e+08 8.177303554073896408e+08 1.041446017866753697e+09 9.768085577936977148e+08 1.029086132049560547e+02 2.549000000000000000e+03 2.510000000000000000e+03
1.280000000000000000e+02 1.000000000000000000e+00 4.000000000000000000e+00 0.000000000000000000e+00 8.365121801022435427e+08 8.177303554073896408e+08 1.042785352533316374e+09 1.043720205831312656e+09 1.774625439643859863e+02 2.668000000000000000e+03 2.625000000000000000e+03
1.280000000000000000e+02 1.000000000000000000e+00 4.000000000000000000e+00 5.000000000000000000e+00 8.365121801022435427e+08 8.177303554073896408e+08 1.042880630285277247e+09 1.042334515693506002e+09 1.209462339878082275e+02 2.747000000000000000e+03 2.700000000000000000e+03
