# run number, exp fac, ti calc, ti opt, aep init calc (kW), aep init opt (kW), aep run calc (kW), aep run opt (kW), run time (s), obj func calls, sens func calls
9.400000000000000000e+01 3.000000000000000000e+00 4.000000000000000000e+00 0.000000000000000000e+00 8.391614823150572777e+08 8.193162048332467079e+08 9.648716338475699425e+08 6.076648165329425335e+08 1.336541392087936401e+03 5.790000000000000000e+02 5.740000000000000000e+02
9.400000000000000000e+01 2.750000000000000000e+00 4.000000000000000000e+00 0.000000000000000000e+00 8.391614823150572777e+08 8.193162048332467079e+08 9.741497819484511614e+08 6.438963099083425999e+08 6.118168020248413086e+02 8.540000000000000000e+02 8.440000000000000000e+02
9.400000000000000000e+01 2.500000000000000000e+00 4.000000000000000000e+00 0.000000000000000000e+00 8.391614823150572777e+08 8.193162048332467079e+08 9.806103417154774666e+08 6.838487480899369717e+08 3.036998438835144043e+02 9.930000000000000000e+02 9.780000000000000000e+02
9.400000000000000000e+01 2.250000000000000000e+00 4.000000000000000000e+00 0.000000000000000000e+00 8.391614823150572777e+08 8.193162048332467079e+08 9.917975796642303467e+08 7.286811401025141478e+08 3.892918300628662109e+02 1.168000000000000000e+03 1.148000000000000000e+03
9.400000000000000000e+01 2.000000000000000000e+00 4.000000000000000000e+00 0.000000000000000000e+00 8.391614823150572777e+08 8.193162048332467079e+08 1.006415157368454695e+09 7.797112332974143028e+08 5.938991751670837402e+02 1.436000000000000000e+03 1.411000000000000000e+03
9.400000000000000000e+01 1.750000000000000000e+00 4.000000000000000000e+00 0.000000000000000000e+00 8.391614823150572777e+08 8.193162048332467079e+08 1.013762458876200199e+09 8.376087579345146418e+08 6.350923240184783936e+02 1.722000000000000000e+03 1.692000000000000000e+03
9.400000000000000000e+01 1.500000000000000000e+00 4.000000000000000000e+00 0.000000000000000000e+00 8.391614823150572777e+08 8.193162048332467079e+08 1.017423767180269957e+09 9.003434577258423567e+08 2.709919719696044922e+02 1.848000000000000000e+03 1.813000000000000000e+03
9.400000000000000000e+01 1.250000000000000000e+00 4.000000000000000000e+00 0.000000000000000000e+00 8.391614823150572777e+08 8.193162048332467079e+08 1.032403710109175920e+09 9.680569230760982037e+08 5.503824279308319092e+02 2.094000000000000000e+03 2.054000000000000000e+03
9.400000000000000000e+01 1.000000000000000000e+00 4.000000000000000000e+00 0.000000000000000000e+00 8.391614823150572777e+08 8.193162048332467079e+08 1.036505242045760036e+09 1.036580403396904230e+09 1.445943191051483154e+02 2.162000000000000000e+03 2.118000000000000000e+03
9.400000000000000000e+01 1.000000000000000000e+00 4.000000000000000000e+00 5.000000000000000000e+00 8.391614823150572777e+08 8.193162048332467079e+08 1.037260179958463430e+09 1.035567390250403047e+09 1.923188829421997070e+02 2.249000000000000000e+03 2.201000000000000000e+03
