# run number, exp fac, ti calc, ti opt, aep init calc (kW), aep init opt (kW), aep run calc (kW), aep run opt (kW), run time (s), obj func calls, sens func calls
8.100000000000000000e+01 3.000000000000000000e+00 4.000000000000000000e+00 0.000000000000000000e+00 8.806694437303922176e+08 8.659227081158850193e+08 9.645727069915866852e+08 6.083247310878065825e+08 1.277357878923416138e+03 7.440000000000000000e+02 7.390000000000000000e+02
8.100000000000000000e+01 2.750000000000000000e+00 4.000000000000000000e+00 0.000000000000000000e+00 8.806694437303922176e+08 8.659227081158850193e+08 9.739009619846936464e+08 6.447425894545242786e+08 4.054090220928192139e+02 9.850000000000000000e+02 9.750000000000000000e+02
8.100000000000000000e+01 2.500000000000000000e+00 4.000000000000000000e+00 0.000000000000000000e+00 8.806694437303922176e+08 8.659227081158850193e+08 9.819302666928528547e+08 6.848077241381143332e+08 2.250424449443817139e+02 1.121000000000000000e+03 1.106000000000000000e+03
8.100000000000000000e+01 2.250000000000000000e+00 4.000000000000000000e+00 0.000000000000000000e+00 8.806694437303922176e+08 8.659227081158850193e+08 9.940208716298480034e+08 7.295217935878281593e+08 3.189298300743103027e+02 1.311000000000000000e+03 1.291000000000000000e+03
8.100000000000000000e+01 2.000000000000000000e+00 4.000000000000000000e+00 0.000000000000000000e+00 8.806694437303922176e+08 8.659227081158850193e+08 1.007002575941535115e+09 7.803566282327961922e+08 4.300041050910949707e+02 1.565000000000000000e+03 1.540000000000000000e+03
8.100000000000000000e+01 1.750000000000000000e+00 4.000000000000000000e+00 0.000000000000000000e+00 8.806694437303922176e+08 8.659227081158850193e+08 1.015278159456105351e+09 8.381356791475845575e+08 4.135806360244750977e+02 1.810000000000000000e+03 1.780000000000000000e+03
8.100000000000000000e+01 1.500000000000000000e+00 4.000000000000000000e+00 0.000000000000000000e+00 8.806694437303922176e+08 8.659227081158850193e+08 1.021852963766689897e+09 9.015401740472841263e+08 1.049679400920867920e+02 1.876000000000000000e+03 1.842000000000000000e+03
8.100000000000000000e+01 1.250000000000000000e+00 4.000000000000000000e+00 0.000000000000000000e+00 8.806694437303922176e+08 8.659227081158850193e+08 1.036091793321316600e+09 9.710372255710475445e+08 1.291335940361022949e+02 1.956000000000000000e+03 1.918000000000000000e+03
8.100000000000000000e+01 1.000000000000000000e+00 4.000000000000000000e+00 0.000000000000000000e+00 8.806694437303922176e+08 8.659227081158850193e+08 1.038295341524918914e+09 1.038789192875318766e+09 1.975310850143432617e+02 2.077000000000000000e+03 2.035000000000000000e+03
8.100000000000000000e+01 1.000000000000000000e+00 4.000000000000000000e+00 5.000000000000000000e+00 8.806694437303922176e+08 8.659227081158850193e+08 1.038464447869504690e+09 1.037428729591279268e+09 9.759507799148559570e+01 2.138000000000000000e+03 2.092000000000000000e+03
