# run number, exp fac, ti calc, ti opt, aep init calc (kW), aep init opt (kW), aep run calc (kW), aep run opt (kW), run time (s), obj func calls, sens func calls
1.400000000000000000e+02 3.000000000000000000e+00 4.000000000000000000e+00 0.000000000000000000e+00 8.084753176270135641e+08 7.896891362322924137e+08 9.583764931716854572e+08 6.040679382011557817e+08 2.719916656017303467e+03 1.182000000000000000e+03 1.177000000000000000e+03
1.400000000000000000e+02 2.750000000000000000e+00 4.000000000000000000e+00 0.000000000000000000e+00 8.084753176270135641e+08 7.896891362322924137e+08 9.622480465543371439e+08 6.400338555952532291e+08 9.616514279842376709e+02 1.577000000000000000e+03 1.567000000000000000e+03
1.400000000000000000e+02 2.500000000000000000e+00 4.000000000000000000e+00 0.000000000000000000e+00 8.084753176270135641e+08 7.896891362322924137e+08 9.666983066378669739e+08 6.794836678818390369e+08 1.246909008026123047e+03 2.142000000000000000e+03 2.127000000000000000e+03
1.400000000000000000e+02 2.250000000000000000e+00 4.000000000000000000e+00 0.000000000000000000e+00 8.084753176270135641e+08 7.896891362322924137e+08 9.961694208089694977e+08 7.255830643208720684e+08 2.928149538040161133e+02 2.280000000000000000e+03 2.260000000000000000e+03
1.400000000000000000e+02 2.000000000000000000e+00 4.000000000000000000e+00 0.000000000000000000e+00 8.084753176270135641e+08 7.896891362322924137e+08 1.010539105779729486e+09 7.776202952146269083e+08 5.066769530773162842e+02 2.582000000000000000e+03 2.557000000000000000e+03
1.400000000000000000e+02 1.750000000000000000e+00 4.000000000000000000e+00 0.000000000000000000e+00 8.084753176270135641e+08 7.896891362322924137e+08 1.024190643166938663e+09 8.391728427172006369e+08 7.347308397293090820e+01 2.643000000000000000e+03 2.614000000000000000e+03
1.400000000000000000e+02 1.500000000000000000e+00 4.000000000000000000e+00 0.000000000000000000e+00 8.084753176270135641e+08 7.896891362322924137e+08 1.035475697008185029e+09 9.066081317938629389e+08 9.347331809997558594e+01 2.717000000000000000e+03 2.684000000000000000e+03
1.400000000000000000e+02 1.250000000000000000e+00 4.000000000000000000e+00 0.000000000000000000e+00 8.084753176270135641e+08 7.896891362322924137e+08 1.044971977864709973e+09 9.788664570111105442e+08 9.510980987548828125e+01 2.794000000000000000e+03 2.757000000000000000e+03
1.400000000000000000e+02 1.000000000000000000e+00 4.000000000000000000e+00 0.000000000000000000e+00 8.084753176270135641e+08 7.896891362322924137e+08 1.046863455466402411e+09 1.047162712717528820e+09 1.413476819992065430e+02 2.904000000000000000e+03 2.863000000000000000e+03
1.400000000000000000e+02 1.000000000000000000e+00 4.000000000000000000e+00 5.000000000000000000e+00 8.084753176270135641e+08 7.896891362322924137e+08 1.047030891309140086e+09 1.045836948870548248e+09 7.030176401138305664e+01 2.960000000000000000e+03 2.915000000000000000e+03
