# run number, exp fac, ti calc, ti opt, aep init calc (kW), aep init opt (kW), aep run calc (kW), aep run opt (kW), run time (s), obj func calls, sens func calls
1.000000000000000000e+02 3.000000000000000000e+00 4.000000000000000000e+00 0.000000000000000000e+00 8.641871976731992960e+08 8.474185675480469465e+08 9.737402877380819321e+08 6.086552095955432653e+08 1.912949922084808350e+03 1.102000000000000000e+03 1.097000000000000000e+03
1.000000000000000000e+02 2.750000000000000000e+00 4.000000000000000000e+00 0.000000000000000000e+00 8.641871976731992960e+08 8.474185675480469465e+08 9.758027542359297276e+08 6.452853536595783234e+08 2.879751131534576416e+02 1.285000000000000000e+03 1.275000000000000000e+03
1.000000000000000000e+02 2.500000000000000000e+00 4.000000000000000000e+00 0.000000000000000000e+00 8.641871976731992960e+08 8.474185675480469465e+08 9.816298506802611351e+08 6.855213060118957758e+08 1.863931250572204590e+02 1.405000000000000000e+03 1.390000000000000000e+03
1.000000000000000000e+02 2.250000000000000000e+00 4.000000000000000000e+00 0.000000000000000000e+00 8.641871976731992960e+08 8.474185675480469465e+08 9.998060627434118986e+08 7.304165115548369884e+08 3.074066090583801270e+02 1.596000000000000000e+03 1.576000000000000000e+03
1.000000000000000000e+02 2.000000000000000000e+00 4.000000000000000000e+00 0.000000000000000000e+00 8.641871976731992960e+08 8.474185675480469465e+08 1.011178746326337695e+09 7.818031597680289745e+08 3.736683430671691895e+02 1.828000000000000000e+03 1.803000000000000000e+03
1.000000000000000000e+02 1.750000000000000000e+00 4.000000000000000000e+00 0.000000000000000000e+00 8.641871976731992960e+08 8.474185675480469465e+08 1.015550331118500471e+09 8.402284619748884439e+08 5.089012861251831055e+02 2.142000000000000000e+03 2.112000000000000000e+03
1.000000000000000000e+02 1.500000000000000000e+00 4.000000000000000000e+00 0.000000000000000000e+00 8.641871976731992960e+08 8.474185675480469465e+08 1.026178542622640133e+09 9.057959114596586227e+08 1.389552090167999268e+02 2.230000000000000000e+03 2.196000000000000000e+03
1.000000000000000000e+02 1.250000000000000000e+00 4.000000000000000000e+00 0.000000000000000000e+00 8.641871976731992960e+08 8.474185675480469465e+08 1.042536964876862645e+09 9.769527157286471128e+08 1.227639901638031006e+02 2.309000000000000000e+03 2.271000000000000000e+03
1.000000000000000000e+02 1.000000000000000000e+00 4.000000000000000000e+00 0.000000000000000000e+00 8.641871976731992960e+08 8.474185675480469465e+08 1.044550396035970211e+09 1.045328635927662849e+09 1.648893949985504150e+02 2.413000000000000000e+03 2.371000000000000000e+03
1.000000000000000000e+02 1.000000000000000000e+00 4.000000000000000000e+00 5.000000000000000000e+00 8.641871976731992960e+08 8.474185675480469465e+08 1.044615040440766215e+09 1.043870263103013635e+09 9.692920184135437012e+01 2.474000000000000000e+03 2.428000000000000000e+03
