# run number, exp fac, ti calc, ti opt, aep init calc (kW), aep init opt (kW), aep run calc (kW), aep run opt (kW), run time (s), obj func calls, sens func calls
1.720000000000000000e+02 3.000000000000000000e+00 4.000000000000000000e+00 0.000000000000000000e+00 8.335373506847083569e+08 8.130181420626142025e+08 9.728895296887248755e+08 6.120185409622837305e+08 2.143852285861968994e+03 1.257000000000000000e+03 1.252000000000000000e+03
1.720000000000000000e+02 2.750000000000000000e+00 4.000000000000000000e+00 0.000000000000000000e+00 8.335373506847083569e+08 8.130181420626142025e+08 9.787987651989539862e+08 6.483750870273309946e+08 2.171543591022491455e+02 1.392000000000000000e+03 1.382000000000000000e+03
1.720000000000000000e+02 2.500000000000000000e+00 4.000000000000000000e+00 0.000000000000000000e+00 8.335373506847083569e+08 8.130181420626142025e+08 9.845689245433993340e+08 6.886947296430140734e+08 3.811082899570465088e+02 1.626000000000000000e+03 1.611000000000000000e+03
1.720000000000000000e+02 2.250000000000000000e+00 4.000000000000000000e+00 0.000000000000000000e+00 8.335373506847083569e+08 8.130181420626142025e+08 9.902530358789511919e+08 7.335667707399079800e+08 2.047827289104461670e+02 1.755000000000000000e+03 1.735000000000000000e+03
1.720000000000000000e+02 2.000000000000000000e+00 4.000000000000000000e+00 0.000000000000000000e+00 8.335373506847083569e+08 8.130181420626142025e+08 1.003407031051686645e+09 7.840326471682761908e+08 1.993143751621246338e+02 1.880000000000000000e+03 1.855000000000000000e+03
1.720000000000000000e+02 1.750000000000000000e+00 4.000000000000000000e+00 0.000000000000000000e+00 8.335373506847083569e+08 8.130181420626142025e+08 1.012197037214758515e+09 8.409506941575165987e+08 2.916244039535522461e+02 2.061000000000000000e+03 2.031000000000000000e+03
1.720000000000000000e+02 1.500000000000000000e+00 4.000000000000000000e+00 0.000000000000000000e+00 8.335373506847083569e+08 8.130181420626142025e+08 1.021837631467787743e+09 9.029019740423492193e+08 8.116531300544738770e+01 2.116000000000000000e+03 2.082000000000000000e+03
1.720000000000000000e+02 1.250000000000000000e+00 4.000000000000000000e+00 0.000000000000000000e+00 8.335373506847083569e+08 8.130181420626142025e+08 1.036183871486207247e+09 9.727844479427765608e+08 1.111126978397369385e+02 2.202000000000000000e+03 2.164000000000000000e+03
1.720000000000000000e+02 1.000000000000000000e+00 4.000000000000000000e+00 0.000000000000000000e+00 8.335373506847083569e+08 8.130181420626142025e+08 1.041390115822032809e+09 1.042177305089263439e+09 1.221386680603027344e+02 2.295000000000000000e+03 2.253000000000000000e+03
1.720000000000000000e+02 1.000000000000000000e+00 4.000000000000000000e+00 5.000000000000000000e+00 8.335373506847083569e+08 8.130181420626142025e+08 1.041598153288953066e+09 1.040820543013232470e+09 1.006992580890655518e+02 2.371000000000000000e+03 2.325000000000000000e+03
