# run number, exp fac, ti calc, ti opt, aep init calc (kW), aep init opt (kW), aep run calc (kW), aep run opt (kW), run time (s), obj func calls, sens func calls
1.920000000000000000e+02 3.000000000000000000e+00 4.000000000000000000e+00 0.000000000000000000e+00 8.668520190406410694e+08 8.461426006493012905e+08 9.618641840600569248e+08 6.078877115965279341e+08 1.183488794088363647e+03 6.940000000000000000e+02 6.890000000000000000e+02
1.920000000000000000e+02 2.750000000000000000e+00 4.000000000000000000e+00 0.000000000000000000e+00 8.668520190406410694e+08 8.461426006493012905e+08 9.643064339595657587e+08 6.441515420635342598e+08 4.556665248870849609e+02 9.870000000000000000e+02 9.770000000000000000e+02
1.920000000000000000e+02 2.500000000000000000e+00 4.000000000000000000e+00 0.000000000000000000e+00 8.668520190406410694e+08 8.461426006493012905e+08 9.844243276530512571e+08 6.840613472647440434e+08 1.161825423955917358e+03 1.722000000000000000e+03 1.707000000000000000e+03
1.920000000000000000e+02 2.250000000000000000e+00 4.000000000000000000e+00 0.000000000000000000e+00 8.668520190406410694e+08 8.461426006493012905e+08 1.000031215420501590e+09 7.307725600889149904e+08 3.863955678939819336e+02 1.972000000000000000e+03 1.952000000000000000e+03
1.920000000000000000e+02 2.000000000000000000e+00 4.000000000000000000e+00 0.000000000000000000e+00 8.668520190406410694e+08 8.461426006493012905e+08 1.005877945268133879e+09 7.823505349577554464e+08 7.425220894813537598e+01 2.018000000000000000e+03 1.994000000000000000e+03
1.920000000000000000e+02 1.750000000000000000e+00 4.000000000000000000e+00 0.000000000000000000e+00 8.668520190406410694e+08 8.461426006493012905e+08 1.009498957876222849e+09 8.399398618904509544e+08 3.711434910297393799e+02 2.239000000000000000e+03 2.210000000000000000e+03
1.920000000000000000e+02 1.500000000000000000e+00 4.000000000000000000e+00 0.000000000000000000e+00 8.668520190406410694e+08 8.461426006493012905e+08 1.031434673933975339e+09 9.070941845791077614e+08 2.399109480381011963e+02 2.411000000000000000e+03 2.377000000000000000e+03
1.920000000000000000e+02 1.250000000000000000e+00 4.000000000000000000e+00 0.000000000000000000e+00 8.668520190406410694e+08 8.461426006493012905e+08 1.038326767652445912e+09 9.761409560239926577e+08 9.696790504455566406e+01 2.482000000000000000e+03 2.444000000000000000e+03
1.920000000000000000e+02 1.000000000000000000e+00 4.000000000000000000e+00 0.000000000000000000e+00 8.668520190406410694e+08 8.461426006493012905e+08 1.039749331391408086e+09 1.040269652029133558e+09 5.289804098606109619e+02 2.860000000000000000e+03 2.817000000000000000e+03
1.920000000000000000e+02 1.000000000000000000e+00 4.000000000000000000e+00 5.000000000000000000e+00 8.668520190406410694e+08 8.461426006493012905e+08 1.041768901337191820e+09 1.040743105274833202e+09 1.004894402027130127e+02 2.937000000000000000e+03 2.890000000000000000e+03
