# run number, exp fac, ti calc, ti opt, aep init calc (kW), aep init opt (kW), aep run calc (kW), aep run opt (kW), run time (s), obj func calls, sens func calls
1.910000000000000000e+02 3.000000000000000000e+00 4.000000000000000000e+00 0.000000000000000000e+00 8.861381010368032455e+08 8.701504453859767914e+08 9.679813296350259781e+08 6.036342395467410088e+08 1.826000144004821777e+03 1.180000000000000000e+03 1.175000000000000000e+03
1.910000000000000000e+02 2.750000000000000000e+00 4.000000000000000000e+00 0.000000000000000000e+00 8.861381010368032455e+08 8.701504453859767914e+08 9.726772398639117479e+08 6.399482439448380470e+08 3.844495530128479004e+02 1.437000000000000000e+03 1.427000000000000000e+03
1.910000000000000000e+02 2.500000000000000000e+00 4.000000000000000000e+00 0.000000000000000000e+00 8.861381010368032455e+08 8.701504453859767914e+08 9.806458736640601158e+08 6.810241971372286081e+08 4.320140800476074219e+02 1.723000000000000000e+03 1.708000000000000000e+03
1.910000000000000000e+02 2.250000000000000000e+00 4.000000000000000000e+00 0.000000000000000000e+00 8.861381010368032455e+08 8.701504453859767914e+08 9.913934145751811266e+08 7.266040622885043621e+08 1.609966139793395996e+02 1.835000000000000000e+03 1.815000000000000000e+03
1.910000000000000000e+02 2.000000000000000000e+00 4.000000000000000000e+00 0.000000000000000000e+00 8.861381010368032455e+08 8.701504453859767914e+08 1.017169376371359944e+09 7.806926207190973759e+08 2.186358211040496826e+02 1.984000000000000000e+03 1.959000000000000000e+03
1.910000000000000000e+02 1.750000000000000000e+00 4.000000000000000000e+00 0.000000000000000000e+00 8.861381010368032455e+08 8.701504453859767914e+08 1.025906101939829469e+09 8.420566439474310875e+08 8.344639587402343750e+01 2.042000000000000000e+03 2.013000000000000000e+03
1.910000000000000000e+02 1.500000000000000000e+00 4.000000000000000000e+00 0.000000000000000000e+00 8.861381010368032455e+08 8.701504453859767914e+08 1.034471159479717851e+09 9.096029956291842461e+08 1.656731719970703125e+02 2.154000000000000000e+03 2.120000000000000000e+03
1.910000000000000000e+02 1.250000000000000000e+00 4.000000000000000000e+00 0.000000000000000000e+00 8.861381010368032455e+08 8.701504453859767914e+08 1.042578136033763051e+09 9.799283068223836422e+08 1.187907781600952148e+02 2.234000000000000000e+03 2.196000000000000000e+03
1.910000000000000000e+02 1.000000000000000000e+00 4.000000000000000000e+00 0.000000000000000000e+00 8.861381010368032455e+08 8.701504453859767914e+08 1.044934866863536954e+09 1.045730861595819235e+09 1.924551730155944824e+02 2.363000000000000000e+03 2.321000000000000000e+03
1.910000000000000000e+02 1.000000000000000000e+00 4.000000000000000000e+00 5.000000000000000000e+00 8.861381010368032455e+08 8.701504453859767914e+08 1.045068471017134786e+09 1.044332488568764329e+09 1.250136129856109619e+02 2.446000000000000000e+03 2.400000000000000000e+03
