# run number, exp fac, ti calc, ti opt, aep init calc (kW), aep init opt (kW), aep run calc (kW), aep run opt (kW), run time (s), obj func calls, sens func calls
7.000000000000000000e+00 3.000000000000000000e+00 4.000000000000000000e+00 0.000000000000000000e+00 8.463316318084439039e+08 8.329355256793346405e+08 9.627663092801167965e+08 6.082380948806840181e+08 2.778175572872161865e+03 1.031000000000000000e+03 1.026000000000000000e+03
7.000000000000000000e+00 2.750000000000000000e+00 4.000000000000000000e+00 0.000000000000000000e+00 8.463316318084439039e+08 8.329355256793346405e+08 9.708758658901144266e+08 6.448735254660427570e+08 7.062638790607452393e+02 1.317000000000000000e+03 1.307000000000000000e+03
7.000000000000000000e+00 2.500000000000000000e+00 4.000000000000000000e+00 0.000000000000000000e+00 8.463316318084439039e+08 8.329355256793346405e+08 9.778657938175582886e+08 6.852037851752082109e+08 4.196061029434204102e+02 1.494000000000000000e+03 1.479000000000000000e+03
7.000000000000000000e+00 2.250000000000000000e+00 4.000000000000000000e+00 0.000000000000000000e+00 8.463316318084439039e+08 8.329355256793346405e+08 9.845733280605832338e+08 7.307253758667510748e+08 4.444643290042877197e+02 1.680000000000000000e+03 1.660000000000000000e+03
7.000000000000000000e+00 2.000000000000000000e+00 4.000000000000000000e+00 0.000000000000000000e+00 8.463316318084439039e+08 8.329355256793346405e+08 9.984077726817574501e+08 7.814013661601681709e+08 5.219588110446929932e+02 1.903000000000000000e+03 1.878000000000000000e+03
7.000000000000000000e+00 1.750000000000000000e+00 4.000000000000000000e+00 0.000000000000000000e+00 8.463316318084439039e+08 8.329355256793346405e+08 1.008413794843769312e+09 8.383136231728510857e+08 5.551470589637756348e+02 2.140000000000000000e+03 2.110000000000000000e+03
7.000000000000000000e+00 1.500000000000000000e+00 4.000000000000000000e+00 0.000000000000000000e+00 8.463316318084439039e+08 8.329355256793346405e+08 1.018323872420398355e+09 9.001800221060147285e+08 5.432807459831237793e+02 2.361000000000000000e+03 2.327000000000000000e+03
7.000000000000000000e+00 1.250000000000000000e+00 4.000000000000000000e+00 0.000000000000000000e+00 8.463316318084439039e+08 8.329355256793346405e+08 1.033495384889182568e+09 9.682362954243702888e+08 4.492812249660491943e+02 2.557000000000000000e+03 2.519000000000000000e+03
7.000000000000000000e+00 1.000000000000000000e+00 4.000000000000000000e+00 0.000000000000000000e+00 8.463316318084439039e+08 8.329355256793346405e+08 1.035010775007834673e+09 1.036401619156436682e+09 1.451647949218750000e+02 2.623000000000000000e+03 2.581000000000000000e+03
7.000000000000000000e+00 1.000000000000000000e+00 4.000000000000000000e+00 5.000000000000000000e+00 8.463316318084439039e+08 8.329355256793346405e+08 1.035082630088816881e+09 1.034871528534722686e+09 8.841075491905212402e+01 2.664000000000000000e+03 2.618000000000000000e+03
