# run number, exp fac, ti calc, ti opt, aep init calc (kW), aep init opt (kW), aep run calc (kW), aep run opt (kW), run time (s), obj func calls, sens func calls
1.360000000000000000e+02 3.000000000000000000e+00 4.000000000000000000e+00 0.000000000000000000e+00 8.585069891092827320e+08 8.383005771993455887e+08 9.685616316719088554e+08 6.066247840692487955e+08 1.667112765073776245e+03 9.280000000000000000e+02 9.230000000000000000e+02
1.360000000000000000e+02 2.750000000000000000e+00 4.000000000000000000e+00 0.000000000000000000e+00 8.585069891092827320e+08 8.383005771993455887e+08 9.694432954496215582e+08 6.426324702207731009e+08 7.517880358695983887e+02 1.377000000000000000e+03 1.367000000000000000e+03
1.360000000000000000e+02 2.500000000000000000e+00 4.000000000000000000e+00 0.000000000000000000e+00 8.585069891092827320e+08 8.383005771993455887e+08 9.780751176565158367e+08 6.829261268408826590e+08 3.700755398273468018e+02 1.603000000000000000e+03 1.588000000000000000e+03
1.360000000000000000e+02 2.250000000000000000e+00 4.000000000000000000e+00 0.000000000000000000e+00 8.585069891092827320e+08 8.383005771993455887e+08 9.868044537936564684e+08 7.280341186020828485e+08 5.707204229831695557e+02 1.944000000000000000e+03 1.924000000000000000e+03
1.360000000000000000e+02 2.000000000000000000e+00 4.000000000000000000e+00 0.000000000000000000e+00 8.585069891092827320e+08 8.383005771993455887e+08 1.000735921448806167e+09 7.790845775410407782e+08 8.962522230148315430e+02 2.486000000000000000e+03 2.461000000000000000e+03
1.360000000000000000e+02 1.750000000000000000e+00 4.000000000000000000e+00 0.000000000000000000e+00 8.585069891092827320e+08 8.383005771993455887e+08 1.008977163912121415e+09 8.366056505389596224e+08 5.876049621105194092e+02 2.838000000000000000e+03 2.808000000000000000e+03
1.360000000000000000e+02 1.500000000000000000e+00 4.000000000000000000e+00 0.000000000000000000e+00 8.585069891092827320e+08 8.383005771993455887e+08 1.026948214350003839e+09 9.012792120508911610e+08 4.534303898811340332e+02 3.111000000000000000e+03 3.076000000000000000e+03
1.360000000000000000e+02 1.250000000000000000e+00 4.000000000000000000e+00 0.000000000000000000e+00 8.585069891092827320e+08 8.383005771993455887e+08 1.035146402452636361e+09 9.708673054081190825e+08 8.733101987838745117e+01 3.178000000000000000e+03 3.139000000000000000e+03
1.360000000000000000e+02 1.000000000000000000e+00 4.000000000000000000e+00 0.000000000000000000e+00 8.585069891092827320e+08 8.383005771993455887e+08 1.039301537173450589e+09 1.039820759752260804e+09 1.627871558666229248e+02 3.300000000000000000e+03 3.257000000000000000e+03
1.360000000000000000e+02 1.000000000000000000e+00 4.000000000000000000e+00 5.000000000000000000e+00 8.585069891092827320e+08 8.383005771993455887e+08 1.039498347679319263e+09 1.038409076282247782e+09 8.942622804641723633e+01 3.368000000000000000e+03 3.321000000000000000e+03
