# run number, exp fac, ti calc, ti opt, aep init calc (kW), aep init opt (kW), aep run calc (kW), aep run opt (kW), run time (s), obj func calls, sens func calls
7.200000000000000000e+01 3.000000000000000000e+00 4.000000000000000000e+00 0.000000000000000000e+00 8.567101505945761204e+08 8.348960894108906984e+08 9.685932524588776827e+08 6.081508063663401604e+08 1.243674201965332031e+03 7.920000000000000000e+02 7.870000000000000000e+02
7.200000000000000000e+01 2.750000000000000000e+00 4.000000000000000000e+00 0.000000000000000000e+00 8.567101505945761204e+08 8.348960894108906984e+08 9.718175263448709249e+08 6.443731129296188354e+08 7.634426617622375488e+01 8.440000000000000000e+02 8.350000000000000000e+02
7.200000000000000000e+01 2.500000000000000000e+00 4.000000000000000000e+00 0.000000000000000000e+00 8.567101505945761204e+08 8.348960894108906984e+08 9.793693943427804708e+08 6.841719002830606699e+08 5.299156689643859863e+02 1.184000000000000000e+03 1.170000000000000000e+03
7.200000000000000000e+01 2.250000000000000000e+00 4.000000000000000000e+00 0.000000000000000000e+00 8.567101505945761204e+08 8.348960894108906984e+08 9.957175624530713558e+08 7.295834893429706097e+08 2.838410868644714355e+02 1.372000000000000000e+03 1.353000000000000000e+03
7.200000000000000000e+01 2.000000000000000000e+00 4.000000000000000000e+00 0.000000000000000000e+00 8.567101505945761204e+08 8.348960894108906984e+08 1.007855487472051620e+09 7.813311363643616438e+08 1.700568730831146240e+02 1.485000000000000000e+03 1.461000000000000000e+03
7.200000000000000000e+01 1.750000000000000000e+00 4.000000000000000000e+00 0.000000000000000000e+00 8.567101505945761204e+08 8.348960894108906984e+08 1.013098887390154123e+09 8.390058788222149611e+08 3.309901380538940430e+02 1.701000000000000000e+03 1.672000000000000000e+03
7.200000000000000000e+01 1.500000000000000000e+00 4.000000000000000000e+00 0.000000000000000000e+00 8.567101505945761204e+08 8.348960894108906984e+08 1.031249845552993894e+09 9.038919332538797855e+08 4.278481950759887695e+02 1.981000000000000000e+03 1.947000000000000000e+03
7.200000000000000000e+01 1.250000000000000000e+00 4.000000000000000000e+00 0.000000000000000000e+00 8.567101505945761204e+08 8.348960894108906984e+08 1.038906673670926929e+09 9.742667921282286644e+08 1.009568858146667480e+02 2.049000000000000000e+03 2.011000000000000000e+03
7.200000000000000000e+01 1.000000000000000000e+00 4.000000000000000000e+00 0.000000000000000000e+00 8.567101505945761204e+08 8.348960894108906984e+08 1.041691689106358290e+09 1.042681465963443398e+09 1.715540311336517334e+02 2.165000000000000000e+03 2.123000000000000000e+03
7.200000000000000000e+01 1.000000000000000000e+00 4.000000000000000000e+00 5.000000000000000000e+00 8.567101505945761204e+08 8.348960894108906984e+08 1.041831730136530519e+09 1.041264960383378625e+09 1.549079608917236328e+02 2.272000000000000000e+03 2.225000000000000000e+03
