# run number, exp fac, ti calc, ti opt, aep init calc (kW), aep init opt (kW), aep run calc (kW), aep run opt (kW), run time (s), obj func calls, sens func calls
5.500000000000000000e+01 3.000000000000000000e+00 4.000000000000000000e+00 0.000000000000000000e+00 8.604110876268893480e+08 8.449332309926182032e+08 9.672352222103787661e+08 6.047574375228502750e+08 1.423560704946517944e+03 6.180000000000000000e+02 6.130000000000000000e+02
5.500000000000000000e+01 2.750000000000000000e+00 4.000000000000000000e+00 0.000000000000000000e+00 8.604110876268893480e+08 8.449332309926182032e+08 9.718109158290516138e+08 6.415409882673125267e+08 3.629141259193420410e+02 7.810000000000000000e+02 7.710000000000000000e+02
5.500000000000000000e+01 2.500000000000000000e+00 4.000000000000000000e+00 0.000000000000000000e+00 8.604110876268893480e+08 8.449332309926182032e+08 9.848969110048089027e+08 6.821141723187218904e+08 7.526451818943023682e+02 1.113000000000000000e+03 1.098000000000000000e+03
5.500000000000000000e+01 2.250000000000000000e+00 4.000000000000000000e+00 0.000000000000000000e+00 8.604110876268893480e+08 8.449332309926182032e+08 9.933357216783454418e+08 7.273780215417402983e+08 3.642265911102294922e+02 1.276000000000000000e+03 1.256000000000000000e+03
5.500000000000000000e+01 2.000000000000000000e+00 4.000000000000000000e+00 0.000000000000000000e+00 8.604110876268893480e+08 8.449332309926182032e+08 1.007841086315224051e+09 7.793029137924336195e+08 1.186058251857757568e+02 1.331000000000000000e+03 1.307000000000000000e+03
5.500000000000000000e+01 1.750000000000000000e+00 4.000000000000000000e+00 0.000000000000000000e+00 8.604110876268893480e+08 8.449332309926182032e+08 1.014874434724473357e+09 8.380326918545100689e+08 1.852608499526977539e+02 1.414000000000000000e+03 1.386000000000000000e+03
5.500000000000000000e+01 1.500000000000000000e+00 4.000000000000000000e+00 0.000000000000000000e+00 8.604110876268893480e+08 8.449332309926182032e+08 1.033278515490619302e+09 9.043138389978448153e+08 1.675998921394348145e+02 1.490000000000000000e+03 1.458000000000000000e+03
5.500000000000000000e+01 1.250000000000000000e+00 4.000000000000000000e+00 0.000000000000000000e+00 8.604110876268893480e+08 8.449332309926182032e+08 1.045019698368510485e+09 9.779240220828781128e+08 3.420561959743499756e+02 1.642000000000000000e+03 1.605000000000000000e+03
5.500000000000000000e+01 1.000000000000000000e+00 4.000000000000000000e+00 0.000000000000000000e+00 8.604110876268893480e+08 8.449332309926182032e+08 1.046185535235703588e+09 1.046945215640172839e+09 1.895465538501739502e+02 1.727000000000000000e+03 1.686000000000000000e+03
5.500000000000000000e+01 1.000000000000000000e+00 4.000000000000000000e+00 5.000000000000000000e+00 8.604110876268893480e+08 8.449332309926182032e+08 1.046310059475482821e+09 1.045549001989509702e+09 1.808881080150604248e+02 1.807000000000000000e+03 1.762000000000000000e+03
