# run number, exp fac, ti calc, ti opt, aep init calc (kW), aep init opt (kW), aep run calc (kW), aep run opt (kW), run time (s), obj func calls, sens func calls
4.900000000000000000e+01 3.000000000000000000e+00 4.000000000000000000e+00 0.000000000000000000e+00 8.504133235109106302e+08 8.270028289139083624e+08 9.611236771004093885e+08 6.038707910617092848e+08 8.845938789844512939e+02 5.260000000000000000e+02 5.210000000000000000e+02
4.900000000000000000e+01 2.750000000000000000e+00 4.000000000000000000e+00 0.000000000000000000e+00 8.504133235109106302e+08 8.270028289139083624e+08 9.667656508739682436e+08 6.405368158918277025e+08 5.176037211418151855e+02 8.390000000000000000e+02 8.290000000000000000e+02
4.900000000000000000e+01 2.500000000000000000e+00 4.000000000000000000e+00 0.000000000000000000e+00 8.504133235109106302e+08 8.270028289139083624e+08 9.888564604222726822e+08 6.809294206649439335e+08 5.605595710277557373e+02 1.176000000000000000e+03 1.161000000000000000e+03
4.900000000000000000e+01 2.250000000000000000e+00 4.000000000000000000e+00 0.000000000000000000e+00 8.504133235109106302e+08 8.270028289139083624e+08 1.007666918584557533e+09 7.270408858359320164e+08 2.218155601024627686e+02 1.312000000000000000e+03 1.292000000000000000e+03
4.900000000000000000e+01 2.000000000000000000e+00 4.000000000000000000e+00 0.000000000000000000e+00 8.504133235109106302e+08 8.270028289139083624e+08 1.015384757693186283e+09 7.802237208508075476e+08 3.256782460212707520e+02 1.511000000000000000e+03 1.486000000000000000e+03
4.900000000000000000e+01 1.750000000000000000e+00 4.000000000000000000e+00 0.000000000000000000e+00 8.504133235109106302e+08 8.270028289139083624e+08 1.024120505756983280e+09 8.413726742751122713e+08 2.324403269290924072e+02 1.653000000000000000e+03 1.623000000000000000e+03
4.900000000000000000e+01 1.500000000000000000e+00 4.000000000000000000e+00 0.000000000000000000e+00 8.504133235109106302e+08 8.270028289139083624e+08 1.035825377790230036e+09 9.096010179688503742e+08 9.586937594413757324e+01 1.713000000000000000e+03 1.679000000000000000e+03
4.900000000000000000e+01 1.250000000000000000e+00 4.000000000000000000e+00 0.000000000000000000e+00 8.504133235109106302e+08 8.270028289139083624e+08 1.044696578598466873e+09 9.808280568395578861e+08 9.586482691764831543e+01 1.773000000000000000e+03 1.735000000000000000e+03
4.900000000000000000e+01 1.000000000000000000e+00 4.000000000000000000e+00 0.000000000000000000e+00 8.504133235109106302e+08 8.270028289139083624e+08 1.045967862379741073e+09 1.047110431618167520e+09 1.424935541152954102e+02 1.860000000000000000e+03 1.818000000000000000e+03
4.900000000000000000e+01 1.000000000000000000e+00 4.000000000000000000e+00 5.000000000000000000e+00 8.504133235109106302e+08 8.270028289139083624e+08 1.046060019965908051e+09 1.045697479949975252e+09 9.123389077186584473e+01 1.916000000000000000e+03 1.870000000000000000e+03
