# run number, exp fac, ti calc, ti opt, aep init calc (kW), aep init opt (kW), aep run calc (kW), aep run opt (kW), run time (s), obj func calls, sens func calls
3.800000000000000000e+01 3.000000000000000000e+00 4.000000000000000000e+00 0.000000000000000000e+00 8.272891297160171270e+08 8.065178644081786871e+08 9.598796658165178299e+08 6.070424837732924223e+08 1.199432704925537109e+03 8.170000000000000000e+02 8.120000000000000000e+02
3.800000000000000000e+01 2.750000000000000000e+00 4.000000000000000000e+00 0.000000000000000000e+00 8.272891297160171270e+08 8.065178644081786871e+08 9.676228215139827728e+08 6.428214662628291845e+08 5.555744678974151611e+02 1.147000000000000000e+03 1.137000000000000000e+03
3.800000000000000000e+01 2.500000000000000000e+00 4.000000000000000000e+00 0.000000000000000000e+00 8.272891297160171270e+08 8.065178644081786871e+08 9.849328640238747597e+08 6.844211677273293734e+08 2.379328951835632324e+02 1.294000000000000000e+03 1.279000000000000000e+03
3.800000000000000000e+01 2.250000000000000000e+00 4.000000000000000000e+00 0.000000000000000000e+00 8.272891297160171270e+08 8.065178644081786871e+08 1.001900267117504597e+09 7.296357248118329048e+08 1.790778689384460449e+02 1.406000000000000000e+03 1.386000000000000000e+03
3.800000000000000000e+01 2.000000000000000000e+00 4.000000000000000000e+00 0.000000000000000000e+00 8.272891297160171270e+08 8.065178644081786871e+08 1.006971346048650861e+09 7.808981971827110052e+08 5.316931581497192383e+01 1.447000000000000000e+03 1.423000000000000000e+03
3.800000000000000000e+01 1.750000000000000000e+00 4.000000000000000000e+00 0.000000000000000000e+00 8.272891297160171270e+08 8.065178644081786871e+08 1.022356362618945003e+09 8.386639283496454954e+08 1.798012080192565918e+02 1.578000000000000000e+03 1.549000000000000000e+03
3.800000000000000000e+01 1.500000000000000000e+00 4.000000000000000000e+00 0.000000000000000000e+00 8.272891297160171270e+08 8.065178644081786871e+08 1.036933268756808877e+09 9.043263114829881191e+08 1.406832399368286133e+02 1.681000000000000000e+03 1.647000000000000000e+03
3.800000000000000000e+01 1.250000000000000000e+00 4.000000000000000000e+00 0.000000000000000000e+00 8.272891297160171270e+08 8.065178644081786871e+08 1.042937662125740409e+09 9.767257230182871819e+08 8.652218389511108398e+01 1.745000000000000000e+03 1.707000000000000000e+03
3.800000000000000000e+01 1.000000000000000000e+00 4.000000000000000000e+00 0.000000000000000000e+00 8.272891297160171270e+08 8.065178644081786871e+08 1.044288601715836287e+09 1.044911370040764689e+09 1.011325139999389648e+02 1.820000000000000000e+03 1.778000000000000000e+03
3.800000000000000000e+01 1.000000000000000000e+00 4.000000000000000000e+00 5.000000000000000000e+00 8.272891297160171270e+08 8.065178644081786871e+08 1.044400010776440620e+09 1.043704987142771959e+09 5.517126798629760742e+01 1.862000000000000000e+03 1.816000000000000000e+03
