# run number, exp fac, ti calc, ti opt, aep init calc (kW), aep init opt (kW), aep run calc (kW), aep run opt (kW), run time (s), obj func calls, sens func calls
4.600000000000000000e+01 3.000000000000000000e+00 4.000000000000000000e+00 0.000000000000000000e+00 8.425574994422279596e+08 8.265860047816667557e+08 9.598620306175053120e+08 6.075962660346772671e+08 3.144071926116943359e+03 1.376000000000000000e+03 1.371000000000000000e+03
4.600000000000000000e+01 2.750000000000000000e+00 4.000000000000000000e+00 0.000000000000000000e+00 8.425574994422279596e+08 8.265860047816667557e+08 9.728947504516152143e+08 6.433625868210071325e+08 1.012717406988143921e+03 1.833000000000000000e+03 1.823000000000000000e+03
4.600000000000000000e+01 2.500000000000000000e+00 4.000000000000000000e+00 0.000000000000000000e+00 8.425574994422279596e+08 8.265860047816667557e+08 9.822556994061743021e+08 6.851062751137442589e+08 4.204886250495910645e+02 2.027000000000000000e+03 2.012000000000000000e+03
4.600000000000000000e+01 2.250000000000000000e+00 4.000000000000000000e+00 0.000000000000000000e+00 8.425574994422279596e+08 8.265860047816667557e+08 9.959467318257358074e+08 7.311617315478032827e+08 3.010475900173187256e+02 2.168000000000000000e+03 2.148000000000000000e+03
4.600000000000000000e+01 2.000000000000000000e+00 4.000000000000000000e+00 0.000000000000000000e+00 8.425574994422279596e+08 8.265860047816667557e+08 1.003795529979901195e+09 7.824904530615152121e+08 3.001348779201507568e+02 2.308000000000000000e+03 2.283000000000000000e+03
4.600000000000000000e+01 1.750000000000000000e+00 4.000000000000000000e+00 0.000000000000000000e+00 8.425574994422279596e+08 8.265860047816667557e+08 1.007287407754809022e+09 8.392941994637663364e+08 5.886739649772644043e+02 2.578000000000000000e+03 2.548000000000000000e+03
4.600000000000000000e+01 1.500000000000000000e+00 4.000000000000000000e+00 0.000000000000000000e+00 8.425574994422279596e+08 8.265860047816667557e+08 1.028978658678536415e+09 9.018027502144435644e+08 1.685387179851531982e+02 2.657000000000000000e+03 2.623000000000000000e+03
4.600000000000000000e+01 1.250000000000000000e+00 4.000000000000000000e+00 0.000000000000000000e+00 8.425574994422279596e+08 8.265860047816667557e+08 1.036235665371055603e+09 9.703509800212168694e+08 1.461774840354919434e+02 2.726000000000000000e+03 2.688000000000000000e+03
4.600000000000000000e+01 1.000000000000000000e+00 4.000000000000000000e+00 0.000000000000000000e+00 8.425574994422279596e+08 8.265860047816667557e+08 1.037704038075634122e+09 1.037603956483225942e+09 2.219936070442199707e+02 2.827000000000000000e+03 2.785000000000000000e+03
4.600000000000000000e+01 1.000000000000000000e+00 4.000000000000000000e+00 5.000000000000000000e+00 8.425574994422279596e+08 8.265860047816667557e+08 1.037882517952277303e+09 1.036431383618440270e+09 1.138412439823150635e+02 2.879000000000000000e+03 2.833000000000000000e+03
