# run number, exp fac, ti calc, ti opt, aep init calc (kW), aep init opt (kW), aep run calc (kW), aep run opt (kW), run time (s), obj func calls, sens func calls
1.400000000000000000e+01 3.000000000000000000e+00 4.000000000000000000e+00 0.000000000000000000e+00 8.173470097511314154e+08 7.976546415601245165e+08 9.696836478489372730e+08 6.188366099402519464e+08 1.743219390869140625e+03 7.630000000000000000e+02 7.580000000000000000e+02
1.400000000000000000e+01 2.750000000000000000e+00 4.000000000000000000e+00 0.000000000000000000e+00 8.173470097511314154e+08 7.976546415601245165e+08 9.753888178727490902e+08 6.551222861607881784e+08 5.649060528278350830e+02 1.022000000000000000e+03 1.012000000000000000e+03
1.400000000000000000e+01 2.500000000000000000e+00 4.000000000000000000e+00 0.000000000000000000e+00 8.173470097511314154e+08 7.976546415601245165e+08 9.816211948605684042e+08 6.942247239332286119e+08 6.647214329242706299e+02 1.326000000000000000e+03 1.311000000000000000e+03
1.400000000000000000e+01 2.250000000000000000e+00 4.000000000000000000e+00 0.000000000000000000e+00 8.173470097511314154e+08 7.976546415601245165e+08 9.870443182386758327e+08 7.372123644852098227e+08 3.527926280498504639e+02 1.491000000000000000e+03 1.471000000000000000e+03
1.400000000000000000e+01 2.000000000000000000e+00 4.000000000000000000e+00 0.000000000000000000e+00 8.173470097511314154e+08 7.976546415601245165e+08 9.932891838333657980e+08 7.855065156568483114e+08 2.780813350677490234e+02 1.622000000000000000e+03 1.597000000000000000e+03
1.400000000000000000e+01 1.750000000000000000e+00 4.000000000000000000e+00 0.000000000000000000e+00 8.173470097511314154e+08 7.976546415601245165e+08 9.982941303492648602e+08 8.404757148971204758e+08 6.109766609668731689e+02 1.907000000000000000e+03 1.877000000000000000e+03
1.400000000000000000e+01 1.500000000000000000e+00 4.000000000000000000e+00 0.000000000000000000e+00 8.173470097511314154e+08 7.976546415601245165e+08 1.000491823990098238e+09 8.984335321570014954e+08 3.040017619132995605e+02 2.051000000000000000e+03 2.016000000000000000e+03
1.400000000000000000e+01 1.250000000000000000e+00 4.000000000000000000e+00 0.000000000000000000e+00 8.173470097511314154e+08 7.976546415601245165e+08 1.020277721354235530e+09 9.598688831727395058e+08 9.035188319683074951e+02 2.469000000000000000e+03 2.429000000000000000e+03
1.400000000000000000e+01 1.000000000000000000e+00 4.000000000000000000e+00 0.000000000000000000e+00 8.173470097511314154e+08 7.976546415601245165e+08 1.027690582010381460e+09 1.028019533447541714e+09 1.833603391647338867e+02 2.556000000000000000e+03 2.512000000000000000e+03
1.400000000000000000e+01 1.000000000000000000e+00 4.000000000000000000e+00 5.000000000000000000e+00 8.173470097511314154e+08 7.976546415601245165e+08 1.027693391508209586e+09 1.026807689087707758e+09 8.990253710746765137e+01 2.600000000000000000e+03 2.552000000000000000e+03
