# run number, exp fac, ti calc, ti opt, aep init calc (kW), aep init opt (kW), aep run calc (kW), aep run opt (kW), run time (s), obj func calls, sens func calls
5.000000000000000000e+01 3.000000000000000000e+00 4.000000000000000000e+00 0.000000000000000000e+00 8.354004035377444029e+08 8.136996979382722378e+08 9.578020130379724503e+08 6.050735289591699839e+08 2.296834370851516724e+03 9.540000000000000000e+02 9.490000000000000000e+02
5.000000000000000000e+01 2.750000000000000000e+00 4.000000000000000000e+00 0.000000000000000000e+00 8.354004035377444029e+08 8.136996979382722378e+08 9.672649589879559278e+08 6.415969169388959408e+08 5.377571079730987549e+02 1.189000000000000000e+03 1.179000000000000000e+03
5.000000000000000000e+01 2.500000000000000000e+00 4.000000000000000000e+00 0.000000000000000000e+00 8.354004035377444029e+08 8.136996979382722378e+08 9.794096769620133638e+08 6.818841984747062922e+08 2.276947500705718994e+02 1.293000000000000000e+03 1.278000000000000000e+03
5.000000000000000000e+01 2.250000000000000000e+00 4.000000000000000000e+00 0.000000000000000000e+00 8.354004035377444029e+08 8.136996979382722378e+08 1.000311833751948833e+09 7.285405132127881050e+08 3.418922379016876221e+02 1.443000000000000000e+03 1.423000000000000000e+03
5.000000000000000000e+01 2.000000000000000000e+00 4.000000000000000000e+00 0.000000000000000000e+00 8.354004035377444029e+08 8.136996979382722378e+08 1.009455495370092392e+09 7.810968295105928183e+08 2.035405948162078857e+02 1.534000000000000000e+03 1.510000000000000000e+03
5.000000000000000000e+01 1.750000000000000000e+00 4.000000000000000000e+00 0.000000000000000000e+00 8.354004035377444029e+08 8.136996979382722378e+08 1.025721566815891743e+09 8.436072829605708122e+08 2.323696401119232178e+02 1.638000000000000000e+03 1.610000000000000000e+03
5.000000000000000000e+01 1.500000000000000000e+00 4.000000000000000000e+00 0.000000000000000000e+00 8.354004035377444029e+08 8.136996979382722378e+08 1.032542773666540861e+09 9.104990295394043922e+08 1.463223161697387695e+02 1.705000000000000000e+03 1.673000000000000000e+03
5.000000000000000000e+01 1.250000000000000000e+00 4.000000000000000000e+00 0.000000000000000000e+00 8.354004035377444029e+08 8.136996979382722378e+08 1.047024979686897397e+09 9.826859816743243933e+08 1.828633179664611816e+02 1.787000000000000000e+03 1.751000000000000000e+03
5.000000000000000000e+01 1.000000000000000000e+00 4.000000000000000000e+00 0.000000000000000000e+00 8.354004035377444029e+08 8.136996979382722378e+08 1.049016750286883831e+09 1.049569780136075377e+09 2.179238791465759277e+02 1.884000000000000000e+03 1.844000000000000000e+03
5.000000000000000000e+01 1.000000000000000000e+00 4.000000000000000000e+00 5.000000000000000000e+00 8.354004035377444029e+08 8.136996979382722378e+08 1.049074021221150041e+09 1.048198725930287480e+09 1.223190698623657227e+02 1.939000000000000000e+03 1.895000000000000000e+03
