# run number, exp fac, ti calc, ti opt, aep init calc (kW), aep init opt (kW), aep run calc (kW), aep run opt (kW), run time (s), obj func calls, sens func calls
8.900000000000000000e+01 3.000000000000000000e+00 4.000000000000000000e+00 0.000000000000000000e+00 8.445436286177604198e+08 8.237291420936797857e+08 9.679958939312139750e+08 6.041958352267289162e+08 1.703689007043838501e+03 1.047000000000000000e+03 1.042000000000000000e+03
8.900000000000000000e+01 2.750000000000000000e+00 4.000000000000000000e+00 0.000000000000000000e+00 8.445436286177604198e+08 8.237291420936797857e+08 9.837068154211539030e+08 6.406903678535509109e+08 4.432199270725250244e+02 1.331000000000000000e+03 1.321000000000000000e+03
8.900000000000000000e+01 2.500000000000000000e+00 4.000000000000000000e+00 0.000000000000000000e+00 8.445436286177604198e+08 8.237291420936797857e+08 9.910719121621108055e+08 6.815247100963536501e+08 5.931158521175384521e+02 1.711000000000000000e+03 1.696000000000000000e+03
8.900000000000000000e+01 2.250000000000000000e+00 4.000000000000000000e+00 0.000000000000000000e+00 8.445436286177604198e+08 8.237291420936797857e+08 9.976368135913183689e+08 7.274524339890503883e+08 2.235676920413970947e+02 1.856000000000000000e+03 1.836000000000000000e+03
8.900000000000000000e+01 2.000000000000000000e+00 4.000000000000000000e+00 0.000000000000000000e+00 8.445436286177604198e+08 8.237291420936797857e+08 1.004477781668383956e+09 7.793045253901695013e+08 3.810502488613128662e+02 2.099000000000000000e+03 2.074000000000000000e+03
8.900000000000000000e+01 1.750000000000000000e+00 4.000000000000000000e+00 0.000000000000000000e+00 8.445436286177604198e+08 8.237291420936797857e+08 1.022114941898407221e+09 8.388324377297589779e+08 1.158758850097656250e+02 2.176000000000000000e+03 2.147000000000000000e+03
8.900000000000000000e+01 1.500000000000000000e+00 4.000000000000000000e+00 0.000000000000000000e+00 8.445436286177604198e+08 8.237291420936797857e+08 1.033860338918961883e+09 9.059178782682069540e+08 2.928343510627746582e+02 2.365000000000000000e+03 2.331000000000000000e+03
8.900000000000000000e+01 1.250000000000000000e+00 4.000000000000000000e+00 0.000000000000000000e+00 8.445436286177604198e+08 8.237291420936797857e+08 1.041957229565251827e+09 9.768393713395671844e+08 1.387648088932037354e+02 2.456000000000000000e+03 2.418000000000000000e+03
8.900000000000000000e+01 1.000000000000000000e+00 4.000000000000000000e+00 0.000000000000000000e+00 8.445436286177604198e+08 8.237291420936797857e+08 1.046209629635843158e+09 1.046410257296299934e+09 1.989921331405639648e+02 2.585000000000000000e+03 2.543000000000000000e+03
8.900000000000000000e+01 1.000000000000000000e+00 4.000000000000000000e+00 5.000000000000000000e+00 8.445436286177604198e+08 8.237291420936797857e+08 1.046315030527477980e+09 1.045108780747626543e+09 8.413552808761596680e+01 2.641000000000000000e+03 2.595000000000000000e+03
