# run number, exp fac, ti calc, ti opt, aep init calc (kW), aep init opt (kW), aep run calc (kW), aep run opt (kW), run time (s), obj func calls, sens func calls
4.100000000000000000e+01 3.000000000000000000e+00 4.000000000000000000e+00 0.000000000000000000e+00 8.549386779972639084e+08 8.381358987069817781e+08 9.604577086168423891e+08 6.030196592396824360e+08 1.025689257144927979e+03 7.070000000000000000e+02 7.020000000000000000e+02
4.100000000000000000e+01 2.750000000000000000e+00 4.000000000000000000e+00 0.000000000000000000e+00 8.549386779972639084e+08 8.381358987069817781e+08 9.688404090454317331e+08 6.391266448046363592e+08 7.908182649612426758e+02 1.195000000000000000e+03 1.185000000000000000e+03
4.100000000000000000e+01 2.500000000000000000e+00 4.000000000000000000e+00 0.000000000000000000e+00 8.549386779972639084e+08 8.381358987069817781e+08 9.801158270849003792e+08 6.791772667174905539e+08 4.975342891216278076e+02 1.553000000000000000e+03 1.538000000000000000e+03
4.100000000000000000e+01 2.250000000000000000e+00 4.000000000000000000e+00 0.000000000000000000e+00 8.549386779972639084e+08 8.381358987069817781e+08 9.987712017713289261e+08 7.255544818899452686e+08 4.805794448852539062e+02 1.897000000000000000e+03 1.877000000000000000e+03
4.100000000000000000e+01 2.000000000000000000e+00 4.000000000000000000e+00 0.000000000000000000e+00 8.549386779972639084e+08 8.381358987069817781e+08 1.010222730707342386e+09 7.779247487633626461e+08 2.256251330375671387e+02 2.061000000000000000e+03 2.036000000000000000e+03
4.100000000000000000e+01 1.750000000000000000e+00 4.000000000000000000e+00 0.000000000000000000e+00 8.549386779972639084e+08 8.381358987069817781e+08 1.017410892387590647e+09 8.381394132368037701e+08 1.721721119880676270e+02 2.188000000000000000e+03 2.158000000000000000e+03
4.100000000000000000e+01 1.500000000000000000e+00 4.000000000000000000e+00 0.000000000000000000e+00 8.549386779972639084e+08 8.381358987069817781e+08 1.023909600526150584e+09 9.033692833498998880e+08 1.558209760189056396e+02 2.297000000000000000e+03 2.262000000000000000e+03
4.100000000000000000e+01 1.250000000000000000e+00 4.000000000000000000e+00 0.000000000000000000e+00 8.549386779972639084e+08 8.381358987069817781e+08 1.040460059640512705e+09 9.750940231373566389e+08 3.628543570041656494e+02 2.513000000000000000e+03 2.473000000000000000e+03
4.100000000000000000e+01 1.000000000000000000e+00 4.000000000000000000e+00 0.000000000000000000e+00 8.549386779972639084e+08 8.381358987069817781e+08 1.041788927555101395e+09 1.043013551839201450e+09 2.937994458675384521e+02 2.689000000000000000e+03 2.644000000000000000e+03
4.100000000000000000e+01 1.000000000000000000e+00 4.000000000000000000e+00 5.000000000000000000e+00 8.549386779972639084e+08 8.381358987069817781e+08 1.042965870646013618e+09 1.042468655732522845e+09 1.711272871494293213e+02 2.791000000000000000e+03 2.742000000000000000e+03
