# run number, exp fac, ti calc, ti opt, aep init calc (kW), aep init opt (kW), aep run calc (kW), aep run opt (kW), run time (s), obj func calls, sens func calls
1.560000000000000000e+02 3.000000000000000000e+00 4.000000000000000000e+00 0.000000000000000000e+00 8.717884811469253302e+08 8.544535961827322245e+08 9.704557681517834663e+08 6.117100601761726141e+08 1.823485313892364502e+03 8.420000000000000000e+02 8.370000000000000000e+02
1.560000000000000000e+02 2.750000000000000000e+00 4.000000000000000000e+00 0.000000000000000000e+00 8.717884811469253302e+08 8.544535961827322245e+08 9.724439296977472305e+08 6.480117555842531919e+08 5.792677907943725586e+02 1.116000000000000000e+03 1.106000000000000000e+03
1.560000000000000000e+02 2.500000000000000000e+00 4.000000000000000000e+00 0.000000000000000000e+00 8.717884811469253302e+08 8.544535961827322245e+08 1.001339263062120557e+09 6.880839637150753736e+08 4.633734519481658936e+02 1.339000000000000000e+03 1.324000000000000000e+03
1.560000000000000000e+02 2.250000000000000000e+00 4.000000000000000000e+00 0.000000000000000000e+00 8.717884811469253302e+08 8.544535961827322245e+08 1.012567484205656409e+09 7.339162197327538729e+08 7.555534660816192627e+02 1.698000000000000000e+03 1.678000000000000000e+03
1.560000000000000000e+02 2.000000000000000000e+00 4.000000000000000000e+00 0.000000000000000000e+00 8.717884811469253302e+08 8.544535961827322245e+08 1.018151042719830513e+09 7.863148552366340160e+08 2.497306749820709229e+02 1.820000000000000000e+03 1.795000000000000000e+03
1.560000000000000000e+02 1.750000000000000000e+00 4.000000000000000000e+00 0.000000000000000000e+00 8.717884811469253302e+08 8.544535961827322245e+08 1.019681784235976338e+09 8.450557393815559149e+08 3.858703329563140869e+02 2.007000000000000000e+03 1.977000000000000000e+03
1.560000000000000000e+02 1.500000000000000000e+00 4.000000000000000000e+00 0.000000000000000000e+00 8.717884811469253302e+08 8.544535961827322245e+08 1.035631918107744932e+09 9.089894354127047062e+08 4.001341669559478760e+02 2.200000000000000000e+03 2.165000000000000000e+03
1.560000000000000000e+02 1.250000000000000000e+00 4.000000000000000000e+00 0.000000000000000000e+00 8.717884811469253302e+08 8.544535961827322245e+08 1.043154630934253216e+09 9.792821254062265158e+08 1.377490930557250977e+02 2.269000000000000000e+03 2.230000000000000000e+03
1.560000000000000000e+02 1.000000000000000000e+00 4.000000000000000000e+00 0.000000000000000000e+00 8.717884811469253302e+08 8.544535961827322245e+08 1.044837634368831873e+09 1.046070866352095962e+09 1.923781909942626953e+02 2.363000000000000000e+03 2.320000000000000000e+03
1.560000000000000000e+02 1.000000000000000000e+00 4.000000000000000000e+00 5.000000000000000000e+00 8.717884811469253302e+08 8.544535961827322245e+08 1.044982574916016102e+09 1.044579192520118356e+09 1.547073960304260254e+02 2.438000000000000000e+03 2.391000000000000000e+03
