# run number, exp fac, ti calc, ti opt, aep init calc (kW), aep init opt (kW), aep run calc (kW), aep run opt (kW), run time (s), obj func calls, sens func calls
1.700000000000000000e+02 3.000000000000000000e+00 4.000000000000000000e+00 0.000000000000000000e+00 8.361549202634370327e+08 8.150274538341438770e+08 9.744747618663693666e+08 6.083152369969751835e+08 1.665281332015991211e+03 7.500000000000000000e+02 7.450000000000000000e+02
1.700000000000000000e+02 2.750000000000000000e+00 4.000000000000000000e+00 0.000000000000000000e+00 8.361549202634370327e+08 8.150274538341438770e+08 9.996850312867597342e+08 6.451327060996212959e+08 7.969417860507965088e+02 1.121000000000000000e+03 1.111000000000000000e+03
1.700000000000000000e+02 2.500000000000000000e+00 4.000000000000000000e+00 0.000000000000000000e+00 8.361549202634370327e+08 8.150274538341438770e+08 1.005373035105543494e+09 6.865932197224522829e+08 1.187658811092376709e+03 1.676000000000000000e+03 1.661000000000000000e+03
1.700000000000000000e+02 2.250000000000000000e+00 4.000000000000000000e+00 0.000000000000000000e+00 8.361549202634370327e+08 8.150274538341438770e+08 1.010717947774291635e+09 7.337252997041146755e+08 1.865243978500366211e+02 1.768000000000000000e+03 1.748000000000000000e+03
1.700000000000000000e+02 2.000000000000000000e+00 4.000000000000000000e+00 0.000000000000000000e+00 8.361549202634370327e+08 8.150274538341438770e+08 1.019996142832191110e+09 7.884428271876631975e+08 2.017002899646759033e+02 1.868000000000000000e+03 1.843000000000000000e+03
1.700000000000000000e+02 1.750000000000000000e+00 4.000000000000000000e+00 0.000000000000000000e+00 8.361549202634370327e+08 8.150274538341438770e+08 1.024453348580434799e+09 8.496228470110633373e+08 2.891754159927368164e+02 2.009000000000000000e+03 1.979000000000000000e+03
1.700000000000000000e+02 1.500000000000000000e+00 4.000000000000000000e+00 0.000000000000000000e+00 8.361549202634370327e+08 8.150274538341438770e+08 1.032020725871676087e+09 9.146152887820781469e+08 3.400529131889343262e+02 2.173000000000000000e+03 2.138000000000000000e+03
1.700000000000000000e+02 1.250000000000000000e+00 4.000000000000000000e+00 0.000000000000000000e+00 8.361549202634370327e+08 8.150274538341438770e+08 1.044680146967678428e+09 9.839139484428572655e+08 1.756444649696350098e+02 2.258000000000000000e+03 2.219000000000000000e+03
1.700000000000000000e+02 1.000000000000000000e+00 4.000000000000000000e+00 0.000000000000000000e+00 8.361549202634370327e+08 8.150274538341438770e+08 1.047354554663768172e+09 1.048285951203453064e+09 1.807376861572265625e+02 2.346000000000000000e+03 2.303000000000000000e+03
1.700000000000000000e+02 1.000000000000000000e+00 4.000000000000000000e+00 5.000000000000000000e+00 8.361549202634370327e+08 8.150274538341438770e+08 1.047465251598107815e+09 1.046997606864640474e+09 2.261836669445037842e+02 2.455000000000000000e+03 2.407000000000000000e+03
