# run number, exp fac, ti calc, ti opt, aep init calc (kW), aep init opt (kW), aep run calc (kW), aep run opt (kW), run time (s), obj func calls, sens func calls
7.800000000000000000e+01 3.000000000000000000e+00 4.000000000000000000e+00 0.000000000000000000e+00 8.556912198022953272e+08 8.375982260770533085e+08 9.765019456449917555e+08 6.116071378085765839e+08 2.698725327014923096e+03 1.471000000000000000e+03 1.466000000000000000e+03
7.800000000000000000e+01 2.750000000000000000e+00 4.000000000000000000e+00 0.000000000000000000e+00 8.556912198022953272e+08 8.375982260770533085e+08 9.902401722312217951e+08 6.477502919928537607e+08 5.993881349563598633e+02 1.810000000000000000e+03 1.800000000000000000e+03
7.800000000000000000e+01 2.500000000000000000e+00 4.000000000000000000e+00 0.000000000000000000e+00 8.556912198022953272e+08 8.375982260770533085e+08 9.967587251888809204e+08 6.881197652071145773e+08 6.341444787979125977e+02 2.170000000000000000e+03 2.155000000000000000e+03
7.800000000000000000e+01 2.250000000000000000e+00 4.000000000000000000e+00 0.000000000000000000e+00 8.556912198022953272e+08 8.375982260770533085e+08 1.002321670273045778e+09 7.337751712480278015e+08 2.734313960075378418e+02 2.326000000000000000e+03 2.306000000000000000e+03
7.800000000000000000e+01 2.000000000000000000e+00 4.000000000000000000e+00 0.000000000000000000e+00 8.556912198022953272e+08 8.375982260770533085e+08 1.012642925673930883e+09 7.858082532394409180e+08 3.765492157936096191e+02 2.583000000000000000e+03 2.558000000000000000e+03
7.800000000000000000e+01 1.750000000000000000e+00 4.000000000000000000e+00 0.000000000000000000e+00 8.556912198022953272e+08 8.375982260770533085e+08 1.017939335159971118e+09 8.457556221116362810e+08 8.827921986579895020e+01 2.645000000000000000e+03 2.616000000000000000e+03
7.800000000000000000e+01 1.500000000000000000e+00 4.000000000000000000e+00 0.000000000000000000e+00 8.556912198022953272e+08 8.375982260770533085e+08 1.028847450496909976e+09 9.100279808728784323e+08 3.046358687877655029e+02 2.849000000000000000e+03 2.816000000000000000e+03
7.800000000000000000e+01 1.250000000000000000e+00 4.000000000000000000e+00 0.000000000000000000e+00 8.556912198022953272e+08 8.375982260770533085e+08 1.041118703717252493e+09 9.784023560069878101e+08 1.016506330966949463e+02 2.922000000000000000e+03 2.885000000000000000e+03
7.800000000000000000e+01 1.000000000000000000e+00 4.000000000000000000e+00 0.000000000000000000e+00 8.556912198022953272e+08 8.375982260770533085e+08 1.042421152077407241e+09 1.043531070351765394e+09 9.733217096328735352e+01 2.992000000000000000e+03 2.951000000000000000e+03
7.800000000000000000e+01 1.000000000000000000e+00 4.000000000000000000e+00 5.000000000000000000e+00 8.556912198022953272e+08 8.375982260770533085e+08 1.042591535225738287e+09 1.042127864325351834e+09 7.602577304840087891e+01 3.048000000000000000e+03 3.003000000000000000e+03
