# run number, exp fac, ti calc, ti opt, aep init calc (kW), aep init opt (kW), aep run calc (kW), aep run opt (kW), run time (s), obj func calls, sens func calls
1.040000000000000000e+02 3.000000000000000000e+00 4.000000000000000000e+00 0.000000000000000000e+00 8.795416069797778130e+08 8.644335675280601978e+08 9.620212044965982437e+08 6.106627326307024956e+08 1.128636749029159546e+03 6.870000000000000000e+02 6.820000000000000000e+02
1.040000000000000000e+02 2.750000000000000000e+00 4.000000000000000000e+00 0.000000000000000000e+00 8.795416069797778130e+08 8.644335675280601978e+08 9.860837479267085791e+08 6.472068078568118811e+08 3.095808851718902588e+02 8.820000000000000000e+02 8.720000000000000000e+02
1.040000000000000000e+02 2.500000000000000000e+00 4.000000000000000000e+00 0.000000000000000000e+00 8.795416069797778130e+08 8.644335675280601978e+08 9.986383095646046400e+08 6.874250005691342354e+08 2.690054178237915039e+02 1.052000000000000000e+03 1.037000000000000000e+03
1.040000000000000000e+02 2.250000000000000000e+00 4.000000000000000000e+00 0.000000000000000000e+00 8.795416069797778130e+08 8.644335675280601978e+08 1.007037048104972959e+09 7.329802793159159422e+08 3.687708311080932617e+02 1.282000000000000000e+03 1.262000000000000000e+03
1.040000000000000000e+02 2.000000000000000000e+00 4.000000000000000000e+00 0.000000000000000000e+00 8.795416069797778130e+08 8.644335675280601978e+08 1.006864378272582889e+09 7.845160748902968168e+08 2.465954248905181885e+02 1.437000000000000000e+03 1.412000000000000000e+03
1.040000000000000000e+02 1.750000000000000000e+00 4.000000000000000000e+00 0.000000000000000000e+00 8.795416069797778130e+08 8.644335675280601978e+08 1.011067324730840683e+09 8.413988994629004002e+08 2.101224470138549805e+02 1.569000000000000000e+03 1.539000000000000000e+03
1.040000000000000000e+02 1.500000000000000000e+00 4.000000000000000000e+00 0.000000000000000000e+00 8.795416069797778130e+08 8.644335675280601978e+08 1.027241879554014921e+09 9.055820270470411777e+08 2.582177281379699707e+02 1.730000000000000000e+03 1.695000000000000000e+03
1.040000000000000000e+02 1.250000000000000000e+00 4.000000000000000000e+00 0.000000000000000000e+00 8.795416069797778130e+08 8.644335675280601978e+08 1.038562769657671571e+09 9.757412263372216225e+08 1.406253569126129150e+02 1.819000000000000000e+03 1.780000000000000000e+03
1.040000000000000000e+02 1.000000000000000000e+00 4.000000000000000000e+00 0.000000000000000000e+00 8.795416069797778130e+08 8.644335675280601978e+08 1.041452897267765284e+09 1.042098352144356132e+09 1.376055829524993896e+02 1.928000000000000000e+03 1.885000000000000000e+03
1.040000000000000000e+02 1.000000000000000000e+00 4.000000000000000000e+00 5.000000000000000000e+00 8.795416069797778130e+08 8.644335675280601978e+08 1.041695019506371856e+09 1.040991538138088346e+09 1.958139500617980957e+02 2.078000000000000000e+03 2.031000000000000000e+03
