# run number, exp fac, ti calc, ti opt, aep init calc (kW), aep init opt (kW), aep run calc (kW), aep run opt (kW), run time (s), obj func calls, sens func calls
1.160000000000000000e+02 3.000000000000000000e+00 4.000000000000000000e+00 0.000000000000000000e+00 8.720873100437766314e+08 8.544851383760470152e+08 9.608382323813912868e+08 6.074198794713095427e+08 8.502873067855834961e+02 5.040000000000000000e+02 4.990000000000000000e+02
1.160000000000000000e+02 2.750000000000000000e+00 4.000000000000000000e+00 0.000000000000000000e+00 8.720873100437766314e+08 8.544851383760470152e+08 9.653537496624337435e+08 6.430657618895211220e+08 3.582392499446868896e+02 7.190000000000000000e+02 7.090000000000000000e+02
1.160000000000000000e+02 2.500000000000000000e+00 4.000000000000000000e+00 0.000000000000000000e+00 8.720873100437766314e+08 8.544851383760470152e+08 9.795107348406941891e+08 6.821971050950002670e+08 8.157896270751953125e+02 1.204000000000000000e+03 1.189000000000000000e+03
1.160000000000000000e+02 2.250000000000000000e+00 4.000000000000000000e+00 0.000000000000000000e+00 8.720873100437766314e+08 8.544851383760470152e+08 9.952119037891505957e+08 7.268676562830064297e+08 8.509185409545898438e+02 1.698000000000000000e+03 1.678000000000000000e+03
1.160000000000000000e+02 2.000000000000000000e+00 4.000000000000000000e+00 0.000000000000000000e+00 8.720873100437766314e+08 8.544851383760470152e+08 1.003718259462371826e+09 7.776193156723918915e+08 2.728457379341125488e+02 1.854000000000000000e+03 1.829000000000000000e+03
1.160000000000000000e+02 1.750000000000000000e+00 4.000000000000000000e+00 0.000000000000000000e+00 8.720873100437766314e+08 8.544851383760470152e+08 1.009497272684837818e+09 8.348444205659220219e+08 2.658230009078979492e+02 2.017000000000000000e+03 1.987000000000000000e+03
1.160000000000000000e+02 1.500000000000000000e+00 4.000000000000000000e+00 0.000000000000000000e+00 8.720873100437766314e+08 8.544851383760470152e+08 1.030176535587561250e+09 9.009240668805713654e+08 1.161101927995681763e+03 2.711000000000000000e+03 2.676000000000000000e+03
1.160000000000000000e+02 1.250000000000000000e+00 4.000000000000000000e+00 0.000000000000000000e+00 8.720873100437766314e+08 8.544851383760470152e+08 1.037316677289866209e+09 9.716890519223651886e+08 1.722513389587402344e+02 2.804000000000000000e+03 2.765000000000000000e+03
1.160000000000000000e+02 1.000000000000000000e+00 4.000000000000000000e+00 0.000000000000000000e+00 8.720873100437766314e+08 8.544851383760470152e+08 1.038869335949251294e+09 1.039651840096889019e+09 1.429242858886718750e+02 2.893000000000000000e+03 2.850000000000000000e+03
1.160000000000000000e+02 1.000000000000000000e+00 4.000000000000000000e+00 5.000000000000000000e+00 8.720873100437766314e+08 8.544851383760470152e+08 1.038995393806509137e+09 1.038288680360944033e+09 1.040780568122863770e+02 2.961000000000000000e+03 2.914000000000000000e+03
