# run number, exp fac, ti calc, ti opt, aep init calc (kW), aep init opt (kW), aep run calc (kW), aep run opt (kW), run time (s), obj func calls, sens func calls
5.900000000000000000e+01 3.000000000000000000e+00 4.000000000000000000e+00 0.000000000000000000e+00 8.354176210794137716e+08 8.147257239797725677e+08 9.668428610205425024e+08 6.044143947019672394e+08 4.344377227067947388e+03 2.669000000000000000e+03 2.664000000000000000e+03
5.900000000000000000e+01 2.750000000000000000e+00 4.000000000000000000e+00 0.000000000000000000e+00 8.354176210794137716e+08 8.147257239797725677e+08 9.709992843926572800e+08 6.409323425113625526e+08 6.845414459705352783e+02 3.095000000000000000e+03 3.085000000000000000e+03
5.900000000000000000e+01 2.500000000000000000e+00 4.000000000000000000e+00 0.000000000000000000e+00 8.354176210794137716e+08 8.147257239797725677e+08 9.793658678238638639e+08 6.812991012727308273e+08 4.286812407970428467e+02 3.364000000000000000e+03 3.349000000000000000e+03
5.900000000000000000e+01 2.250000000000000000e+00 4.000000000000000000e+00 0.000000000000000000e+00 8.354176210794137716e+08 8.147257239797725677e+08 1.001052692384934306e+09 7.270422559214107990e+08 3.012035770416259766e+02 3.555000000000000000e+03 3.535000000000000000e+03
5.900000000000000000e+01 2.000000000000000000e+00 4.000000000000000000e+00 0.000000000000000000e+00 8.354176210794137716e+08 8.147257239797725677e+08 1.017505205787823796e+09 7.796544882238317728e+08 3.137523479461669922e+02 3.751000000000000000e+03 3.726000000000000000e+03
5.900000000000000000e+01 1.750000000000000000e+00 4.000000000000000000e+00 0.000000000000000000e+00 8.354176210794137716e+08 8.147257239797725677e+08 1.021878849533047080e+09 8.394899990349717140e+08 7.253326606750488281e+01 3.799000000000000000e+03 3.770000000000000000e+03
5.900000000000000000e+01 1.500000000000000000e+00 4.000000000000000000e+00 0.000000000000000000e+00 8.354176210794137716e+08 8.147257239797725677e+08 1.033785455275460482e+09 9.054392914381930828e+08 9.195001602172851562e+01 3.858000000000000000e+03 3.825000000000000000e+03
5.900000000000000000e+01 1.250000000000000000e+00 4.000000000000000000e+00 0.000000000000000000e+00 8.354176210794137716e+08 8.147257239797725677e+08 1.044066223761253834e+09 9.773900239778912067e+08 1.067878608703613281e+02 3.926000000000000000e+03 3.889000000000000000e+03
5.900000000000000000e+01 1.000000000000000000e+00 4.000000000000000000e+00 0.000000000000000000e+00 8.354176210794137716e+08 8.147257239797725677e+08 1.046005533663966179e+09 1.047245658180162430e+09 4.426355850696563721e+02 4.198000000000000000e+03 4.156000000000000000e+03
5.900000000000000000e+01 1.000000000000000000e+00 4.000000000000000000e+00 5.000000000000000000e+00 8.354176210794137716e+08 8.147257239797725677e+08 1.046116602640321493e+09 1.045890388293219209e+09 7.849899101257324219e+01 4.248000000000000000e+03 4.202000000000000000e+03
