# run number, exp fac, ti calc, ti opt, aep init calc (kW), aep init opt (kW), aep run calc (kW), aep run opt (kW), run time (s), obj func calls, sens func calls
8.000000000000000000e+00 3.000000000000000000e+00 4.000000000000000000e+00 0.000000000000000000e+00 8.365283213574746847e+08 8.176724857575435638e+08 9.715474780356029272e+08 6.072496048605053425e+08 2.317498152971267700e+03 9.000000000000000000e+02 8.950000000000000000e+02
8.000000000000000000e+00 2.750000000000000000e+00 4.000000000000000000e+00 0.000000000000000000e+00 8.365283213574746847e+08 8.176724857575435638e+08 9.783595345893533230e+08 6.434590140979372263e+08 1.251616899013519287e+03 1.396000000000000000e+03 1.386000000000000000e+03
8.000000000000000000e+00 2.500000000000000000e+00 4.000000000000000000e+00 0.000000000000000000e+00 8.365283213574746847e+08 8.176724857575435638e+08 9.857586282435845137e+08 6.833858098920160532e+08 7.556926441192626953e+02 1.713000000000000000e+03 1.698000000000000000e+03
8.000000000000000000e+00 2.250000000000000000e+00 4.000000000000000000e+00 0.000000000000000000e+00 8.365283213574746847e+08 8.176724857575435638e+08 9.964024147353357077e+08 7.282385338862107992e+08 2.408331859111785889e+02 1.818000000000000000e+03 1.798000000000000000e+03
8.000000000000000000e+00 2.000000000000000000e+00 4.000000000000000000e+00 0.000000000000000000e+00 8.365283213574746847e+08 8.176724857575435638e+08 1.005179051601258636e+09 7.791263772767457962e+08 4.439592170715332031e+02 2.005000000000000000e+03 1.980000000000000000e+03
8.000000000000000000e+00 1.750000000000000000e+00 4.000000000000000000e+00 0.000000000000000000e+00 8.365283213574746847e+08 8.176724857575435638e+08 1.016114007495279312e+09 8.370530394746097326e+08 4.666045091152191162e+02 2.204000000000000000e+03 2.174000000000000000e+03
8.000000000000000000e+00 1.500000000000000000e+00 4.000000000000000000e+00 0.000000000000000000e+00 8.365283213574746847e+08 8.176724857575435638e+08 1.030927802860589027e+09 9.032813098274190426e+08 2.978423180580139160e+02 2.331000000000000000e+03 2.296000000000000000e+03
8.000000000000000000e+00 1.250000000000000000e+00 4.000000000000000000e+00 0.000000000000000000e+00 8.365283213574746847e+08 8.176724857575435638e+08 1.036161049456677794e+09 9.728743613577209711e+08 3.182831611633300781e+02 2.461000000000000000e+03 2.421000000000000000e+03
8.000000000000000000e+00 1.000000000000000000e+00 4.000000000000000000e+00 0.000000000000000000e+00 8.365283213574746847e+08 8.176724857575435638e+08 1.041115568170346141e+09 1.041703080240296841e+09 2.875031049251556396e+02 2.583000000000000000e+03 2.539000000000000000e+03
8.000000000000000000e+00 1.000000000000000000e+00 4.000000000000000000e+00 5.000000000000000000e+00 8.365283213574746847e+08 8.176724857575435638e+08 1.041269398155730963e+09 1.040502524923683047e+09 2.180582411289215088e+02 2.677000000000000000e+03 2.629000000000000000e+03
