# run number, exp fac, ti calc, ti opt, aep init calc (kW), aep init opt (kW), aep run calc (kW), aep run opt (kW), run time (s), obj func calls, sens func calls
6.500000000000000000e+01 3.000000000000000000e+00 4.000000000000000000e+00 0.000000000000000000e+00 8.228700611573141813e+08 8.033407360228627920e+08 9.614732942485699654e+08 6.073996109230475426e+08 6.414981489181518555e+02 3.600000000000000000e+02 3.550000000000000000e+02
6.500000000000000000e+01 2.750000000000000000e+00 4.000000000000000000e+00 0.000000000000000000e+00 8.228700611573141813e+08 8.033407360228627920e+08 9.732473872363796234e+08 6.460099869885146618e+08 3.334817237854003906e+02 5.690000000000000000e+02 5.590000000000000000e+02
6.500000000000000000e+01 2.500000000000000000e+00 4.000000000000000000e+00 0.000000000000000000e+00 8.228700611573141813e+08 8.033407360228627920e+08 9.786665555170279741e+08 6.865810824836125374e+08 3.404886429309844971e+02 7.830000000000000000e+02 7.680000000000000000e+02
6.500000000000000000e+01 2.250000000000000000e+00 4.000000000000000000e+00 0.000000000000000000e+00 8.228700611573141813e+08 8.033407360228627920e+08 9.890062971872414351e+08 7.316664224478763342e+08 2.160053920745849609e+02 9.210000000000000000e+02 9.010000000000000000e+02
6.500000000000000000e+01 2.000000000000000000e+00 4.000000000000000000e+00 0.000000000000000000e+00 8.228700611573141813e+08 8.033407360228627920e+08 1.004401508827130437e+09 7.829104102666351795e+08 2.462735850811004639e+02 1.077000000000000000e+03 1.052000000000000000e+03
6.500000000000000000e+01 1.750000000000000000e+00 4.000000000000000000e+00 0.000000000000000000e+00 8.228700611573141813e+08 8.033407360228627920e+08 1.010731349625538468e+09 8.397853723366622925e+08 2.186515650749206543e+02 1.216000000000000000e+03 1.186000000000000000e+03
6.500000000000000000e+01 1.500000000000000000e+00 4.000000000000000000e+00 0.000000000000000000e+00 8.228700611573141813e+08 8.033407360228627920e+08 1.028186738941297054e+09 9.032726673551578522e+08 1.291555600166320801e+02 1.299000000000000000e+03 1.265000000000000000e+03
6.500000000000000000e+01 1.250000000000000000e+00 4.000000000000000000e+00 0.000000000000000000e+00 8.228700611573141813e+08 8.033407360228627920e+08 1.042793971100174427e+09 9.758540469879528284e+08 1.419758849143981934e+02 1.389000000000000000e+03 1.351000000000000000e+03
6.500000000000000000e+01 1.000000000000000000e+00 4.000000000000000000e+00 0.000000000000000000e+00 8.228700611573141813e+08 8.033407360228627920e+08 1.044645993388371944e+09 1.044623110178752780e+09 1.245604429244995117e+02 1.468000000000000000e+03 1.426000000000000000e+03
6.500000000000000000e+01 1.000000000000000000e+00 4.000000000000000000e+00 5.000000000000000000e+00 8.228700611573141813e+08 8.033407360228627920e+08 1.044769026661653638e+09 1.043417660041934729e+09 8.201443195343017578e+01 1.520000000000000000e+03 1.474000000000000000e+03
