# run number, exp fac, ti calc, ti opt, aep init calc (kW), aep init opt (kW), aep run calc (kW), aep run opt (kW), run time (s), obj func calls, sens func calls
1.060000000000000000e+02 3.000000000000000000e+00 4.000000000000000000e+00 0.000000000000000000e+00 8.052252833690915108e+08 7.861297050328906775e+08 9.659484507368527651e+08 6.079514169824012518e+08 1.492728086948394775e+03 8.670000000000000000e+02 8.620000000000000000e+02
1.060000000000000000e+02 2.750000000000000000e+00 4.000000000000000000e+00 0.000000000000000000e+00 8.052252833690915108e+08 7.861297050328906775e+08 9.694626893639644384e+08 6.441602410890992880e+08 6.541644759178161621e+02 1.266000000000000000e+03 1.256000000000000000e+03
1.060000000000000000e+02 2.500000000000000000e+00 4.000000000000000000e+00 0.000000000000000000e+00 8.052252833690915108e+08 7.861297050328906775e+08 9.783225795586907864e+08 6.840056195648591518e+08 4.222242751121520996e+02 1.526000000000000000e+03 1.511000000000000000e+03
1.060000000000000000e+02 2.250000000000000000e+00 4.000000000000000000e+00 0.000000000000000000e+00 8.052252833690915108e+08 7.861297050328906775e+08 1.007680503453834534e+09 7.300628273106465340e+08 8.277714190483093262e+02 2.026000000000000000e+03 2.006000000000000000e+03
1.060000000000000000e+02 2.000000000000000000e+00 4.000000000000000000e+00 0.000000000000000000e+00 8.052252833690915108e+08 7.861297050328906775e+08 1.013338329089518428e+09 7.829919545830851793e+08 9.880001170635223389e+02 2.824000000000000000e+03 2.799000000000000000e+03
1.060000000000000000e+02 1.750000000000000000e+00 4.000000000000000000e+00 0.000000000000000000e+00 8.052252833690915108e+08 7.861297050328906775e+08 1.021215345105806470e+09 8.427569628958187103e+08 2.153886859416961670e+02 3.003000000000000000e+03 2.973000000000000000e+03
1.060000000000000000e+02 1.500000000000000000e+00 4.000000000000000000e+00 0.000000000000000000e+00 8.052252833690915108e+08 7.861297050328906775e+08 1.033210276371465564e+09 9.089365477779958248e+08 3.913500301837921143e+02 3.315000000000000000e+03 3.280000000000000000e+03
1.060000000000000000e+02 1.250000000000000000e+00 4.000000000000000000e+00 0.000000000000000000e+00 8.052252833690915108e+08 7.861297050328906775e+08 1.044334640740550041e+09 9.800304603492487669e+08 1.104421041011810303e+02 3.406000000000000000e+03 3.367000000000000000e+03
1.060000000000000000e+02 1.000000000000000000e+00 4.000000000000000000e+00 0.000000000000000000e+00 8.052252833690915108e+08 7.861297050328906775e+08 1.045607367733853102e+09 1.045338669405531168e+09 1.050085501670837402e+02 3.497000000000000000e+03 3.454000000000000000e+03
1.060000000000000000e+02 1.000000000000000000e+00 4.000000000000000000e+00 5.000000000000000000e+00 8.052252833690915108e+08 7.861297050328906775e+08 1.045510606251036406e+09 1.044560779787828088e+09 1.093209331035614014e+02 3.589000000000000000e+03 3.542000000000000000e+03
