# run number, exp fac, ti calc, ti opt, aep init calc (kW), aep init opt (kW), aep run calc (kW), aep run opt (kW), run time (s), obj func calls, sens func calls
1.810000000000000000e+02 3.000000000000000000e+00 4.000000000000000000e+00 0.000000000000000000e+00 8.288914583088349104e+08 8.049207059509787560e+08 9.601933962760039568e+08 6.080277953006895781e+08 2.204566567897796631e+03 9.950000000000000000e+02 9.900000000000000000e+02
1.810000000000000000e+02 2.750000000000000000e+00 4.000000000000000000e+00 0.000000000000000000e+00 8.288914583088349104e+08 8.049207059509787560e+08 9.674953306756738424e+08 6.439520138998689651e+08 4.471260819435119629e+02 1.205000000000000000e+03 1.195000000000000000e+03
1.810000000000000000e+02 2.500000000000000000e+00 4.000000000000000000e+00 0.000000000000000000e+00 8.288914583088349104e+08 8.049207059509787560e+08 9.789124496343425512e+08 6.838643126933940649e+08 5.351407549381256104e+02 1.456000000000000000e+03 1.441000000000000000e+03
1.810000000000000000e+02 2.250000000000000000e+00 4.000000000000000000e+00 0.000000000000000000e+00 8.288914583088349104e+08 8.049207059509787560e+08 9.877434466594399214e+08 7.284801019604045153e+08 2.137263442993164062e+03 2.666000000000000000e+03 2.646000000000000000e+03
1.810000000000000000e+02 2.000000000000000000e+00 4.000000000000000000e+00 0.000000000000000000e+00 8.288914583088349104e+08 8.049207059509787560e+08 1.002797550314573646e+09 7.786300471962016821e+08 1.469171359539031982e+02 2.779000000000000000e+03 2.754000000000000000e+03
1.810000000000000000e+02 1.750000000000000000e+00 4.000000000000000000e+00 0.000000000000000000e+00 8.288914583088349104e+08 8.049207059509787560e+08 1.021240994131650805e+09 8.364664899237189293e+08 2.647147908210754395e+02 2.979000000000000000e+03 2.949000000000000000e+03
1.810000000000000000e+02 1.500000000000000000e+00 4.000000000000000000e+00 0.000000000000000000e+00 8.288914583088349104e+08 8.049207059509787560e+08 1.032645476890873075e+09 9.024178114229490757e+08 9.240311002731323242e+01 3.050000000000000000e+03 3.016000000000000000e+03
1.810000000000000000e+02 1.250000000000000000e+00 4.000000000000000000e+00 0.000000000000000000e+00 8.288914583088349104e+08 8.049207059509787560e+08 1.040938939154124737e+09 9.744386058328386545e+08 7.390671801567077637e+01 3.107000000000000000e+03 3.069000000000000000e+03
1.810000000000000000e+02 1.000000000000000000e+00 4.000000000000000000e+00 0.000000000000000000e+00 8.288914583088349104e+08 8.049207059509787560e+08 1.042815647145483851e+09 1.043524064869792700e+09 1.068698468208312988e+02 3.189000000000000000e+03 3.147000000000000000e+03
1.810000000000000000e+02 1.000000000000000000e+00 4.000000000000000000e+00 5.000000000000000000e+00 8.288914583088349104e+08 8.049207059509787560e+08 1.042891263095191360e+09 1.042235792147367001e+09 7.466157293319702148e+01 3.246000000000000000e+03 3.200000000000000000e+03
