# run number, exp fac, ti calc, ti opt, aep init calc (kW), aep init opt (kW), aep run calc (kW), aep run opt (kW), run time (s), obj func calls, sens func calls
4.800000000000000000e+01 3.000000000000000000e+00 4.000000000000000000e+00 0.000000000000000000e+00 8.371803249190294743e+08 8.128174487643522024e+08 9.781040142842903137e+08 6.141897913130364418e+08 4.344939723014831543e+03 1.477000000000000000e+03 1.472000000000000000e+03
4.800000000000000000e+01 2.750000000000000000e+00 4.000000000000000000e+00 0.000000000000000000e+00 8.371803249190294743e+08 8.128174487643522024e+08 9.781040142854462862e+08 6.499746252815483809e+08 6.293581509590148926e+01 1.505000000000000000e+03 1.495000000000000000e+03
4.800000000000000000e+01 2.500000000000000000e+00 4.000000000000000000e+00 0.000000000000000000e+00 8.371803249190294743e+08 8.128174487643522024e+08 9.975221333399777412e+08 6.910968767852749825e+08 5.502736108303070068e+02 1.712000000000000000e+03 1.697000000000000000e+03
4.800000000000000000e+01 2.250000000000000000e+00 4.000000000000000000e+00 0.000000000000000000e+00 8.371803249190294743e+08 8.128174487643522024e+08 9.986115909057148695e+08 7.361802721523293257e+08 3.155517849922180176e+02 1.833000000000000000e+03 1.813000000000000000e+03
4.800000000000000000e+01 2.000000000000000000e+00 4.000000000000000000e+00 0.000000000000000000e+00 8.371803249190294743e+08 8.128174487643522024e+08 1.003899448202201843e+09 7.869013105806620121e+08 3.323560838699340820e+02 1.961000000000000000e+03 1.936000000000000000e+03
4.800000000000000000e+01 1.750000000000000000e+00 4.000000000000000000e+00 0.000000000000000000e+00 8.371803249190294743e+08 8.128174487643522024e+08 1.010652800416232824e+09 8.429852585814799070e+08 1.033245229005813599e+03 2.344000000000000000e+03 2.314000000000000000e+03
4.800000000000000000e+01 1.500000000000000000e+00 4.000000000000000000e+00 0.000000000000000000e+00 8.371803249190294743e+08 8.128174487643522024e+08 1.019919097544783711e+09 9.037850075840867758e+08 3.219124679565429688e+02 2.485000000000000000e+03 2.450000000000000000e+03
4.800000000000000000e+01 1.250000000000000000e+00 4.000000000000000000e+00 0.000000000000000000e+00 8.371803249190294743e+08 8.128174487643522024e+08 1.037628217673156381e+09 9.728659618873746395e+08 1.580383911132812500e+02 2.556000000000000000e+03 2.517000000000000000e+03
4.800000000000000000e+01 1.000000000000000000e+00 4.000000000000000000e+00 0.000000000000000000e+00 8.371803249190294743e+08 8.128174487643522024e+08 1.038870749161501288e+09 1.039362603652751207e+09 2.295469400882720947e+02 2.657000000000000000e+03 2.614000000000000000e+03
4.800000000000000000e+01 1.000000000000000000e+00 4.000000000000000000e+00 5.000000000000000000e+00 8.371803249190294743e+08 8.128174487643522024e+08 1.039005230832669616e+09 1.038137242254804134e+09 1.396139039993286133e+02 2.717000000000000000e+03 2.670000000000000000e+03
