# run number, exp fac, ti calc, ti opt, aep init calc (kW), aep init opt (kW), aep run calc (kW), aep run opt (kW), run time (s), obj func calls, sens func calls
2.400000000000000000e+01 3.000000000000000000e+00 4.000000000000000000e+00 0.000000000000000000e+00 8.270643367233660221e+08 8.080517385251932144e+08 9.696128988003658056e+08 6.042633292193412781e+08 4.113552576065063477e+03 1.569000000000000000e+03 1.564000000000000000e+03
2.400000000000000000e+01 2.750000000000000000e+00 4.000000000000000000e+00 0.000000000000000000e+00 8.270643367233660221e+08 8.080517385251932144e+08 9.790846464016395807e+08 6.405785742134093046e+08 6.922166888713836670e+02 1.861000000000000000e+03 1.851000000000000000e+03
2.400000000000000000e+01 2.500000000000000000e+00 4.000000000000000000e+00 0.000000000000000000e+00 8.270643367233660221e+08 8.080517385251932144e+08 9.859156713444668055e+08 6.813196892669792175e+08 4.092819950580596924e+02 2.039000000000000000e+03 2.024000000000000000e+03
2.400000000000000000e+01 2.250000000000000000e+00 4.000000000000000000e+00 0.000000000000000000e+00 8.270643367233660221e+08 8.080517385251932144e+08 9.970647600840139389e+08 7.271697941244759560e+08 2.652406489849090576e+02 2.155000000000000000e+03 2.135000000000000000e+03
2.400000000000000000e+01 2.000000000000000000e+00 4.000000000000000000e+00 0.000000000000000000e+00 8.270643367233660221e+08 8.080517385251932144e+08 1.007974026838592291e+09 7.791777635954197645e+08 4.617031261920928955e+02 2.403000000000000000e+03 2.378000000000000000e+03
2.400000000000000000e+01 1.750000000000000000e+00 4.000000000000000000e+00 0.000000000000000000e+00 8.270643367233660221e+08 8.080517385251932144e+08 1.019528237472704768e+09 8.383936574841036797e+08 4.316989338397979736e+02 2.663000000000000000e+03 2.633000000000000000e+03
2.400000000000000000e+01 1.500000000000000000e+00 4.000000000000000000e+00 0.000000000000000000e+00 8.270643367233660221e+08 8.080517385251932144e+08 1.036833394467541099e+09 9.058937149897646904e+08 3.813183259963989258e+02 2.798000000000000000e+03 2.763000000000000000e+03
2.400000000000000000e+01 1.250000000000000000e+00 4.000000000000000000e+00 0.000000000000000000e+00 8.270643367233660221e+08 8.080517385251932144e+08 1.043652657756801367e+09 9.781338141249173880e+08 3.652861568927764893e+02 2.869000000000000000e+03 2.830000000000000000e+03
2.400000000000000000e+01 1.000000000000000000e+00 4.000000000000000000e+00 0.000000000000000000e+00 8.270643367233660221e+08 8.080517385251932144e+08 1.046317431122312784e+09 1.047063686294969082e+09 1.513796508312225342e+02 2.955000000000000000e+03 2.912000000000000000e+03
2.400000000000000000e+01 1.000000000000000000e+00 4.000000000000000000e+00 5.000000000000000000e+00 8.270643367233660221e+08 8.080517385251932144e+08 1.046428779160965919e+09 1.045663802115910888e+09 1.199555118083953857e+02 3.008000000000000000e+03 2.961000000000000000e+03
