# run number, exp fac, ti calc, ti opt, aep init calc (kW), aep init opt (kW), aep run calc (kW), aep run opt (kW), run time (s), obj func calls, sens func calls
1.980000000000000000e+02 3.000000000000000000e+00 4.000000000000000000e+00 0.000000000000000000e+00 8.548512545829209089e+08 8.377173791851056814e+08 9.590655992062078714e+08 6.081204053077595234e+08 4.614981393098831177e+03 2.134000000000000000e+03 2.129000000000000000e+03
1.980000000000000000e+02 2.750000000000000000e+00 4.000000000000000000e+00 0.000000000000000000e+00 8.548512545829209089e+08 8.377173791851056814e+08 9.665656564382392168e+08 6.444590989161928892e+08 3.272980449199676514e+02 2.292000000000000000e+03 2.282000000000000000e+03
1.980000000000000000e+02 2.500000000000000000e+00 4.000000000000000000e+00 0.000000000000000000e+00 8.548512545829209089e+08 8.377173791851056814e+08 9.931716701189914942e+08 6.849482471318528652e+08 3.091735687971115112e+03 3.874000000000000000e+03 3.859000000000000000e+03
1.980000000000000000e+02 2.250000000000000000e+00 4.000000000000000000e+00 0.000000000000000000e+00 8.548512545829209089e+08 8.377173791851056814e+08 1.004513833660257578e+09 7.310814341958642006e+08 3.427860150337219238e+02 4.126000000000000000e+03 4.106000000000000000e+03
1.980000000000000000e+02 2.000000000000000000e+00 4.000000000000000000e+00 0.000000000000000000e+00 8.548512545829209089e+08 8.377173791851056814e+08 1.012309977904333115e+09 7.832448888959653378e+08 3.052621009349822998e+02 4.351000000000000000e+03 4.326000000000000000e+03
1.980000000000000000e+02 1.750000000000000000e+00 4.000000000000000000e+00 0.000000000000000000e+00 8.548512545829209089e+08 8.377173791851056814e+08 1.016120857166778207e+09 8.414324487426075935e+08 8.852832102775573730e+01 4.419000000000000000e+03 4.390000000000000000e+03
1.980000000000000000e+02 1.500000000000000000e+00 4.000000000000000000e+00 0.000000000000000000e+00 8.548512545829209089e+08 8.377173791851056814e+08 1.033977924646637321e+09 9.068837163416643143e+08 1.636275968551635742e+02 4.539000000000000000e+03 4.505000000000000000e+03
1.980000000000000000e+02 1.250000000000000000e+00 4.000000000000000000e+00 0.000000000000000000e+00 8.548512545829209089e+08 8.377173791851056814e+08 1.040579244647471666e+09 9.764493194033430815e+08 8.819824600219726562e+01 4.606000000000000000e+03 4.568000000000000000e+03
1.980000000000000000e+02 1.000000000000000000e+00 4.000000000000000000e+00 0.000000000000000000e+00 8.548512545829209089e+08 8.377173791851056814e+08 1.042472265232209921e+09 1.042473250471403122e+09 1.249094040393829346e+02 4.699000000000000000e+03 4.657000000000000000e+03
1.980000000000000000e+02 1.000000000000000000e+00 4.000000000000000000e+00 5.000000000000000000e+00 8.548512545829209089e+08 8.377173791851056814e+08 1.042628144536026120e+09 1.041280426393267274e+09 7.439312911033630371e+01 4.755000000000000000e+03 4.709000000000000000e+03
