# run number, exp fac, ti calc, ti opt, aep init calc (kW), aep init opt (kW), aep run calc (kW), aep run opt (kW), run time (s), obj func calls, sens func calls
2.200000000000000000e+01 3.000000000000000000e+00 4.000000000000000000e+00 0.000000000000000000e+00 8.670167835704218149e+08 8.508548172045294046e+08 9.661623375327717066e+08 6.111452205062606335e+08 2.095557561159133911e+03 7.170000000000000000e+02 7.120000000000000000e+02
2.200000000000000000e+01 2.750000000000000000e+00 4.000000000000000000e+00 0.000000000000000000e+00 8.670167835704218149e+08 8.508548172045294046e+08 9.750977970134174824e+08 6.471931453282691240e+08 8.584510450363159180e+02 1.022000000000000000e+03 1.012000000000000000e+03
2.200000000000000000e+01 2.500000000000000000e+00 4.000000000000000000e+00 0.000000000000000000e+00 8.670167835704218149e+08 8.508548172045294046e+08 9.826388573613157272e+08 6.880187839305214882e+08 3.565785360336303711e+02 1.153000000000000000e+03 1.138000000000000000e+03
2.200000000000000000e+01 2.250000000000000000e+00 4.000000000000000000e+00 0.000000000000000000e+00 8.670167835704218149e+08 8.508548172045294046e+08 9.993618790745130777e+08 7.330813490147169828e+08 3.008036549091339111e+02 1.266000000000000000e+03 1.246000000000000000e+03
2.200000000000000000e+01 2.000000000000000000e+00 4.000000000000000000e+00 0.000000000000000000e+00 8.670167835704218149e+08 8.508548172045294046e+08 1.007260152469702125e+09 7.848112277427811623e+08 3.788786668777465820e+02 1.408000000000000000e+03 1.383000000000000000e+03
2.200000000000000000e+01 1.750000000000000000e+00 4.000000000000000000e+00 0.000000000000000000e+00 8.670167835704218149e+08 8.508548172045294046e+08 1.016172894659257889e+09 8.426920315890789032e+08 8.714021539688110352e+02 1.728000000000000000e+03 1.698000000000000000e+03
2.200000000000000000e+01 1.500000000000000000e+00 4.000000000000000000e+00 0.000000000000000000e+00 8.670167835704218149e+08 8.508548172045294046e+08 1.021721132679508924e+09 9.053394224175953865e+08 5.576317877769470215e+02 1.937000000000000000e+03 1.902000000000000000e+03
2.200000000000000000e+01 1.250000000000000000e+00 4.000000000000000000e+00 0.000000000000000000e+00 8.670167835704218149e+08 8.508548172045294046e+08 1.039540138467576265e+09 9.756683409577569962e+08 2.105338220596313477e+02 2.018000000000000000e+03 1.979000000000000000e+03
2.200000000000000000e+01 1.000000000000000000e+00 4.000000000000000000e+00 0.000000000000000000e+00 8.670167835704218149e+08 8.508548172045294046e+08 1.043605800878701210e+09 1.044802013291171432e+09 2.539582960605621338e+02 2.115000000000000000e+03 2.072000000000000000e+03
2.200000000000000000e+01 1.000000000000000000e+00 4.000000000000000000e+00 5.000000000000000000e+00 8.670167835704218149e+08 8.508548172045294046e+08 1.043759263245891571e+09 1.043322546734862685e+09 2.511926431655883789e+02 2.210000000000000000e+03 2.163000000000000000e+03
