# run number, exp fac, ti calc, ti opt, aep init calc (kW), aep init opt (kW), aep run calc (kW), aep run opt (kW), run time (s), obj func calls, sens func calls
4.300000000000000000e+01 3.000000000000000000e+00 4.000000000000000000e+00 0.000000000000000000e+00 8.224867830647665262e+08 8.043810069601180553e+08 9.676028710579533577e+08 6.051471294795933962e+08 1.662661084890365601e+03 7.240000000000000000e+02 7.190000000000000000e+02
4.300000000000000000e+01 2.750000000000000000e+00 4.000000000000000000e+00 0.000000000000000000e+00 8.224867830647665262e+08 8.043810069601180553e+08 9.736964590894099474e+08 6.417213607619100809e+08 5.871755371093750000e+02 9.910000000000000000e+02 9.810000000000000000e+02
4.300000000000000000e+01 2.500000000000000000e+00 4.000000000000000000e+00 0.000000000000000000e+00 8.224867830647665262e+08 8.043810069601180553e+08 9.782133086698501110e+08 6.821023547969954014e+08 4.926639389991760254e+02 1.216000000000000000e+03 1.201000000000000000e+03
4.300000000000000000e+01 2.250000000000000000e+00 4.000000000000000000e+00 0.000000000000000000e+00 8.224867830647665262e+08 8.043810069601180553e+08 9.944379805473247766e+08 7.275052336882020235e+08 6.452568988800048828e+02 1.510000000000000000e+03 1.490000000000000000e+03
4.300000000000000000e+01 2.000000000000000000e+00 4.000000000000000000e+00 0.000000000000000000e+00 8.224867830647665262e+08 8.043810069601180553e+08 1.003267327051727653e+09 7.792265387955045700e+08 4.839323189258575439e+02 1.730000000000000000e+03 1.705000000000000000e+03
4.300000000000000000e+01 1.750000000000000000e+00 4.000000000000000000e+00 0.000000000000000000e+00 8.224867830647665262e+08 8.043810069601180553e+08 1.011926287014141202e+09 8.370467751113312244e+08 5.305847439765930176e+02 1.974000000000000000e+03 1.944000000000000000e+03
4.300000000000000000e+01 1.500000000000000000e+00 4.000000000000000000e+00 0.000000000000000000e+00 8.224867830647665262e+08 8.043810069601180553e+08 1.025303143240539074e+09 9.007987897555671930e+08 4.479194638729095459e+02 2.178000000000000000e+03 2.143000000000000000e+03
4.300000000000000000e+01 1.250000000000000000e+00 4.000000000000000000e+00 0.000000000000000000e+00 8.224867830647665262e+08 8.043810069601180553e+08 1.035052089458413243e+09 9.697000729748077393e+08 3.689924819469451904e+02 2.344000000000000000e+03 2.304000000000000000e+03
4.300000000000000000e+01 1.000000000000000000e+00 4.000000000000000000e+00 0.000000000000000000e+00 8.224867830647665262e+08 8.043810069601180553e+08 1.039878893728813291e+09 1.040436466380903602e+09 2.523089580535888672e+02 2.461000000000000000e+03 2.417000000000000000e+03
4.300000000000000000e+01 1.000000000000000000e+00 4.000000000000000000e+00 5.000000000000000000e+00 8.224867830647665262e+08 8.043810069601180553e+08 1.040007471641416073e+09 1.039157170527406693e+09 1.070061850547790527e+02 2.513000000000000000e+03 2.465000000000000000e+03
