# run number, exp fac, ti calc, ti opt, aep init calc (kW), aep init opt (kW), aep run calc (kW), aep run opt (kW), run time (s), obj func calls, sens func calls
1.200000000000000000e+01 3.000000000000000000e+00 4.000000000000000000e+00 0.000000000000000000e+00 8.560055923708398342e+08 8.368821437116190195e+08 9.650700997408653498e+08 6.051737716222133636e+08 2.840658892154693604e+03 1.652000000000000000e+03 1.647000000000000000e+03
1.200000000000000000e+01 2.750000000000000000e+00 4.000000000000000000e+00 0.000000000000000000e+00 8.560055923708398342e+08 8.368821437116190195e+08 9.682987222082347870e+08 6.415352294755768776e+08 3.945131199359893799e+02 1.891000000000000000e+03 1.881000000000000000e+03
1.200000000000000000e+01 2.500000000000000000e+00 4.000000000000000000e+00 0.000000000000000000e+00 8.560055923708398342e+08 8.368821437116190195e+08 9.742307613343200684e+08 6.809385165401067734e+08 5.079150350093841553e+02 2.223000000000000000e+03 2.208000000000000000e+03
1.200000000000000000e+01 2.250000000000000000e+00 4.000000000000000000e+00 0.000000000000000000e+00 8.560055923708398342e+08 8.368821437116190195e+08 9.860597660582637787e+08 7.279495472927831411e+08 3.516796960830688477e+02 2.486000000000000000e+03 2.466000000000000000e+03
1.200000000000000000e+01 2.000000000000000000e+00 4.000000000000000000e+00 0.000000000000000000e+00 8.560055923708398342e+08 8.368821437116190195e+08 9.995101017975702286e+08 7.776323362923464775e+08 9.289256882667541504e+01 2.559000000000000000e+03 2.535000000000000000e+03
1.200000000000000000e+01 1.750000000000000000e+00 4.000000000000000000e+00 0.000000000000000000e+00 8.560055923708398342e+08 8.368821437116190195e+08 1.008811050448652267e+09 8.338114434800288677e+08 2.022693219184875488e+02 2.717000000000000000e+03 2.688000000000000000e+03
1.200000000000000000e+01 1.500000000000000000e+00 4.000000000000000000e+00 0.000000000000000000e+00 8.560055923708398342e+08 8.368821437116190195e+08 1.029291979998181701e+09 8.979423464961965084e+08 2.027525138854980469e+02 2.874000000000000000e+03 2.840000000000000000e+03
1.200000000000000000e+01 1.250000000000000000e+00 4.000000000000000000e+00 0.000000000000000000e+00 8.560055923708398342e+08 8.368821437116190195e+08 1.035573160454439282e+09 9.691013143863184452e+08 1.369632492065429688e+02 2.979000000000000000e+03 2.941000000000000000e+03
1.200000000000000000e+01 1.000000000000000000e+00 4.000000000000000000e+00 0.000000000000000000e+00 8.560055923708398342e+08 8.368821437116190195e+08 1.037498170994775534e+09 1.037447236273104548e+09 1.252780921459197998e+02 3.077000000000000000e+03 3.035000000000000000e+03
1.200000000000000000e+01 1.000000000000000000e+00 4.000000000000000000e+00 5.000000000000000000e+00 8.560055923708398342e+08 8.368821437116190195e+08 1.037678483016192079e+09 1.036291610013606787e+09 1.071741859912872314e+02 3.160000000000000000e+03 3.114000000000000000e+03
