# run number, exp fac, ti calc, ti opt, aep init calc (kW), aep init opt (kW), aep run calc (kW), aep run opt (kW), run time (s), obj func calls, sens func calls
1.770000000000000000e+02 3.000000000000000000e+00 4.000000000000000000e+00 0.000000000000000000e+00 8.553046127878063917e+08 8.393667952032026052e+08 9.478329814817552567e+08 5.874400748873556852e+08 3.806619461059570312e+03 1.558000000000000000e+03 1.554000000000000000e+03
1.770000000000000000e+02 2.750000000000000000e+00 4.000000000000000000e+00 0.000000000000000000e+00 8.553046127878063917e+08 8.393667952032026052e+08 9.758598885160353184e+08 6.432140837974148989e+08 5.774673061370849609e+02 1.832000000000000000e+03 1.823000000000000000e+03
1.770000000000000000e+02 2.500000000000000000e+00 4.000000000000000000e+00 0.000000000000000000e+00 8.553046127878063917e+08 8.393667952032026052e+08 9.855561608128215075e+08 6.839682976671526432e+08 3.837357349395751953e+02 2.014000000000000000e+03 2.000000000000000000e+03
1.770000000000000000e+02 2.250000000000000000e+00 4.000000000000000000e+00 0.000000000000000000e+00 8.553046127878063917e+08 8.393667952032026052e+08 9.945199997982435226e+08 7.289471941348394156e+08 3.949949369430541992e+02 2.203000000000000000e+03 2.184000000000000000e+03
1.770000000000000000e+02 2.000000000000000000e+00 4.000000000000000000e+00 0.000000000000000000e+00 8.553046127878063917e+08 8.393667952032026052e+08 1.008154474765735865e+09 7.807690254608626366e+08 5.499726300239562988e+02 2.466000000000000000e+03 2.442000000000000000e+03
1.770000000000000000e+02 1.750000000000000000e+00 4.000000000000000000e+00 0.000000000000000000e+00 8.553046127878063917e+08 8.393667952032026052e+08 1.013073420066295385e+09 8.388787754954719543e+08 3.110915000438690186e+02 2.617000000000000000e+03 2.588000000000000000e+03
1.770000000000000000e+02 1.500000000000000000e+00 4.000000000000000000e+00 0.000000000000000000e+00 8.553046127878063917e+08 8.393667952032026052e+08 1.022171321047806859e+09 9.022108099385042191e+08 1.252723751068115234e+02 2.679000000000000000e+03 2.646000000000000000e+03
1.770000000000000000e+02 1.250000000000000000e+00 4.000000000000000000e+00 0.000000000000000000e+00 8.553046127878063917e+08 8.393667952032026052e+08 1.035342985381896138e+09 9.701578446441599131e+08 1.613183481693267822e+02 2.758000000000000000e+03 2.721000000000000000e+03
1.770000000000000000e+02 1.000000000000000000e+00 4.000000000000000000e+00 0.000000000000000000e+00 8.553046127878063917e+08 8.393667952032026052e+08 1.038453631416977763e+09 1.038667971287723660e+09 1.576670188903808594e+02 2.835000000000000000e+03 2.794000000000000000e+03
1.770000000000000000e+02 1.000000000000000000e+00 4.000000000000000000e+00 5.000000000000000000e+00 8.553046127878063917e+08 8.393667952032026052e+08 1.038630895677604675e+09 1.037347419182535887e+09 1.420842828750610352e+02 2.903000000000000000e+03 2.858000000000000000e+03
