# run number, exp fac, ti calc, ti opt, aep init calc (kW), aep init opt (kW), aep run calc (kW), aep run opt (kW), run time (s), obj func calls, sens func calls
1.820000000000000000e+02 3.000000000000000000e+00 4.000000000000000000e+00 0.000000000000000000e+00 8.031337562259806395e+08 7.821698536812149286e+08 9.746158970735991001e+08 6.118301892866475582e+08 1.642873290061950684e+03 7.500000000000000000e+02 7.450000000000000000e+02
1.820000000000000000e+02 2.750000000000000000e+00 4.000000000000000000e+00 0.000000000000000000e+00 8.031337562259806395e+08 7.821698536812149286e+08 9.785554665889856815e+08 6.481287267792608738e+08 5.885922210216522217e+02 1.030000000000000000e+03 1.020000000000000000e+03
1.820000000000000000e+02 2.500000000000000000e+00 4.000000000000000000e+00 0.000000000000000000e+00 8.031337562259806395e+08 7.821698536812149286e+08 9.823991256516660452e+08 6.880473321038277149e+08 3.226444959640502930e+02 1.186000000000000000e+03 1.171000000000000000e+03
1.820000000000000000e+02 2.250000000000000000e+00 4.000000000000000000e+00 0.000000000000000000e+00 8.031337562259806395e+08 7.821698536812149286e+08 9.908286375990504026e+08 7.335561968929371834e+08 3.152206699848175049e+02 1.339000000000000000e+03 1.319000000000000000e+03
1.820000000000000000e+02 2.000000000000000000e+00 4.000000000000000000e+00 0.000000000000000000e+00 8.031337562259806395e+08 7.821698536812149286e+08 1.007039556285082936e+09 7.844425477126990557e+08 3.748574469089508057e+02 1.522000000000000000e+03 1.497000000000000000e+03
1.820000000000000000e+02 1.750000000000000000e+00 4.000000000000000000e+00 0.000000000000000000e+00 8.031337562259806395e+08 7.821698536812149286e+08 1.011601749517120957e+09 8.414067507831308842e+08 8.339391589164733887e+01 1.565000000000000000e+03 1.536000000000000000e+03
1.820000000000000000e+02 1.500000000000000000e+00 4.000000000000000000e+00 0.000000000000000000e+00 8.031337562259806395e+08 7.821698536812149286e+08 1.027689411919183969e+09 9.034248445613286495e+08 7.941503260135650635e+02 1.945000000000000000e+03 1.911000000000000000e+03
1.820000000000000000e+02 1.250000000000000000e+00 4.000000000000000000e+00 0.000000000000000000e+00 8.031337562259806395e+08 7.821698536812149286e+08 1.036699460192798495e+09 9.717509190883096457e+08 1.348708910942077637e+02 2.012000000000000000e+03 1.974000000000000000e+03
1.820000000000000000e+02 1.000000000000000000e+00 4.000000000000000000e+00 0.000000000000000000e+00 8.031337562259806395e+08 7.821698536812149286e+08 1.038428096249706507e+09 1.039066355508558750e+09 1.524048669338226318e+02 2.088000000000000000e+03 2.046000000000000000e+03
1.820000000000000000e+02 1.000000000000000000e+00 4.000000000000000000e+00 5.000000000000000000e+00 8.031337562259806395e+08 7.821698536812149286e+08 1.038578017468171597e+09 1.037736981139945030e+09 1.026238849163055420e+02 2.140000000000000000e+03 2.094000000000000000e+03
