# run number, exp fac, ti calc, ti opt, aep init calc (kW), aep init opt (kW), aep run calc (kW), aep run opt (kW), run time (s), obj func calls, sens func calls
1.510000000000000000e+02 3.000000000000000000e+00 4.000000000000000000e+00 0.000000000000000000e+00 8.266303060529837608e+08 8.093489401190309525e+08 9.642505812978920937e+08 6.077476763088163137e+08 1.487221306800842285e+03 8.070000000000000000e+02 8.020000000000000000e+02
1.510000000000000000e+02 2.750000000000000000e+00 4.000000000000000000e+00 0.000000000000000000e+00 8.266303060529837608e+08 8.093489401190309525e+08 9.731081799805535078e+08 6.436946820708230734e+08 2.967431020736694336e+02 9.820000000000000000e+02 9.720000000000000000e+02
1.510000000000000000e+02 2.500000000000000000e+00 4.000000000000000000e+00 0.000000000000000000e+00 8.266303060529837608e+08 8.093489401190309525e+08 9.801864242678954601e+08 6.835891442343772650e+08 6.176912758350372314e+02 1.338000000000000000e+03 1.323000000000000000e+03
1.510000000000000000e+02 2.250000000000000000e+00 4.000000000000000000e+00 0.000000000000000000e+00 8.266303060529837608e+08 8.093489401190309525e+08 9.883028463086007833e+08 7.278877441631169319e+08 2.551753458976745605e+02 1.489000000000000000e+03 1.469000000000000000e+03
1.510000000000000000e+02 2.000000000000000000e+00 4.000000000000000000e+00 0.000000000000000000e+00 8.266303060529837608e+08 8.093489401190309525e+08 1.003374886442444324e+09 7.813950240394821167e+08 2.268138411045074463e+02 1.624000000000000000e+03 1.599000000000000000e+03
1.510000000000000000e+02 1.750000000000000000e+00 4.000000000000000000e+00 0.000000000000000000e+00 8.266303060529837608e+08 8.093489401190309525e+08 1.012312770944991589e+09 8.386421603674559593e+08 5.667483439445495605e+02 1.956000000000000000e+03 1.926000000000000000e+03
1.510000000000000000e+02 1.500000000000000000e+00 4.000000000000000000e+00 0.000000000000000000e+00 8.266303060529837608e+08 8.093489401190309525e+08 1.025834343909462929e+09 9.019901637686984539e+08 4.021443858146667480e+02 2.210000000000000000e+03 2.175000000000000000e+03
1.510000000000000000e+02 1.250000000000000000e+00 4.000000000000000000e+00 0.000000000000000000e+00 8.266303060529837608e+08 8.093489401190309525e+08 1.038807163721435428e+09 9.720898434493916035e+08 6.333829708099365234e+02 2.274000000000000000e+03 2.235000000000000000e+03
1.510000000000000000e+02 1.000000000000000000e+00 4.000000000000000000e+00 0.000000000000000000e+00 8.266303060529837608e+08 8.093489401190309525e+08 1.041407632595945716e+09 1.042206397101767421e+09 9.989129996299743652e+01 2.359000000000000000e+03 2.316000000000000000e+03
1.510000000000000000e+02 1.000000000000000000e+00 4.000000000000000000e+00 5.000000000000000000e+00 8.266303060529837608e+08 8.093489401190309525e+08 1.041520257154050231e+09 1.040855620753076792e+09 5.135634398460388184e+01 2.411000000000000000e+03 2.364000000000000000e+03
