# run number, exp fac, ti calc, ti opt, aep init calc (kW), aep init opt (kW), aep run calc (kW), aep run opt (kW), run time (s), obj func calls, sens func calls
1.450000000000000000e+02 3.000000000000000000e+00 4.000000000000000000e+00 0.000000000000000000e+00 8.321261129783521891e+08 8.104789829930517673e+08 9.678483669508724213e+08 6.115101712252278328e+08 2.713210008859634399e+03 1.242000000000000000e+03 1.237000000000000000e+03
1.450000000000000000e+02 2.750000000000000000e+00 4.000000000000000000e+00 0.000000000000000000e+00 8.321261129783521891e+08 8.104789829930517673e+08 9.705304186397472620e+08 6.478042735727350712e+08 2.682341620922088623e+02 1.375000000000000000e+03 1.365000000000000000e+03
1.450000000000000000e+02 2.500000000000000000e+00 4.000000000000000000e+00 0.000000000000000000e+00 8.321261129783521891e+08 8.104789829930517673e+08 9.908968514484924078e+08 6.875468727621150017e+08 3.808333439826965332e+02 1.560000000000000000e+03 1.545000000000000000e+03
1.450000000000000000e+02 2.250000000000000000e+00 4.000000000000000000e+00 0.000000000000000000e+00 8.321261129783521891e+08 8.104789829930517673e+08 1.000097271153954744e+09 7.326194488821070194e+08 8.278170809745788574e+02 1.961000000000000000e+03 1.941000000000000000e+03
1.450000000000000000e+02 2.000000000000000000e+00 4.000000000000000000e+00 0.000000000000000000e+00 8.321261129783521891e+08 8.104789829930517673e+08 1.014341465539563417e+09 7.846490845739679337e+08 4.233587770462036133e+02 2.167000000000000000e+03 2.142000000000000000e+03
1.450000000000000000e+02 1.750000000000000000e+00 4.000000000000000000e+00 0.000000000000000000e+00 8.321261129783521891e+08 8.104789829930517673e+08 1.016255197257993221e+09 8.430625034283702374e+08 1.388315508365631104e+02 2.236000000000000000e+03 2.207000000000000000e+03
1.450000000000000000e+02 1.500000000000000000e+00 4.000000000000000000e+00 0.000000000000000000e+00 8.321261129783521891e+08 8.104789829930517673e+08 1.027608333516415834e+09 9.070844143018859625e+08 7.444945559501647949e+02 2.613000000000000000e+03 2.580000000000000000e+03
1.450000000000000000e+02 1.250000000000000000e+00 4.000000000000000000e+00 0.000000000000000000e+00 8.321261129783521891e+08 8.104789829930517673e+08 1.039205703155784965e+09 9.764479356233625412e+08 1.279873960018157959e+02 2.703000000000000000e+03 2.666000000000000000e+03
1.450000000000000000e+02 1.000000000000000000e+00 4.000000000000000000e+00 0.000000000000000000e+00 8.321261129783521891e+08 8.104789829930517673e+08 1.040891280136484385e+09 1.041416219013140678e+09 9.995039486885070801e+01 2.777000000000000000e+03 2.736000000000000000e+03
1.450000000000000000e+02 1.000000000000000000e+00 4.000000000000000000e+00 5.000000000000000000e+00 8.321261129783521891e+08 8.104789829930517673e+08 1.041001296247255683e+09 1.040281777893182755e+09 7.338724899291992188e+01 2.832000000000000000e+03 2.787000000000000000e+03
