# run number, exp fac, ti calc, ti opt, aep init calc (kW), aep init opt (kW), aep run calc (kW), aep run opt (kW), run time (s), obj func calls, sens func calls
6.900000000000000000e+01 3.000000000000000000e+00 4.000000000000000000e+00 0.000000000000000000e+00 8.319618934039030075e+08 8.139345493758894205e+08 9.670651376607553959e+08 6.109612797735561132e+08 1.034681596994400024e+03 5.960000000000000000e+02 5.910000000000000000e+02
6.900000000000000000e+01 2.750000000000000000e+00 4.000000000000000000e+00 0.000000000000000000e+00 8.319618934039030075e+08 8.139345493758894205e+08 9.670651376607553959e+08 6.469464205390623808e+08 2.704370808601379395e+01 6.170000000000000000e+02 6.070000000000000000e+02
6.900000000000000000e+01 2.500000000000000000e+00 4.000000000000000000e+00 0.000000000000000000e+00 8.319618934039030075e+08 8.139345493758894205e+08 9.864865662141546011e+08 6.873402534309368134e+08 5.954988849163055420e+02 9.790000000000000000e+02 9.640000000000000000e+02
6.900000000000000000e+01 2.250000000000000000e+00 4.000000000000000000e+00 0.000000000000000000e+00 8.319618934039030075e+08 8.139345493758894205e+08 9.955610950779553652e+08 7.323628059593223333e+08 2.137016530036926270e+02 1.113000000000000000e+03 1.093000000000000000e+03
6.900000000000000000e+01 2.000000000000000000e+00 4.000000000000000000e+00 0.000000000000000000e+00 8.319618934039030075e+08 8.139345493758894205e+08 1.002909276730959892e+09 7.833608653972983360e+08 2.282370002269744873e+02 1.255000000000000000e+03 1.230000000000000000e+03
6.900000000000000000e+01 1.750000000000000000e+00 4.000000000000000000e+00 0.000000000000000000e+00 8.319618934039030075e+08 8.139345493758894205e+08 1.014460906523327112e+09 8.418052047509679794e+08 4.785216119289398193e+02 1.550000000000000000e+03 1.520000000000000000e+03
6.900000000000000000e+01 1.500000000000000000e+00 4.000000000000000000e+00 0.000000000000000000e+00 8.319618934039030075e+08 8.139345493758894205e+08 1.025883804142858982e+09 9.064483044170968533e+08 2.536496195077896118e+03 3.181000000000000000e+03 3.146000000000000000e+03
6.900000000000000000e+01 1.250000000000000000e+00 4.000000000000000000e+00 0.000000000000000000e+00 8.319618934039030075e+08 8.139345493758894205e+08 1.033380462257196903e+09 9.729246359803063869e+08 2.562780339717864990e+02 3.376000000000000000e+03 3.336000000000000000e+03
6.900000000000000000e+01 1.000000000000000000e+00 4.000000000000000000e+00 0.000000000000000000e+00 8.319618934039030075e+08 8.139345493758894205e+08 1.038903940672028542e+09 1.040221396595264316e+09 1.696444060802459717e+02 3.505000000000000000e+03 3.461000000000000000e+03
6.900000000000000000e+01 1.000000000000000000e+00 4.000000000000000000e+00 5.000000000000000000e+00 8.319618934039030075e+08 8.139345493758894205e+08 1.039020009669940948e+09 1.038721375618830442e+09 1.289335441589355469e+02 3.603000000000000000e+03 3.554000000000000000e+03
