# run number, exp fac, ti calc, ti opt, aep init calc (kW), aep init opt (kW), aep run calc (kW), aep run opt (kW), run time (s), obj func calls, sens func calls
1.290000000000000000e+02 3.000000000000000000e+00 4.000000000000000000e+00 0.000000000000000000e+00 8.478603680861718655e+08 8.304342856335681677e+08 9.567998545097761154e+08 6.062363286125583649e+08 1.668288270950317383e+03 1.022000000000000000e+03 1.017000000000000000e+03
1.290000000000000000e+02 2.750000000000000000e+00 4.000000000000000000e+00 0.000000000000000000e+00 8.478603680861718655e+08 8.304342856335681677e+08 9.660929004617660046e+08 6.467839933673086166e+08 7.011813740730285645e+02 1.466000000000000000e+03 1.456000000000000000e+03
1.290000000000000000e+02 2.500000000000000000e+00 4.000000000000000000e+00 0.000000000000000000e+00 8.478603680861718655e+08 8.304342856335681677e+08 9.720454332290468216e+08 6.862061437193729877e+08 3.584871408939361572e+02 1.694000000000000000e+03 1.679000000000000000e+03
1.290000000000000000e+02 2.250000000000000000e+00 4.000000000000000000e+00 0.000000000000000000e+00 8.478603680861718655e+08 8.304342856335681677e+08 9.910760044197036028e+08 7.303824901046241522e+08 1.752492830753326416e+02 1.809000000000000000e+03 1.789000000000000000e+03
1.290000000000000000e+02 2.000000000000000000e+00 4.000000000000000000e+00 0.000000000000000000e+00 8.478603680861718655e+08 8.304342856335681677e+08 1.001402570256210208e+09 7.798387587674413919e+08 6.962976531982421875e+02 2.247000000000000000e+03 2.222000000000000000e+03
1.290000000000000000e+02 1.750000000000000000e+00 4.000000000000000000e+00 0.000000000000000000e+00 8.478603680861718655e+08 8.304342856335681677e+08 1.010315740650285244e+09 8.359153059847815037e+08 3.121776678562164307e+02 2.447000000000000000e+03 2.417000000000000000e+03
1.290000000000000000e+02 1.500000000000000000e+00 4.000000000000000000e+00 0.000000000000000000e+00 8.478603680861718655e+08 8.304342856335681677e+08 1.022399133508385420e+09 8.977363176791561842e+08 1.658354542255401611e+02 2.559000000000000000e+03 2.525000000000000000e+03
1.290000000000000000e+02 1.250000000000000000e+00 4.000000000000000000e+00 0.000000000000000000e+00 8.478603680861718655e+08 8.304342856335681677e+08 1.037037474141283751e+09 9.694901920429360867e+08 1.336309161186218262e+02 2.649000000000000000e+03 2.611000000000000000e+03
1.290000000000000000e+02 1.000000000000000000e+00 4.000000000000000000e+00 0.000000000000000000e+00 8.478603680861718655e+08 8.304342856335681677e+08 1.038753320082885623e+09 1.039389903547700524e+09 1.619612760543823242e+02 2.757000000000000000e+03 2.715000000000000000e+03
1.290000000000000000e+02 1.000000000000000000e+00 4.000000000000000000e+00 5.000000000000000000e+00 8.478603680861718655e+08 8.304342856335681677e+08 1.038882408756770849e+09 1.037867993870373130e+09 9.726309800148010254e+01 2.827000000000000000e+03 2.781000000000000000e+03
