# run number, exp fac, ti calc, ti opt, aep init calc (kW), aep init opt (kW), aep run calc (kW), aep run opt (kW), run time (s), obj func calls, sens func calls
1.370000000000000000e+02 3.000000000000000000e+00 4.000000000000000000e+00 0.000000000000000000e+00 8.780515742648917437e+08 8.610874510191426277e+08 9.572563097268364429e+08 6.035878763029277325e+08 1.230743411064147949e+03 8.410000000000000000e+02 8.360000000000000000e+02
1.370000000000000000e+02 2.750000000000000000e+00 4.000000000000000000e+00 0.000000000000000000e+00 8.780515742648917437e+08 8.610874510191426277e+08 9.712875941785120964e+08 6.396609346710529327e+08 3.444333031177520752e+02 1.057000000000000000e+03 1.047000000000000000e+03
1.370000000000000000e+02 2.500000000000000000e+00 4.000000000000000000e+00 0.000000000000000000e+00 8.780515742648917437e+08 8.610874510191426277e+08 9.868029998534487486e+08 6.801989329996042252e+08 4.410543501377105713e+02 1.322000000000000000e+03 1.307000000000000000e+03
1.370000000000000000e+02 2.250000000000000000e+00 4.000000000000000000e+00 0.000000000000000000e+00 8.780515742648917437e+08 8.610874510191426277e+08 1.012377806143198967e+09 7.296476743584933281e+08 4.062578501701354980e+02 1.605000000000000000e+03 1.585000000000000000e+03
1.370000000000000000e+02 2.000000000000000000e+00 4.000000000000000000e+00 0.000000000000000000e+00 8.780515742648917437e+08 8.610874510191426277e+08 1.017671015282322526e+09 7.843116601637916565e+08 1.302747368812561035e+02 1.703000000000000000e+03 1.678000000000000000e+03
1.370000000000000000e+02 1.750000000000000000e+00 4.000000000000000000e+00 0.000000000000000000e+00 8.780515742648917437e+08 8.610874510191426277e+08 1.023920396573968530e+09 8.455170427230864763e+08 3.173201489448547363e+02 1.938000000000000000e+03 1.908000000000000000e+03
1.370000000000000000e+02 1.500000000000000000e+00 4.000000000000000000e+00 0.000000000000000000e+00 8.780515742648917437e+08 8.610874510191426277e+08 1.034767975132697463e+09 9.128939330068603754e+08 1.612079880237579346e+02 2.060000000000000000e+03 2.025000000000000000e+03
1.370000000000000000e+02 1.250000000000000000e+00 4.000000000000000000e+00 0.000000000000000000e+00 8.780515742648917437e+08 8.610874510191426277e+08 1.044811252713851213e+09 9.824893620733764172e+08 1.052417089939117432e+02 2.139000000000000000e+03 2.100000000000000000e+03
1.370000000000000000e+02 1.000000000000000000e+00 4.000000000000000000e+00 0.000000000000000000e+00 8.780515742648917437e+08 8.610874510191426277e+08 1.050403603383701205e+09 1.051371404456064582e+09 1.339050447940826416e+02 2.239000000000000000e+03 2.196000000000000000e+03
1.370000000000000000e+02 1.000000000000000000e+00 4.000000000000000000e+00 5.000000000000000000e+00 8.780515742648917437e+08 8.610874510191426277e+08 1.050499776265063286e+09 1.049955362782446861e+09 8.685935688018798828e+01 2.304000000000000000e+03 2.257000000000000000e+03
