# run number, exp fac, ti calc, ti opt, aep init calc (kW), aep init opt (kW), aep run calc (kW), aep run opt (kW), run time (s), obj func calls, sens func calls
1.460000000000000000e+02 3.000000000000000000e+00 4.000000000000000000e+00 0.000000000000000000e+00 8.770838460643755198e+08 8.614904378211498260e+08 9.678136128891451359e+08 6.079403645562273264e+08 1.139087742090225220e+03 7.660000000000000000e+02 7.610000000000000000e+02
1.460000000000000000e+02 2.750000000000000000e+00 4.000000000000000000e+00 0.000000000000000000e+00 8.770838460643755198e+08 8.614904378211498260e+08 9.810583116738195419e+08 6.441431757838801146e+08 4.865061140060424805e+02 1.109000000000000000e+03 1.099000000000000000e+03
1.460000000000000000e+02 2.500000000000000000e+00 4.000000000000000000e+00 0.000000000000000000e+00 8.770838460643755198e+08 8.614904378211498260e+08 9.963634705431371927e+08 6.845597649314249754e+08 3.313716280460357666e+02 1.344000000000000000e+03 1.329000000000000000e+03
1.460000000000000000e+02 2.250000000000000000e+00 4.000000000000000000e+00 0.000000000000000000e+00 8.770838460643755198e+08 8.614904378211498260e+08 1.013198171322665930e+09 7.308235658129780293e+08 1.180347963809967041e+03 2.062000000000000000e+03 2.042000000000000000e+03
1.460000000000000000e+02 2.000000000000000000e+00 4.000000000000000000e+00 0.000000000000000000e+00 8.770838460643755198e+08 8.614904378211498260e+08 1.015290076308970809e+09 7.835184303589088917e+08 5.776412796974182129e+01 2.105000000000000000e+03 2.081000000000000000e+03
1.460000000000000000e+02 1.750000000000000000e+00 4.000000000000000000e+00 0.000000000000000000e+00 8.770838460643755198e+08 8.614904378211498260e+08 1.017931294845452189e+09 8.421459917432204485e+08 7.770258593559265137e+01 2.161000000000000000e+03 2.133000000000000000e+03
1.460000000000000000e+02 1.500000000000000000e+00 4.000000000000000000e+00 0.000000000000000000e+00 8.770838460643755198e+08 8.614904378211498260e+08 1.032880831663703561e+09 9.070085807993410826e+08 1.946710340976715088e+02 2.297000000000000000e+03 2.264000000000000000e+03
1.460000000000000000e+02 1.250000000000000000e+00 4.000000000000000000e+00 0.000000000000000000e+00 8.770838460643755198e+08 8.614904378211498260e+08 1.043153135479700446e+09 9.776137126796493530e+08 8.291008114814758301e+01 2.357000000000000000e+03 2.320000000000000000e+03
1.460000000000000000e+02 1.000000000000000000e+00 4.000000000000000000e+00 0.000000000000000000e+00 8.770838460643755198e+08 8.614904378211498260e+08 1.044786550559350014e+09 1.045040260073294878e+09 1.199894471168518066e+02 2.443000000000000000e+03 2.402000000000000000e+03
1.460000000000000000e+02 1.000000000000000000e+00 4.000000000000000000e+00 5.000000000000000000e+00 8.770838460643755198e+08 8.614904378211498260e+08 1.044912758437285781e+09 1.043828701999266982e+09 7.587802004814147949e+01 2.498000000000000000e+03 2.453000000000000000e+03
