# run number, exp fac, ti calc, ti opt, aep init calc (kW), aep init opt (kW), aep run calc (kW), aep run opt (kW), run time (s), obj func calls, sens func calls
1.730000000000000000e+02 3.000000000000000000e+00 4.000000000000000000e+00 0.000000000000000000e+00 8.608895905119093657e+08 8.459066469109544754e+08 9.580986950032004118e+08 6.040157861234389544e+08 1.538619049072265625e+03 7.110000000000000000e+02 7.060000000000000000e+02
1.730000000000000000e+02 2.750000000000000000e+00 4.000000000000000000e+00 0.000000000000000000e+00 8.608895905119093657e+08 8.459066469109544754e+08 9.580986950032004118e+08 6.399008431630287170e+08 3.473593020439147949e+01 7.320000000000000000e+02 7.220000000000000000e+02
1.730000000000000000e+02 2.500000000000000000e+00 4.000000000000000000e+00 0.000000000000000000e+00 8.608895905119093657e+08 8.459066469109544754e+08 9.846215616787551641e+08 6.821422086411646605e+08 8.650105431079864502e+02 1.138000000000000000e+03 1.123000000000000000e+03
1.730000000000000000e+02 2.250000000000000000e+00 4.000000000000000000e+00 0.000000000000000000e+00 8.608895905119093657e+08 8.459066469109544754e+08 9.926119875446337461e+08 7.286543122598496675e+08 4.283411748409271240e+02 1.344000000000000000e+03 1.324000000000000000e+03
1.730000000000000000e+02 2.000000000000000000e+00 4.000000000000000000e+00 0.000000000000000000e+00 8.608895905119093657e+08 8.459066469109544754e+08 1.001535935156947255e+09 7.803717478901189566e+08 2.483139660358428955e+02 1.466000000000000000e+03 1.441000000000000000e+03
1.730000000000000000e+02 1.750000000000000000e+00 4.000000000000000000e+00 0.000000000000000000e+00 8.608895905119093657e+08 8.459066469109544754e+08 1.020116130064952374e+09 8.382008990635696650e+08 5.443452899456024170e+02 1.726000000000000000e+03 1.696000000000000000e+03
1.730000000000000000e+02 1.500000000000000000e+00 4.000000000000000000e+00 0.000000000000000000e+00 8.608895905119093657e+08 8.459066469109544754e+08 1.035046098054930091e+09 9.041761272778134346e+08 2.951152598857879639e+02 1.869000000000000000e+03 1.834000000000000000e+03
1.730000000000000000e+02 1.250000000000000000e+00 4.000000000000000000e+00 0.000000000000000000e+00 8.608895905119093657e+08 8.459066469109544754e+08 1.044065463842175007e+09 9.767083413625870943e+08 2.029968700408935547e+02 1.967000000000000000e+03 1.928000000000000000e+03
1.730000000000000000e+02 1.000000000000000000e+00 4.000000000000000000e+00 0.000000000000000000e+00 8.608895905119093657e+08 8.459066469109544754e+08 1.047671098190420747e+09 1.049882421896247387e+09 2.389710750579833984e+02 2.080000000000000000e+03 2.037000000000000000e+03
1.730000000000000000e+02 1.000000000000000000e+00 4.000000000000000000e+00 5.000000000000000000e+00 8.608895905119093657e+08 8.459066469109544754e+08 1.047762852148053646e+09 1.048015520262187600e+09 1.310362248420715332e+02 2.143000000000000000e+03 2.096000000000000000e+03
