# run number, exp fac, ti calc, ti opt, aep init calc (kW), aep init opt (kW), aep run calc (kW), aep run opt (kW), run time (s), obj func calls, sens func calls
1.600000000000000000e+02 3.000000000000000000e+00 4.000000000000000000e+00 0.000000000000000000e+00 8.652211205031243563e+08 8.481398404957687855e+08 9.717515098465479612e+08 6.078967036937369108e+08 1.559503938913345337e+03 7.380000000000000000e+02 7.330000000000000000e+02
1.600000000000000000e+02 2.750000000000000000e+00 4.000000000000000000e+00 0.000000000000000000e+00 8.652211205031243563e+08 8.481398404957687855e+08 9.775163059739677906e+08 6.447487769805717468e+08 3.584782590866088867e+02 9.120000000000000000e+02 9.020000000000000000e+02
1.600000000000000000e+02 2.500000000000000000e+00 4.000000000000000000e+00 0.000000000000000000e+00 8.652211205031243563e+08 8.481398404957687855e+08 9.875852707671495676e+08 6.853772126770401001e+08 7.124412801265716553e+02 1.250000000000000000e+03 1.235000000000000000e+03
1.600000000000000000e+02 2.250000000000000000e+00 4.000000000000000000e+00 0.000000000000000000e+00 8.652211205031243563e+08 8.481398404957687855e+08 1.011114916653089643e+09 7.315271937416779995e+08 3.257420740127563477e+02 1.407000000000000000e+03 1.387000000000000000e+03
1.600000000000000000e+02 2.000000000000000000e+00 4.000000000000000000e+00 0.000000000000000000e+00 8.652211205031243563e+08 8.481398404957687855e+08 1.013457785731879234e+09 7.841845565489223003e+08 2.610385670661926270e+02 1.533000000000000000e+03 1.508000000000000000e+03
1.600000000000000000e+02 1.750000000000000000e+00 4.000000000000000000e+00 0.000000000000000000e+00 8.652211205031243563e+08 8.481398404957687855e+08 1.018112240476545215e+09 8.427886505976583958e+08 3.148527588844299316e+02 1.683000000000000000e+03 1.653000000000000000e+03
1.600000000000000000e+02 1.500000000000000000e+00 4.000000000000000000e+00 0.000000000000000000e+00 8.652211205031243563e+08 8.481398404957687855e+08 1.032063407935599446e+09 9.076629514388597012e+08 3.385259120464324951e+02 1.845000000000000000e+03 1.810000000000000000e+03
1.600000000000000000e+02 1.250000000000000000e+00 4.000000000000000000e+00 0.000000000000000000e+00 8.652211205031243563e+08 8.481398404957687855e+08 1.036885664423097491e+09 9.766140865553089380e+08 1.363324661254882812e+02 1.912000000000000000e+03 1.873000000000000000e+03
1.600000000000000000e+02 1.000000000000000000e+00 4.000000000000000000e+00 0.000000000000000000e+00 8.652211205031243563e+08 8.481398404957687855e+08 1.043665004702606797e+09 1.044532028312895060e+09 3.468121309280395508e+02 2.075000000000000000e+03 2.032000000000000000e+03
1.600000000000000000e+02 1.000000000000000000e+00 4.000000000000000000e+00 5.000000000000000000e+00 8.652211205031243563e+08 8.481398404957687855e+08 1.045430819431169510e+09 1.044719155591966748e+09 2.000689730644226074e+02 2.168000000000000000e+03 2.121000000000000000e+03
