# run number, exp fac, ti calc, ti opt, aep init calc (kW), aep init opt (kW), aep run calc (kW), aep run opt (kW), run time (s), obj func calls, sens func calls
5.800000000000000000e+01 3.000000000000000000e+00 4.000000000000000000e+00 0.000000000000000000e+00 8.482931324209785461e+08 8.286723156361756325e+08 9.583513944804133177e+08 6.051151657954049110e+08 1.658187932014465332e+03 1.067000000000000000e+03 1.062000000000000000e+03
5.800000000000000000e+01 2.750000000000000000e+00 4.000000000000000000e+00 0.000000000000000000e+00 8.482931324209785461e+08 8.286723156361756325e+08 9.642280651677156687e+08 6.412392485795907974e+08 5.753908238410949707e+02 1.449000000000000000e+03 1.439000000000000000e+03
5.800000000000000000e+01 2.500000000000000000e+00 4.000000000000000000e+00 0.000000000000000000e+00 8.482931324209785461e+08 8.286723156361756325e+08 9.745117013364523649e+08 6.818111297469584942e+08 4.079703748226165771e+02 1.724000000000000000e+03 1.709000000000000000e+03
5.800000000000000000e+01 2.250000000000000000e+00 4.000000000000000000e+00 0.000000000000000000e+00 8.482931324209785461e+08 8.286723156361756325e+08 9.991353578069922924e+08 7.281145033427572250e+08 1.904950821399688721e+02 1.856000000000000000e+03 1.836000000000000000e+03
5.800000000000000000e+01 2.000000000000000000e+00 4.000000000000000000e+00 0.000000000000000000e+00 8.482931324209785461e+08 8.286723156361756325e+08 1.020760571391754985e+09 7.821599297044348717e+08 2.572166521549224854e+02 2.031000000000000000e+03 2.006000000000000000e+03
5.800000000000000000e+01 1.750000000000000000e+00 4.000000000000000000e+00 0.000000000000000000e+00 8.482931324209785461e+08 8.286723156361756325e+08 1.026354493440746665e+09 8.448564082130926847e+08 5.915127110481262207e+01 2.074000000000000000e+03 2.045000000000000000e+03
5.800000000000000000e+01 1.500000000000000000e+00 4.000000000000000000e+00 0.000000000000000000e+00 8.482931324209785461e+08 8.286723156361756325e+08 1.034016933238802552e+09 9.125076824130275249e+08 8.180221796035766602e+01 2.131000000000000000e+03 2.098000000000000000e+03
5.800000000000000000e+01 1.250000000000000000e+00 4.000000000000000000e+00 0.000000000000000000e+00 8.482931324209785461e+08 8.286723156361756325e+08 1.048341700695048571e+09 9.837546183179683685e+08 1.340995872020721436e+02 2.224000000000000000e+03 2.187000000000000000e+03
5.800000000000000000e+01 1.000000000000000000e+00 4.000000000000000000e+00 0.000000000000000000e+00 8.482931324209785461e+08 8.286723156361756325e+08 1.051505997084693670e+09 1.051876611202355981e+09 1.247138950824737549e+02 2.311000000000000000e+03 2.270000000000000000e+03
5.800000000000000000e+01 1.000000000000000000e+00 4.000000000000000000e+00 5.000000000000000000e+00 8.482931324209785461e+08 8.286723156361756325e+08 1.051636705621123433e+09 1.050668449962460876e+09 1.112286989688873291e+02 2.388000000000000000e+03 2.343000000000000000e+03
