# run number, exp fac, ti calc, ti opt, aep init calc (kW), aep init opt (kW), aep run calc (kW), aep run opt (kW), run time (s), obj func calls, sens func calls
8.500000000000000000e+01 3.000000000000000000e+00 4.000000000000000000e+00 0.000000000000000000e+00 8.394886725133798122e+08 8.200983234201081991e+08 9.599309234694106579e+08 6.068879243566976786e+08 1.482017201900482178e+03 9.120000000000000000e+02 9.070000000000000000e+02
8.500000000000000000e+01 2.750000000000000000e+00 4.000000000000000000e+00 0.000000000000000000e+00 8.394886725133798122e+08 8.200983234201081991e+08 9.673478781483482122e+08 6.433534539427118301e+08 5.763643250465393066e+02 1.274000000000000000e+03 1.264000000000000000e+03
8.500000000000000000e+01 2.500000000000000000e+00 4.000000000000000000e+00 0.000000000000000000e+00 8.394886725133798122e+08 8.200983234201081991e+08 9.809133181192517281e+08 6.837249549607782364e+08 1.676127870082855225e+02 1.384000000000000000e+03 1.369000000000000000e+03
8.500000000000000000e+01 2.250000000000000000e+00 4.000000000000000000e+00 0.000000000000000000e+00 8.394886725133798122e+08 8.200983234201081991e+08 9.920370052125122547e+08 7.288402929665509462e+08 5.324514069557189941e+02 1.719000000000000000e+03 1.699000000000000000e+03
8.500000000000000000e+01 2.000000000000000000e+00 4.000000000000000000e+00 0.000000000000000000e+00 8.394886725133798122e+08 8.200983234201081991e+08 1.002573644051797509e+09 7.794134300098026991e+08 3.118513810634613037e+02 1.916000000000000000e+03 1.891000000000000000e+03
8.500000000000000000e+01 1.750000000000000000e+00 4.000000000000000000e+00 0.000000000000000000e+00 8.394886725133798122e+08 8.200983234201081991e+08 1.010401141356821537e+09 8.362293240255516768e+08 3.398278989791870117e+02 2.128000000000000000e+03 2.098000000000000000e+03
8.500000000000000000e+01 1.500000000000000000e+00 4.000000000000000000e+00 0.000000000000000000e+00 8.394886725133798122e+08 8.200983234201081991e+08 1.019645784025627613e+09 8.992781976764045954e+08 3.171619751453399658e+02 2.328000000000000000e+03 2.293000000000000000e+03
8.500000000000000000e+01 1.250000000000000000e+00 4.000000000000000000e+00 0.000000000000000000e+00 8.394886725133798122e+08 8.200983234201081991e+08 1.035902693592450500e+09 9.699458571282444000e+08 1.294870641231536865e+02 2.419000000000000000e+03 2.380000000000000000e+03
8.500000000000000000e+01 1.000000000000000000e+00 4.000000000000000000e+00 0.000000000000000000e+00 8.394886725133798122e+08 8.200983234201081991e+08 1.036752585837935805e+09 1.037237547426612854e+09 1.221691179275512695e+02 2.522000000000000000e+03 2.479000000000000000e+03
8.500000000000000000e+01 1.000000000000000000e+00 4.000000000000000000e+00 5.000000000000000000e+00 8.394886725133798122e+08 8.200983234201081991e+08 1.036871215487251043e+09 1.035874866089441776e+09 6.320580792427062988e+01 2.578000000000000000e+03 2.531000000000000000e+03
