# run number, exp fac, ti calc, ti opt, aep init calc (kW), aep init opt (kW), aep run calc (kW), aep run opt (kW), run time (s), obj func calls, sens func calls
9.000000000000000000e+00 3.000000000000000000e+00 4.000000000000000000e+00 0.000000000000000000e+00 8.243563440019340515e+08 8.060215592025579214e+08 9.512707841630694866e+08 5.766280105777305365e+08 1.068524682998657227e+03 4.570000000000000000e+02 4.530000000000000000e+02
9.000000000000000000e+00 2.750000000000000000e+00 4.000000000000000000e+00 0.000000000000000000e+00 8.243563440019340515e+08 8.060215592025579214e+08 9.748108145465635061e+08 6.464354543361324072e+08 2.214648262977600098e+03 1.575000000000000000e+03 1.566000000000000000e+03
9.000000000000000000e+00 2.500000000000000000e+00 4.000000000000000000e+00 0.000000000000000000e+00 8.243563440019340515e+08 8.060215592025579214e+08 9.789717536825067997e+08 6.864262365103086233e+08 3.711443231105804443e+02 1.760000000000000000e+03 1.746000000000000000e+03
9.000000000000000000e+00 2.250000000000000000e+00 4.000000000000000000e+00 0.000000000000000000e+00 8.243563440019340515e+08 8.060215592025579214e+08 9.901168153365080357e+08 7.316978274129784107e+08 4.552957129478454590e+02 1.978000000000000000e+03 1.959000000000000000e+03
9.000000000000000000e+00 2.000000000000000000e+00 4.000000000000000000e+00 0.000000000000000000e+00 8.243563440019340515e+08 8.060215592025579214e+08 1.001623752157211900e+09 7.820079833906922340e+08 2.475036611557006836e+02 2.107000000000000000e+03 2.083000000000000000e+03
9.000000000000000000e+00 1.750000000000000000e+00 4.000000000000000000e+00 0.000000000000000000e+00 8.243563440019340515e+08 8.060215592025579214e+08 1.016143491702013373e+09 8.385433891687610149e+08 4.090716409683227539e+02 2.322000000000000000e+03 2.293000000000000000e+03
9.000000000000000000e+00 1.500000000000000000e+00 4.000000000000000000e+00 0.000000000000000000e+00 8.243563440019340515e+08 8.060215592025579214e+08 1.020828351854861140e+09 9.017724877762504816e+08 3.201471450328826904e+02 2.491000000000000000e+03 2.457000000000000000e+03
9.000000000000000000e+00 1.250000000000000000e+00 4.000000000000000000e+00 0.000000000000000000e+00 8.243563440019340515e+08 8.060215592025579214e+08 1.034210713912246823e+09 9.702548879754134417e+08 8.053118278980255127e+02 2.921000000000000000e+03 2.882000000000000000e+03
9.000000000000000000e+00 1.000000000000000000e+00 4.000000000000000000e+00 0.000000000000000000e+00 8.243563440019340515e+08 8.060215592025579214e+08 1.037204793776484251e+09 1.037709076339267969e+09 3.167499821186065674e+02 3.097000000000000000e+03 3.054000000000000000e+03
9.000000000000000000e+00 1.000000000000000000e+00 4.000000000000000000e+00 5.000000000000000000e+00 8.243563440019340515e+08 8.060215592025579214e+08 1.037287923649435282e+09 1.036449002624853253e+09 1.677022960186004639e+02 3.193000000000000000e+03 3.145000000000000000e+03
