# run number, exp fac, ti calc, ti opt, aep init calc (kW), aep init opt (kW), aep run calc (kW), aep run opt (kW), run time (s), obj func calls, sens func calls
4.700000000000000000e+01 3.000000000000000000e+00 4.000000000000000000e+00 0.000000000000000000e+00 8.351068304747542143e+08 8.142721052894041538e+08 9.652818632462805510e+08 6.107847985372138023e+08 2.201931343078613281e+03 9.440000000000000000e+02 9.390000000000000000e+02
4.700000000000000000e+01 2.750000000000000000e+00 4.000000000000000000e+00 0.000000000000000000e+00 8.351068304747542143e+08 8.142721052894041538e+08 9.703568981096688509e+08 6.468229185024589300e+08 4.119967799186706543e+02 1.132000000000000000e+03 1.122000000000000000e+03
4.700000000000000000e+01 2.500000000000000000e+00 4.000000000000000000e+00 0.000000000000000000e+00 8.351068304747542143e+08 8.142721052894041538e+08 9.873535571339795589e+08 6.868974638308936357e+08 4.126826419830322266e+02 1.321000000000000000e+03 1.306000000000000000e+03
4.700000000000000000e+01 2.250000000000000000e+00 4.000000000000000000e+00 0.000000000000000000e+00 8.351068304747542143e+08 8.142721052894041538e+08 9.979194519111616611e+08 7.318019138844265938e+08 9.193400287628173828e+01 1.366000000000000000e+03 1.347000000000000000e+03
4.700000000000000000e+01 2.000000000000000000e+00 4.000000000000000000e+00 0.000000000000000000e+00 8.351068304747542143e+08 8.142721052894041538e+08 1.009282511363050103e+09 7.832455850075906515e+08 3.599190189838409424e+02 1.531000000000000000e+03 1.507000000000000000e+03
4.700000000000000000e+01 1.750000000000000000e+00 4.000000000000000000e+00 0.000000000000000000e+00 8.351068304747542143e+08 8.142721052894041538e+08 1.015249618604930878e+09 8.409443316023834944e+08 5.054969279766082764e+02 1.763000000000000000e+03 1.734000000000000000e+03
4.700000000000000000e+01 1.500000000000000000e+00 4.000000000000000000e+00 0.000000000000000000e+00 8.351068304747542143e+08 8.142721052894041538e+08 1.022543028961342931e+09 9.034670771904056072e+08 6.195209548473358154e+02 2.049000000000000000e+03 2.015000000000000000e+03
4.700000000000000000e+01 1.250000000000000000e+00 4.000000000000000000e+00 0.000000000000000000e+00 8.351068304747542143e+08 8.142721052894041538e+08 1.040015422523871183e+09 9.748471089534397125e+08 4.832979960441589355e+02 2.272000000000000000e+03 2.233000000000000000e+03
4.700000000000000000e+01 1.000000000000000000e+00 4.000000000000000000e+00 0.000000000000000000e+00 8.351068304747542143e+08 8.142721052894041538e+08 1.041950301259940863e+09 1.042487777934623957e+09 3.538464450836181641e+02 2.434000000000000000e+03 2.391000000000000000e+03
4.700000000000000000e+01 1.000000000000000000e+00 4.000000000000000000e+00 5.000000000000000000e+00 8.351068304747542143e+08 8.142721052894041538e+08 1.042053037740350485e+09 1.041157168409909606e+09 2.140056040287017822e+02 2.531000000000000000e+03 2.484000000000000000e+03
