# initial turbineX, initial turbineY, final turbineX, final turbineY
2.000000000000000000e+03 2.000000000000000000e+03 2.019711543726552463e+03 1.992767965891384620e+03
2.645599999999999909e+03 2.000000000000000000e+03 2.748954527312972459e+03 2.094933604632270544e+03
2.322800000000000182e+03 2.559106000683233106e+03 2.353851697275737024e+03 2.677933825255518059e+03
1.677200000000000273e+03 2.559106000683233106e+03 1.558016105395628756e+03 2.612684046556659268e+03
1.354400000000000091e+03 2.000000000000000000e+03 1.301350490462856897e+03 1.894227552636472410e+03
1.677199999999999818e+03 1.440893999316766667e+03 1.680063432311970928e+03 1.338380712279757972e+03
2.322799999999999727e+03 1.440893999316766212e+03 2.427405123206245662e+03 1.374220079766273102e+03
3.291199999999999818e+03 2.000000000000000000e+03 3.440752092137292493e+03 2.189159126045911762e+03
3.118212001366467121e+03 2.645599999999999909e+03 3.061042423757751294e+03 2.808906798612345483e+03
2.645599999999999909e+03 3.118212001366467121e+03 2.547550145649012393e+03 3.317364604609475464e+03
2.000000000000000000e+03 3.291199999999999818e+03 1.888169576042751942e+03 3.365673851149513212e+03
1.354400000000000546e+03 3.118212001366467121e+03 1.250987738089788309e+03 3.187005487778370480e+03
8.817879986335331068e+02 2.645600000000000364e+03 7.724717572246070176e+02 2.628809466805037573e+03
7.088000000000000682e+02 2.000000000000000227e+03 6.913242411334573490e+02 1.966645483111529757e+03
8.817879986335326521e+02 1.354400000000000546e+03 8.803626853659709468e+02 1.144683062371663709e+03
1.354399999999999636e+03 8.817879986335331068e+02 1.443222712173147102e+03 7.111414731927040975e+02
1.999999999999999773e+03 7.088000000000000682e+02 2.106125863795297846e+03 6.477908187877968658e+02
2.645599999999999000e+03 8.817879986335324247e+02 2.819329513762199895e+03 8.079066882762670048e+02
3.118212001366466666e+03 1.354399999999999636e+03 3.166086012896131706e+03 1.480664851796701441e+03
3.936799999999999727e+03 2.000000000000000000e+03 3.933469120841248696e+03 2.113546053865626163e+03
3.831858833725788827e+03 2.628877931955630629e+03 3.764651690780071476e+03 2.798247994319840473e+03
3.528407338598934984e+03 3.189607181937348287e+03 3.404508299904278829e+03 3.333623145986044165e+03
3.059329192651516223e+03 3.621424035098865261e+03 2.924546894799230813e+03 3.701883457818029456e+03
2.475456291494299876e+03 3.877534435071294411e+03 2.298121615683035088e+03 3.913718448012602948e+03
1.840060323689186816e+03 3.930184846055318303e+03 1.651461892912545636e+03 3.905181218900442218e+03
1.221996301532129110e+03 3.773669779065514831e+03 1.065646321441116015e+03 3.696519225350330089e+03
6.882410520752650882e+02 3.424950070191721352e+03 5.326640924717200960e+02 3.264167548156197427e+03
2.966352386632721618e+02 2.921814910834204056e+03 1.888497495540508169e+02 2.686242687303973071e+03
8.961542756960751888e+01 2.318786802455725592e+03 6.512774295942804770e+01 2.086392069348409677e+03
8.961542756960729150e+01 1.681213197544274863e+03 1.238922236487279207e+02 1.518945015962579191e+03
2.966352386632719345e+02 1.078185089165795944e+03 3.289738031940211158e+02 1.020783027662958943e+03
6.882410520752640650e+02 5.750499298082794439e+02 7.662647370787883574e+02 5.069856908721746436e+02
1.221996301532128200e+03 2.263302209344850553e+02 1.363203574056870821e+03 1.708785556454594996e+02
1.840060323689185907e+03 6.981515394468189584e+01 1.966235635656276372e+03 6.349430546279768350e+01
2.475456291494298966e+03 1.224655649287047510e+02 2.595696519818119668e+03 1.570837376520827888e+02
3.059329192651515314e+03 3.785759649011342276e+02 3.208198506404733962e+03 4.862459201253317360e+02
3.528407338598934984e+03 8.103928180626510311e+02 3.619704871419459323e+03 9.380434603467869010e+02
3.831858833725788827e+03 1.371122068044368689e+03 3.873012693308445705e+03 1.507029473133126203e+03
