# run number, exp fac, ti calc, ti opt, aep init calc (kW), aep init opt (kW), aep run calc (kW), aep run opt (kW), run time (s), obj func calls, sens func calls
2.800000000000000000e+01 3.000000000000000000e+00 4.000000000000000000e+00 0.000000000000000000e+00 8.588971794474827051e+08 8.394917752868206501e+08 9.708853279134120941e+08 6.078684862032781839e+08 8.258112120628356934e+02 4.840000000000000000e+02 4.790000000000000000e+02
2.800000000000000000e+01 2.750000000000000000e+00 4.000000000000000000e+00 0.000000000000000000e+00 8.588971794474827051e+08 8.394917752868206501e+08 9.736220557276539803e+08 6.445597426026428938e+08 6.634106688499450684e+02 7.590000000000000000e+02 7.490000000000000000e+02
2.800000000000000000e+01 2.500000000000000000e+00 4.000000000000000000e+00 0.000000000000000000e+00 8.588971794474827051e+08 8.394917752868206501e+08 9.944239724441155195e+08 6.855887562000091076e+08 8.646547849178314209e+02 1.158000000000000000e+03 1.143000000000000000e+03
2.800000000000000000e+01 2.250000000000000000e+00 4.000000000000000000e+00 0.000000000000000000e+00 8.588971794474827051e+08 8.394917752868206501e+08 1.006124180087296247e+09 7.320679792413334846e+08 1.024250492095947266e+03 1.783000000000000000e+03 1.763000000000000000e+03
2.800000000000000000e+01 2.000000000000000000e+00 4.000000000000000000e+00 0.000000000000000000e+00 8.588971794474827051e+08 8.394917752868206501e+08 1.013492400215163231e+09 7.853526658376690149e+08 1.981737790107727051e+02 1.911000000000000000e+03 1.886000000000000000e+03
2.800000000000000000e+01 1.750000000000000000e+00 4.000000000000000000e+00 0.000000000000000000e+00 8.588971794474827051e+08 8.394917752868206501e+08 1.021447505509523511e+09 8.447560768797553778e+08 3.026387469768524170e+02 2.099000000000000000e+03 2.069000000000000000e+03
2.800000000000000000e+01 1.500000000000000000e+00 4.000000000000000000e+00 0.000000000000000000e+00 8.588971794474827051e+08 8.394917752868206501e+08 1.035941675696585536e+09 9.109873194488468170e+08 3.395993099212646484e+02 2.254000000000000000e+03 2.219000000000000000e+03
2.800000000000000000e+01 1.250000000000000000e+00 4.000000000000000000e+00 0.000000000000000000e+00 8.588971794474827051e+08 8.394917752868206501e+08 1.044404635153278708e+09 9.803798819072546959e+08 1.324296648502349854e+02 2.318000000000000000e+03 2.279000000000000000e+03
2.800000000000000000e+01 1.000000000000000000e+00 4.000000000000000000e+00 0.000000000000000000e+00 8.588971794474827051e+08 8.394917752868206501e+08 1.046940575540840983e+09 1.047828138293898463e+09 1.894672958850860596e+02 2.408000000000000000e+03 2.365000000000000000e+03
2.800000000000000000e+01 1.000000000000000000e+00 4.000000000000000000e+00 5.000000000000000000e+00 8.588971794474827051e+08 8.394917752868206501e+08 1.047042244474628091e+09 1.046464884638178468e+09 1.603734259605407715e+02 2.485000000000000000e+03 2.438000000000000000e+03
