# run number, exp fac, ti calc, ti opt, aep init calc (kW), aep init opt (kW), aep run calc (kW), aep run opt (kW), run time (s), obj func calls, sens func calls
1.620000000000000000e+02 3.000000000000000000e+00 4.000000000000000000e+00 0.000000000000000000e+00 8.592220986085021496e+08 8.407219284041333199e+08 9.613965201893033981e+08 6.046188896852223873e+08 2.847283143997192383e+03 1.439000000000000000e+03 1.434000000000000000e+03
1.620000000000000000e+02 2.750000000000000000e+00 4.000000000000000000e+00 0.000000000000000000e+00 8.592220986085021496e+08 8.407219284041333199e+08 9.687532135627799034e+08 6.410256371751376390e+08 2.143435451984405518e+02 1.553000000000000000e+03 1.543000000000000000e+03
1.620000000000000000e+02 2.500000000000000000e+00 4.000000000000000000e+00 0.000000000000000000e+00 8.592220986085021496e+08 8.407219284041333199e+08 9.773523102951608896e+08 6.812235766722673178e+08 9.602583281993865967e+02 2.052000000000000000e+03 2.037000000000000000e+03
1.620000000000000000e+02 2.250000000000000000e+00 4.000000000000000000e+00 0.000000000000000000e+00 8.592220986085021496e+08 8.407219284041333199e+08 9.891266460323609114e+08 7.262551659553911686e+08 3.480160369873046875e+02 2.248000000000000000e+03 2.228000000000000000e+03
1.620000000000000000e+02 2.000000000000000000e+00 4.000000000000000000e+00 0.000000000000000000e+00 8.592220986085021496e+08 8.407219284041333199e+08 1.005703575024369240e+09 7.780260459679478407e+08 5.392994840145111084e+02 2.551000000000000000e+03 2.526000000000000000e+03
1.620000000000000000e+02 1.750000000000000000e+00 4.000000000000000000e+00 0.000000000000000000e+00 8.592220986085021496e+08 8.407219284041333199e+08 1.018357999063031077e+09 8.369638551477630138e+08 1.985541090965270996e+02 2.665000000000000000e+03 2.635000000000000000e+03
1.620000000000000000e+02 1.500000000000000000e+00 4.000000000000000000e+00 0.000000000000000000e+00 8.592220986085021496e+08 8.407219284041333199e+08 1.025582470864962339e+09 9.019369910274729729e+08 2.881010899543762207e+02 2.828000000000000000e+03 2.793000000000000000e+03
1.620000000000000000e+02 1.250000000000000000e+00 4.000000000000000000e+00 0.000000000000000000e+00 8.592220986085021496e+08 8.407219284041333199e+08 1.035210222524499655e+09 9.709385327979325056e+08 1.247836861610412598e+02 2.900000000000000000e+03 2.861000000000000000e+03
1.620000000000000000e+02 1.000000000000000000e+00 4.000000000000000000e+00 0.000000000000000000e+00 8.592220986085021496e+08 8.407219284041333199e+08 1.040245654866546631e+09 1.041642554953426719e+09 1.532141439914703369e+02 2.987000000000000000e+03 2.944000000000000000e+03
1.620000000000000000e+02 1.000000000000000000e+00 4.000000000000000000e+00 5.000000000000000000e+00 8.592220986085021496e+08 8.407219284041333199e+08 1.040314493131064415e+09 1.040228748301616549e+09 7.803546380996704102e+01 3.033000000000000000e+03 2.986000000000000000e+03
