# run number, exp fac, ti calc, ti opt, aep init calc (kW), aep init opt (kW), aep run calc (kW), aep run opt (kW), run time (s), obj func calls, sens func calls
1.190000000000000000e+02 3.000000000000000000e+00 4.000000000000000000e+00 0.000000000000000000e+00 8.392045809429094791e+08 8.157592758108952045e+08 9.701884144457870722e+08 6.044566551471282244e+08 1.643308988094329834e+03 9.760000000000000000e+02 9.710000000000000000e+02
1.190000000000000000e+02 2.750000000000000000e+00 4.000000000000000000e+00 0.000000000000000000e+00 8.392045809429094791e+08 8.157592758108952045e+08 9.757921069258390665e+08 6.412476713996136189e+08 4.058288440704345703e+02 1.229000000000000000e+03 1.219000000000000000e+03
1.190000000000000000e+02 2.500000000000000000e+00 4.000000000000000000e+00 0.000000000000000000e+00 8.392045809429094791e+08 8.157592758108952045e+08 9.839805146967197657e+08 6.819744491929457188e+08 3.750211889743804932e+02 1.463000000000000000e+03 1.448000000000000000e+03
1.190000000000000000e+02 2.250000000000000000e+00 4.000000000000000000e+00 0.000000000000000000e+00 8.392045809429094791e+08 8.157592758108952045e+08 9.928894354724897146e+08 7.275431821727788448e+08 2.762974948883056641e+02 1.634000000000000000e+03 1.614000000000000000e+03
1.190000000000000000e+02 2.000000000000000000e+00 4.000000000000000000e+00 0.000000000000000000e+00 8.392045809429094791e+08 8.157592758108952045e+08 1.003998526793820739e+09 7.790907075679873228e+08 2.895570440292358398e+02 1.813000000000000000e+03 1.788000000000000000e+03
1.190000000000000000e+02 1.750000000000000000e+00 4.000000000000000000e+00 0.000000000000000000e+00 8.392045809429094791e+08 8.157592758108952045e+08 1.015972746107929230e+09 8.375902998695765734e+08 8.123402500152587891e+01 1.866000000000000000e+03 1.837000000000000000e+03
1.190000000000000000e+02 1.500000000000000000e+00 4.000000000000000000e+00 0.000000000000000000e+00 8.392045809429094791e+08 8.157592758108952045e+08 1.029980508270919204e+09 9.030903951455773115e+08 4.152715089321136475e+02 2.120000000000000000e+03 2.086000000000000000e+03
1.190000000000000000e+02 1.250000000000000000e+00 4.000000000000000000e+00 0.000000000000000000e+00 8.392045809429094791e+08 8.157592758108952045e+08 1.038667852615926266e+09 9.735765963518644571e+08 1.202147028446197510e+02 2.196000000000000000e+03 2.158000000000000000e+03
1.190000000000000000e+02 1.000000000000000000e+00 4.000000000000000000e+00 0.000000000000000000e+00 8.392045809429094791e+08 8.157592758108952045e+08 1.040281561732853770e+09 1.040777624237216353e+09 1.529224920272827148e+02 2.292000000000000000e+03 2.250000000000000000e+03
1.190000000000000000e+02 1.000000000000000000e+00 4.000000000000000000e+00 5.000000000000000000e+00 8.392045809429094791e+08 8.157592758108952045e+08 1.040560262387375712e+09 1.039327880775203943e+09 5.240845198631286621e+02 2.615000000000000000e+03 2.568000000000000000e+03
