# run number, exp fac, ti calc, ti opt, aep init calc (kW), aep init opt (kW), aep run calc (kW), aep run opt (kW), run time (s), obj func calls, sens func calls
1.300000000000000000e+01 3.000000000000000000e+00 4.000000000000000000e+00 0.000000000000000000e+00 7.985456457433402538e+08 7.813937985588002205e+08 9.738146998070622683e+08 6.112375998317652941e+08 3.990834395885467529e+03 1.444000000000000000e+03 1.439000000000000000e+03
1.300000000000000000e+01 2.750000000000000000e+00 4.000000000000000000e+00 0.000000000000000000e+00 7.985456457433402538e+08 7.813937985588002205e+08 9.761451354216917753e+08 6.474535290329223871e+08 4.310426590442657471e+02 1.619000000000000000e+03 1.609000000000000000e+03
1.300000000000000000e+01 2.500000000000000000e+00 4.000000000000000000e+00 0.000000000000000000e+00 7.985456457433402538e+08 7.813937985588002205e+08 9.921227669182360172e+08 6.873891957170450687e+08 2.686438820362091064e+02 1.731000000000000000e+03 1.716000000000000000e+03
1.300000000000000000e+01 2.250000000000000000e+00 4.000000000000000000e+00 0.000000000000000000e+00 7.985456457433402538e+08 7.813937985588002205e+08 1.003399180824678183e+09 7.323345327378270626e+08 8.573078789710998535e+02 2.098000000000000000e+03 2.078000000000000000e+03
1.300000000000000000e+01 2.000000000000000000e+00 4.000000000000000000e+00 0.000000000000000000e+00 7.985456457433402538e+08 7.813937985588002205e+08 1.013782413143748760e+09 7.836635403128483295e+08 2.808003129959106445e+02 2.223000000000000000e+03 2.198000000000000000e+03
1.300000000000000000e+01 1.750000000000000000e+00 4.000000000000000000e+00 0.000000000000000000e+00 7.985456457433402538e+08 7.813937985588002205e+08 1.020053413789420843e+09 8.421221529282451868e+08 2.786393618583679199e+02 2.349000000000000000e+03 2.319000000000000000e+03
1.300000000000000000e+01 1.500000000000000000e+00 4.000000000000000000e+00 0.000000000000000000e+00 7.985456457433402538e+08 7.813937985588002205e+08 1.028864416736366153e+09 9.081840809010113478e+08 6.169019811153411865e+02 2.624000000000000000e+03 2.589000000000000000e+03
1.300000000000000000e+01 1.250000000000000000e+00 4.000000000000000000e+00 0.000000000000000000e+00 7.985456457433402538e+08 7.813937985588002205e+08 1.038867375546399593e+09 9.764500543074035645e+08 1.579363460540771484e+02 2.695000000000000000e+03 2.656000000000000000e+03
1.300000000000000000e+01 1.000000000000000000e+00 4.000000000000000000e+00 0.000000000000000000e+00 7.985456457433402538e+08 7.813937985588002205e+08 1.040271895665527701e+09 1.041542008478782415e+09 2.028476510047912598e+02 2.783000000000000000e+03 2.740000000000000000e+03
1.300000000000000000e+01 1.000000000000000000e+00 4.000000000000000000e+00 5.000000000000000000e+00 7.985456457433402538e+08 7.813937985588002205e+08 1.040386335838500261e+09 1.040297960112076998e+09 1.823232989311218262e+02 2.862000000000000000e+03 2.815000000000000000e+03
