# run number, exp fac, ti calc, ti opt, aep init calc (kW), aep init opt (kW), aep run calc (kW), aep run opt (kW), run time (s), obj func calls, sens func calls
1.230000000000000000e+02 3.000000000000000000e+00 4.000000000000000000e+00 0.000000000000000000e+00 8.578889979062757492e+08 8.431664606988785267e+08 9.530725649081647396e+08 6.005254522968517542e+08 1.111542467117309570e+03 6.320000000000000000e+02 6.270000000000000000e+02
1.230000000000000000e+02 2.750000000000000000e+00 4.000000000000000000e+00 0.000000000000000000e+00 8.578889979062757492e+08 8.431664606988785267e+08 9.609591121234916449e+08 6.368866521074594259e+08 4.141539149284362793e+02 8.670000000000000000e+02 8.570000000000000000e+02
1.230000000000000000e+02 2.500000000000000000e+00 4.000000000000000000e+00 0.000000000000000000e+00 8.578889979062757492e+08 8.431664606988785267e+08 9.775976059362719059e+08 6.771929988823299408e+08 4.201189820766448975e+02 1.108000000000000000e+03 1.093000000000000000e+03
1.230000000000000000e+02 2.250000000000000000e+00 4.000000000000000000e+00 0.000000000000000000e+00 8.578889979062757492e+08 8.431664606988785267e+08 1.008349325088481307e+09 7.250631591650243998e+08 6.952902638912200928e+02 1.511000000000000000e+03 1.491000000000000000e+03
1.230000000000000000e+02 2.000000000000000000e+00 4.000000000000000000e+00 0.000000000000000000e+00 8.578889979062757492e+08 8.431664606988785267e+08 1.018116121812300682e+09 7.805247913063865900e+08 9.418599700927734375e+01 1.569000000000000000e+03 1.545000000000000000e+03
1.230000000000000000e+02 1.750000000000000000e+00 4.000000000000000000e+00 0.000000000000000000e+00 8.578889979062757492e+08 8.431664606988785267e+08 1.027018025457325697e+09 8.433103298360662460e+08 2.169788360595703125e+02 1.699000000000000000e+03 1.670000000000000000e+03
1.230000000000000000e+02 1.500000000000000000e+00 4.000000000000000000e+00 0.000000000000000000e+00 8.578889979062757492e+08 8.431664606988785267e+08 1.033311353454565287e+09 9.115668911658425331e+08 1.973410460948944092e+02 1.817000000000000000e+03 1.783000000000000000e+03
1.230000000000000000e+02 1.250000000000000000e+00 4.000000000000000000e+00 0.000000000000000000e+00 8.578889979062757492e+08 8.431664606988785267e+08 1.042873918517087936e+09 9.813676973771085739e+08 1.499726879596710205e+02 1.906000000000000000e+03 1.868000000000000000e+03
1.230000000000000000e+02 1.000000000000000000e+00 4.000000000000000000e+00 0.000000000000000000e+00 8.578889979062757492e+08 8.431664606988785267e+08 1.048100177026939869e+09 1.048453575778244019e+09 1.638772869110107422e+02 2.002000000000000000e+03 1.960000000000000000e+03
1.230000000000000000e+02 1.000000000000000000e+00 4.000000000000000000e+00 5.000000000000000000e+00 8.578889979062757492e+08 8.431664606988785267e+08 1.048192353773382068e+09 1.047181735879182696e+09 1.159445009231567383e+02 2.069000000000000000e+03 2.023000000000000000e+03
