# run number, exp fac, ti calc, ti opt, aep init calc (kW), aep init opt (kW), aep run calc (kW), aep run opt (kW), run time (s), obj func calls, sens func calls
1.900000000000000000e+01 3.000000000000000000e+00 4.000000000000000000e+00 0.000000000000000000e+00 8.787295427163072824e+08 8.638260753543312550e+08 9.694192440996254683e+08 6.084514150625896454e+08 2.182146410942077637e+03 7.630000000000000000e+02 7.580000000000000000e+02
1.900000000000000000e+01 2.750000000000000000e+00 4.000000000000000000e+00 0.000000000000000000e+00 8.787295427163072824e+08 8.638260753543312550e+08 9.777203368385760784e+08 6.446894562503870726e+08 6.284620239734649658e+02 9.990000000000000000e+02 9.890000000000000000e+02
1.900000000000000000e+01 2.500000000000000000e+00 4.000000000000000000e+00 0.000000000000000000e+00 8.787295427163072824e+08 8.638260753543312550e+08 9.880249980532659292e+08 6.849669844039198160e+08 1.008459363937377930e+03 1.382000000000000000e+03 1.367000000000000000e+03
1.900000000000000000e+01 2.250000000000000000e+00 4.000000000000000000e+00 0.000000000000000000e+00 8.787295427163072824e+08 8.638260753543312550e+08 9.990975655181435347e+08 7.302753849420421124e+08 5.507968740463256836e+02 1.595000000000000000e+03 1.575000000000000000e+03
1.900000000000000000e+01 2.000000000000000000e+00 4.000000000000000000e+00 0.000000000000000000e+00 8.787295427163072824e+08 8.638260753543312550e+08 1.005654142580176234e+09 7.814935215905448198e+08 4.159556310176849365e+02 1.758000000000000000e+03 1.733000000000000000e+03
1.900000000000000000e+01 1.750000000000000000e+00 4.000000000000000000e+00 0.000000000000000000e+00 8.787295427163072824e+08 8.638260753543312550e+08 1.015836449667498589e+09 8.390435553726953268e+08 4.583273398876190186e+02 1.938000000000000000e+03 1.908000000000000000e+03
1.900000000000000000e+01 1.500000000000000000e+00 4.000000000000000000e+00 0.000000000000000000e+00 8.787295427163072824e+08 8.638260753543312550e+08 1.024372517408658743e+09 9.025131595898246765e+08 3.260661180019378662e+02 2.070000000000000000e+03 2.035000000000000000e+03
1.900000000000000000e+01 1.250000000000000000e+00 4.000000000000000000e+00 0.000000000000000000e+00 8.787295427163072824e+08 8.638260753543312550e+08 1.032167305247858644e+09 9.694580190696989298e+08 1.334023361206054688e+02 2.126000000000000000e+03 2.087000000000000000e+03
1.900000000000000000e+01 1.000000000000000000e+00 4.000000000000000000e+00 0.000000000000000000e+00 8.787295427163072824e+08 8.638260753543312550e+08 1.038240921916010380e+09 1.038499739668264031e+09 3.388678991794586182e+02 2.261000000000000000e+03 2.218000000000000000e+03
1.900000000000000000e+01 1.000000000000000000e+00 4.000000000000000000e+00 5.000000000000000000e+00 8.787295427163072824e+08 8.638260753543312550e+08 1.038436330043374062e+09 1.037279027754653454e+09 1.731801409721374512e+02 2.338000000000000000e+03 2.291000000000000000e+03
