# run number, exp fac, ti calc, ti opt, aep init calc (kW), aep init opt (kW), aep run calc (kW), aep run opt (kW), run time (s), obj func calls, sens func calls
1.030000000000000000e+02 3.000000000000000000e+00 4.000000000000000000e+00 0.000000000000000000e+00 8.144540197758656740e+08 7.947508700395333767e+08 9.574929911815882921e+08 6.026080001285589933e+08 1.763187062025070190e+03 1.017000000000000000e+03 1.012000000000000000e+03
1.030000000000000000e+02 2.750000000000000000e+00 4.000000000000000000e+00 0.000000000000000000e+00 8.144540197758656740e+08 7.947508700395333767e+08 9.618191520014854670e+08 6.387182293179458380e+08 4.739419419765472412e+02 1.311000000000000000e+03 1.301000000000000000e+03
1.030000000000000000e+02 2.500000000000000000e+00 4.000000000000000000e+00 0.000000000000000000e+00 8.144540197758656740e+08 7.947508700395333767e+08 9.773411200589703321e+08 6.790417310816284418e+08 3.676834511756896973e+02 1.539000000000000000e+03 1.524000000000000000e+03
1.030000000000000000e+02 2.250000000000000000e+00 4.000000000000000000e+00 0.000000000000000000e+00 8.144540197758656740e+08 7.947508700395333767e+08 9.910777708656922579e+08 7.243665272034516335e+08 5.479967038631439209e+02 1.879000000000000000e+03 1.859000000000000000e+03
1.030000000000000000e+02 2.000000000000000000e+00 4.000000000000000000e+00 0.000000000000000000e+00 8.144540197758656740e+08 7.947508700395333767e+08 1.007388393687700629e+09 7.763898491881283522e+08 2.861994919776916504e+02 2.057000000000000000e+03 2.032000000000000000e+03
1.030000000000000000e+02 1.750000000000000000e+00 4.000000000000000000e+00 0.000000000000000000e+00 8.144540197758656740e+08 7.947508700395333767e+08 1.024695146769760609e+09 8.361318910267937183e+08 3.213071842193603516e+02 2.260000000000000000e+03 2.230000000000000000e+03
1.030000000000000000e+02 1.500000000000000000e+00 4.000000000000000000e+00 0.000000000000000000e+00 8.144540197758656740e+08 7.947508700395333767e+08 1.035449077914870620e+09 9.037918936694059372e+08 5.284237430095672607e+02 2.590000000000000000e+03 2.555000000000000000e+03
1.030000000000000000e+02 1.250000000000000000e+00 4.000000000000000000e+00 0.000000000000000000e+00 8.144540197758656740e+08 7.947508700395333767e+08 1.041741161148149729e+09 9.758423294177933931e+08 1.422494871616363525e+02 2.681000000000000000e+03 2.642000000000000000e+03
1.030000000000000000e+02 1.000000000000000000e+00 4.000000000000000000e+00 0.000000000000000000e+00 8.144540197758656740e+08 7.947508700395333767e+08 1.043799074497186422e+09 1.044479493757258296e+09 2.505322999954223633e+02 2.841000000000000000e+03 2.797000000000000000e+03
1.030000000000000000e+02 1.000000000000000000e+00 4.000000000000000000e+00 5.000000000000000000e+00 8.144540197758656740e+08 7.947508700395333767e+08 1.043920422865067363e+09 1.043141147221088290e+09 1.178748669624328613e+02 2.916000000000000000e+03 2.868000000000000000e+03
