# run number, exp fac, ti calc, ti opt, aep init calc (kW), aep init opt (kW), aep run calc (kW), aep run opt (kW), run time (s), obj func calls, sens func calls
3.100000000000000000e+01 3.000000000000000000e+00 4.000000000000000000e+00 0.000000000000000000e+00 8.234845958994250298e+08 8.055443185341757536e+08 9.438213311220963001e+08 5.978961633768869638e+08 2.019327693939208984e+03 8.790000000000000000e+02 8.740000000000000000e+02
3.100000000000000000e+01 2.750000000000000000e+00 4.000000000000000000e+00 0.000000000000000000e+00 8.234845958994250298e+08 8.055443185341757536e+08 9.618765519578344822e+08 6.336641089599758387e+08 7.135246448516845703e+02 1.196000000000000000e+03 1.186000000000000000e+03
3.100000000000000000e+01 2.500000000000000000e+00 4.000000000000000000e+00 0.000000000000000000e+00 8.234845958994250298e+08 8.055443185341757536e+08 9.738877828869524002e+08 6.739779790451679230e+08 6.289615769386291504e+02 1.479000000000000000e+03 1.464000000000000000e+03
3.100000000000000000e+01 2.250000000000000000e+00 4.000000000000000000e+00 0.000000000000000000e+00 8.234845958994250298e+08 8.055443185341757536e+08 9.883386210354367495e+08 7.197924577734190226e+08 7.749540271759033203e+02 1.827000000000000000e+03 1.807000000000000000e+03
3.100000000000000000e+01 2.000000000000000000e+00 4.000000000000000000e+00 0.000000000000000000e+00 8.234845958994250298e+08 8.055443185341757536e+08 1.010109163778047562e+09 7.758466603934133053e+08 3.907604458332061768e+02 2.008000000000000000e+03 1.983000000000000000e+03
3.100000000000000000e+01 1.750000000000000000e+00 4.000000000000000000e+00 0.000000000000000000e+00 8.234845958994250298e+08 8.055443185341757536e+08 1.026514823794131279e+09 8.379325183856327534e+08 3.157738289833068848e+02 2.155000000000000000e+03 2.125000000000000000e+03
3.100000000000000000e+01 1.500000000000000000e+00 4.000000000000000000e+00 0.000000000000000000e+00 8.234845958994250298e+08 8.055443185341757536e+08 1.038474334154093623e+09 9.088421437621989250e+08 1.591123321056365967e+02 2.230000000000000000e+03 2.196000000000000000e+03
3.100000000000000000e+01 1.250000000000000000e+00 4.000000000000000000e+00 0.000000000000000000e+00 8.234845958994250298e+08 8.055443185341757536e+08 1.048213828349970579e+09 9.830759189718924761e+08 2.107542719841003418e+02 2.329000000000000000e+03 2.291000000000000000e+03
3.100000000000000000e+01 1.000000000000000000e+00 4.000000000000000000e+00 0.000000000000000000e+00 8.234845958994250298e+08 8.055443185341757536e+08 1.049449483146241665e+09 1.050776797720159769e+09 2.212074291706085205e+02 2.433000000000000000e+03 2.391000000000000000e+03
3.100000000000000000e+01 1.000000000000000000e+00 4.000000000000000000e+00 5.000000000000000000e+00 8.234845958994250298e+08 8.055443185341757536e+08 1.049533244696717024e+09 1.049250377629687428e+09 1.267149348258972168e+02 2.493000000000000000e+03 2.447000000000000000e+03
