# run number, exp fac, ti calc, ti opt, aep init calc (kW), aep init opt (kW), aep run calc (kW), aep run opt (kW), run time (s), obj func calls, sens func calls
6.300000000000000000e+01 3.000000000000000000e+00 4.000000000000000000e+00 0.000000000000000000e+00 8.410134353692523241e+08 8.189830981919234991e+08 9.617898249328653812e+08 6.077398599423323870e+08 2.228454610824584961e+03 9.380000000000000000e+02 9.330000000000000000e+02
6.300000000000000000e+01 2.750000000000000000e+00 4.000000000000000000e+00 0.000000000000000000e+00 8.410134353692523241e+08 8.189830981919234991e+08 9.739013786161111593e+08 6.441866045835953951e+08 2.638898674011230469e+03 2.061000000000000000e+03 2.051000000000000000e+03
6.300000000000000000e+01 2.500000000000000000e+00 4.000000000000000000e+00 0.000000000000000000e+00 8.410134353692523241e+08 8.189830981919234991e+08 9.841166014801135063e+08 6.844682388550893068e+08 8.581150910854339600e+02 2.450000000000000000e+03 2.435000000000000000e+03
6.300000000000000000e+01 2.250000000000000000e+00 4.000000000000000000e+00 0.000000000000000000e+00 8.410134353692523241e+08 8.189830981919234991e+08 9.975879731405456066e+08 7.308815864626477957e+08 5.339607319831848145e+02 2.711000000000000000e+03 2.691000000000000000e+03
6.300000000000000000e+01 2.000000000000000000e+00 4.000000000000000000e+00 0.000000000000000000e+00 8.410134353692523241e+08 8.189830981919234991e+08 1.006192961832701325e+09 7.823962423810337782e+08 2.252740750312805176e+02 2.828000000000000000e+03 2.803000000000000000e+03
6.300000000000000000e+01 1.750000000000000000e+00 4.000000000000000000e+00 0.000000000000000000e+00 8.410134353692523241e+08 8.189830981919234991e+08 1.015563389994905114e+09 8.399685687141758204e+08 1.969438378810882568e+02 2.943000000000000000e+03 2.913000000000000000e+03
6.300000000000000000e+01 1.500000000000000000e+00 4.000000000000000000e+00 0.000000000000000000e+00 8.410134353692523241e+08 8.189830981919234991e+08 1.030047308173541307e+09 9.051206484004124403e+08 9.036694383621215820e+01 2.997000000000000000e+03 2.963000000000000000e+03
6.300000000000000000e+01 1.250000000000000000e+00 4.000000000000000000e+00 0.000000000000000000e+00 8.410134353692523241e+08 8.189830981919234991e+08 1.035608988935713291e+09 9.728123697923673391e+08 1.142263338565826416e+02 3.064000000000000000e+03 3.026000000000000000e+03
6.300000000000000000e+01 1.000000000000000000e+00 4.000000000000000000e+00 0.000000000000000000e+00 8.410134353692523241e+08 8.189830981919234991e+08 1.041124254337202072e+09 1.041533004002903461e+09 1.912538170814514160e+02 3.175000000000000000e+03 3.133000000000000000e+03
6.300000000000000000e+01 1.000000000000000000e+00 4.000000000000000000e+00 5.000000000000000000e+00 8.410134353692523241e+08 8.189830981919234991e+08 1.041223087185553789e+09 1.040366250688405871e+09 9.345565199851989746e+01 3.230000000000000000e+03 3.184000000000000000e+03
