# run number, exp fac, ti calc, ti opt, aep init calc (kW), aep init opt (kW), aep run calc (kW), aep run opt (kW), run time (s), obj func calls, sens func calls
3.600000000000000000e+01 3.000000000000000000e+00 4.000000000000000000e+00 0.000000000000000000e+00 8.516402273869673014e+08 8.319469261655465364e+08 9.648639287371399403e+08 6.084151627670998573e+08 1.340465296030044556e+03 6.770000000000000000e+02 6.720000000000000000e+02
3.600000000000000000e+01 2.750000000000000000e+00 4.000000000000000000e+00 0.000000000000000000e+00 8.516402273869673014e+08 8.319469261655465364e+08 9.710900002605819702e+08 6.447042300761823654e+08 8.075817940235137939e+02 1.108000000000000000e+03 1.098000000000000000e+03
3.600000000000000000e+01 2.500000000000000000e+00 4.000000000000000000e+00 0.000000000000000000e+00 8.516402273869673014e+08 8.319469261655465364e+08 9.833761569611761570e+08 6.849311850270789862e+08 3.651766588687896729e+02 1.307000000000000000e+03 1.292000000000000000e+03
3.600000000000000000e+01 2.250000000000000000e+00 4.000000000000000000e+00 0.000000000000000000e+00 8.516402273869673014e+08 8.319469261655465364e+08 9.978165833907252550e+08 7.303211094987581968e+08 4.683548049926757812e+02 1.563000000000000000e+03 1.543000000000000000e+03
3.600000000000000000e+01 2.000000000000000000e+00 4.000000000000000000e+00 0.000000000000000000e+00 8.516402273869673014e+08 8.319469261655465364e+08 1.006114588256436944e+09 7.818123794995927811e+08 1.735141401290893555e+02 1.671000000000000000e+03 1.646000000000000000e+03
3.600000000000000000e+01 1.750000000000000000e+00 4.000000000000000000e+00 0.000000000000000000e+00 8.516402273869673014e+08 8.319469261655465364e+08 1.017655697681434155e+09 8.395140279669384956e+08 8.780106687545776367e+01 1.724000000000000000e+03 1.695000000000000000e+03
3.600000000000000000e+01 1.500000000000000000e+00 4.000000000000000000e+00 0.000000000000000000e+00 8.516402273869673014e+08 8.319469261655465364e+08 1.028747540070655704e+09 9.043972469479793310e+08 4.336889200210571289e+02 1.989000000000000000e+03 1.955000000000000000e+03
3.600000000000000000e+01 1.250000000000000000e+00 4.000000000000000000e+00 0.000000000000000000e+00 8.516402273869673014e+08 8.319469261655465364e+08 1.039300551651435018e+09 9.757331231839913130e+08 1.271508979797363281e+02 2.068000000000000000e+03 2.030000000000000000e+03
3.600000000000000000e+01 1.000000000000000000e+00 4.000000000000000000e+00 0.000000000000000000e+00 8.516402273869673014e+08 8.319469261655465364e+08 1.043253963237655759e+09 1.044570135909626722e+09 1.914119420051574707e+02 2.182000000000000000e+03 2.140000000000000000e+03
3.600000000000000000e+01 1.000000000000000000e+00 4.000000000000000000e+00 5.000000000000000000e+00 8.516402273869673014e+08 8.319469261655465364e+08 1.043309114858855605e+09 1.043139988764999270e+09 7.671800708770751953e+01 2.228000000000000000e+03 2.182000000000000000e+03
