# run number, exp fac, ti calc, ti opt, aep init calc (kW), aep init opt (kW), aep run calc (kW), aep run opt (kW), run time (s), obj func calls, sens func calls
9.900000000000000000e+01 3.000000000000000000e+00 4.000000000000000000e+00 0.000000000000000000e+00 8.664581959491130114e+08 8.514928535038651228e+08 9.710824538705514669e+08 6.148435741861336231e+08 1.821591856956481934e+03 1.329000000000000000e+03 1.324000000000000000e+03
9.900000000000000000e+01 2.750000000000000000e+00 4.000000000000000000e+00 0.000000000000000000e+00 8.664581959491130114e+08 8.514928535038651228e+08 9.835731074084349871e+08 6.518913345434932709e+08 2.740423510074615479e+02 1.536000000000000000e+03 1.526000000000000000e+03
9.900000000000000000e+01 2.500000000000000000e+00 4.000000000000000000e+00 0.000000000000000000e+00 8.664581959491130114e+08 8.514928535038651228e+08 9.893104164181976318e+08 6.920587604972608089e+08 4.196738061904907227e+02 1.846000000000000000e+03 1.831000000000000000e+03
9.900000000000000000e+01 2.250000000000000000e+00 4.000000000000000000e+00 0.000000000000000000e+00 8.664581959491130114e+08 8.514928535038651228e+08 9.958774647621661425e+08 7.366413500465074778e+08 1.612868679046630859e+03 3.003000000000000000e+03 2.983000000000000000e+03
9.900000000000000000e+01 2.000000000000000000e+00 4.000000000000000000e+00 0.000000000000000000e+00 8.664581959491130114e+08 8.514928535038651228e+08 1.000951370700523257e+09 7.863221125703812838e+08 2.644468770027160645e+02 3.202000000000000000e+03 3.177000000000000000e+03
9.900000000000000000e+01 1.750000000000000000e+00 4.000000000000000000e+00 0.000000000000000000e+00 8.664581959491130114e+08 8.514928535038651228e+08 1.007366278532085538e+09 8.408768739502257109e+08 1.686211290359497070e+02 3.330000000000000000e+03 3.300000000000000000e+03
9.900000000000000000e+01 1.500000000000000000e+00 4.000000000000000000e+00 0.000000000000000000e+00 8.664581959491130114e+08 8.514928535038651228e+08 1.018351740640785098e+09 9.009029787393721342e+08 1.470584588050842285e+02 3.442000000000000000e+03 3.407000000000000000e+03
9.900000000000000000e+01 1.250000000000000000e+00 4.000000000000000000e+00 0.000000000000000000e+00 8.664581959491130114e+08 8.514928535038651228e+08 1.032161069028645039e+09 9.694410706476866007e+08 1.810232021808624268e+02 3.574000000000000000e+03 3.535000000000000000e+03
9.900000000000000000e+01 1.000000000000000000e+00 4.000000000000000000e+00 0.000000000000000000e+00 8.664581959491130114e+08 8.514928535038651228e+08 1.034167848559135556e+09 1.034534558740994453e+09 5.381508250236511230e+02 3.959000000000000000e+03 3.915000000000000000e+03
9.900000000000000000e+01 1.000000000000000000e+00 4.000000000000000000e+00 5.000000000000000000e+00 8.664581959491130114e+08 8.514928535038651228e+08 1.034235586237087011e+09 1.033305543776035547e+09 1.531083080768585205e+02 4.073000000000000000e+03 4.024000000000000000e+03
