# run number, exp fac, ti calc, ti opt, aep init calc (kW), aep init opt (kW), aep run calc (kW), aep run opt (kW), run time (s), obj func calls, sens func calls
1.390000000000000000e+02 3.000000000000000000e+00 4.000000000000000000e+00 0.000000000000000000e+00 8.581401500453548431e+08 8.402597791932135820e+08 9.713661352885684967e+08 6.074921245757073164e+08 2.008755707025527954e+03 8.220000000000000000e+02 8.170000000000000000e+02
1.390000000000000000e+02 2.750000000000000000e+00 4.000000000000000000e+00 0.000000000000000000e+00 8.581401500453548431e+08 8.402597791932135820e+08 9.761466456688493490e+08 6.440531556683181524e+08 8.024922189712524414e+02 1.168000000000000000e+03 1.158000000000000000e+03
1.390000000000000000e+02 2.500000000000000000e+00 4.000000000000000000e+00 0.000000000000000000e+00 8.581401500453548431e+08 8.402597791932135820e+08 9.857117660453463793e+08 6.847585754021058083e+08 7.572405779361724854e+02 1.493000000000000000e+03 1.478000000000000000e+03
1.390000000000000000e+02 2.250000000000000000e+00 4.000000000000000000e+00 0.000000000000000000e+00 8.581401500453548431e+08 8.402597791932135820e+08 9.949945839750522375e+08 7.299622291696095467e+08 5.659305131435394287e+02 1.733000000000000000e+03 1.713000000000000000e+03
1.390000000000000000e+02 2.000000000000000000e+00 4.000000000000000000e+00 0.000000000000000000e+00 8.581401500453548431e+08 8.402597791932135820e+08 1.007086429980314732e+09 7.811548571693577766e+08 4.574830651283264160e+02 1.932000000000000000e+03 1.907000000000000000e+03
1.390000000000000000e+02 1.750000000000000000e+00 4.000000000000000000e+00 0.000000000000000000e+00 8.581401500453548431e+08 8.402597791932135820e+08 1.010872961524830341e+09 8.392137362117928267e+08 3.298861999511718750e+02 2.078000000000000000e+03 2.048000000000000000e+03
1.390000000000000000e+02 1.500000000000000000e+00 4.000000000000000000e+00 0.000000000000000000e+00 8.581401500453548431e+08 8.402597791932135820e+08 1.032008849897137761e+09 9.044150713752520084e+08 4.327310919761657715e+02 2.264000000000000000e+03 2.229000000000000000e+03
1.390000000000000000e+02 1.250000000000000000e+00 4.000000000000000000e+00 0.000000000000000000e+00 8.581401500453548431e+08 8.402597791932135820e+08 1.038187873413732409e+09 9.747232796690367460e+08 1.322775274038314819e+03 2.804000000000000000e+03 2.764000000000000000e+03
1.390000000000000000e+02 1.000000000000000000e+00 4.000000000000000000e+00 0.000000000000000000e+00 8.581401500453548431e+08 8.402597791932135820e+08 1.042208607826509476e+09 1.043206540293497443e+09 2.153377511501312256e+02 2.895000000000000000e+03 2.851000000000000000e+03
1.390000000000000000e+02 1.000000000000000000e+00 4.000000000000000000e+00 5.000000000000000000e+00 8.581401500453548431e+08 8.402597791932135820e+08 1.042317067032945991e+09 1.041788045435742974e+09 1.552508299350738525e+02 2.959000000000000000e+03 2.911000000000000000e+03
