# run number, exp fac, ti calc, ti opt, aep init calc (kW), aep init opt (kW), aep run calc (kW), aep run opt (kW), run time (s), obj func calls, sens func calls
3.000000000000000000e+00 3.000000000000000000e+00 4.000000000000000000e+00 0.000000000000000000e+00 8.685256195739291906e+08 8.554130359384670258e+08 9.662955993061901331e+08 6.075584542892085314e+08 1.750624507904052734e+03 1.052000000000000000e+03 1.047000000000000000e+03
3.000000000000000000e+00 2.750000000000000000e+00 4.000000000000000000e+00 0.000000000000000000e+00 8.685256195739291906e+08 8.554130359384670258e+08 9.706580632428634167e+08 6.436774634899035692e+08 8.248409240245819092e+02 1.557000000000000000e+03 1.547000000000000000e+03
3.000000000000000000e+00 2.500000000000000000e+00 4.000000000000000000e+00 0.000000000000000000e+00 8.685256195739291906e+08 8.554130359384670258e+08 9.776337014412074089e+08 6.836241150430296659e+08 2.402547221183776855e+02 1.708000000000000000e+03 1.693000000000000000e+03
3.000000000000000000e+00 2.250000000000000000e+00 4.000000000000000000e+00 0.000000000000000000e+00 8.685256195739291906e+08 8.554130359384670258e+08 9.972192559774037600e+08 7.291075250886200666e+08 2.891878199577331543e+02 1.894000000000000000e+03 1.874000000000000000e+03
3.000000000000000000e+00 2.000000000000000000e+00 4.000000000000000000e+00 0.000000000000000000e+00 8.685256195739291906e+08 8.554130359384670258e+08 1.005991301641239882e+09 7.818256849055107832e+08 2.181393008232116699e+02 2.033000000000000000e+03 2.008000000000000000e+03
3.000000000000000000e+00 1.750000000000000000e+00 4.000000000000000000e+00 0.000000000000000000e+00 8.685256195739291906e+08 8.554130359384670258e+08 1.012264784604419351e+09 8.394886090967460871e+08 2.370145449638366699e+02 2.183000000000000000e+03 2.153000000000000000e+03
3.000000000000000000e+00 1.500000000000000000e+00 4.000000000000000000e+00 0.000000000000000000e+00 8.685256195739291906e+08 8.554130359384670258e+08 1.032036658962312579e+09 9.046227185168505907e+08 1.432121079206466675e+03 3.092000000000000000e+03 3.058000000000000000e+03
3.000000000000000000e+00 1.250000000000000000e+00 4.000000000000000000e+00 0.000000000000000000e+00 8.685256195739291906e+08 8.554130359384670258e+08 1.035360985862538815e+09 9.739508810593554974e+08 3.041040601730346680e+02 3.298000000000000000e+03 3.260000000000000000e+03
3.000000000000000000e+00 1.000000000000000000e+00 4.000000000000000000e+00 0.000000000000000000e+00 8.685256195739291906e+08 8.554130359384670258e+08 1.041278318476344943e+09 1.041452247635592937e+09 1.579321241378784180e+02 3.406000000000000000e+03 3.364000000000000000e+03
3.000000000000000000e+00 1.000000000000000000e+00 4.000000000000000000e+00 5.000000000000000000e+00 8.685256195739291906e+08 8.554130359384670258e+08 1.041433772852511883e+09 1.040128720312819600e+09 9.046872520446777344e+01 3.469000000000000000e+03 3.423000000000000000e+03
