# run number, exp fac, ti calc, ti opt, aep init calc (kW), aep init opt (kW), aep run calc (kW), aep run opt (kW), run time (s), obj func calls, sens func calls
1.840000000000000000e+02 3.000000000000000000e+00 4.000000000000000000e+00 0.000000000000000000e+00 8.125555945593032837e+08 7.913908674595931768e+08 9.582277598612272739e+08 6.068629247159899473e+08 1.635233258008956909e+03 9.540000000000000000e+02 9.490000000000000000e+02
1.840000000000000000e+02 2.750000000000000000e+00 4.000000000000000000e+00 0.000000000000000000e+00 8.125555945593032837e+08 7.913908674595931768e+08 9.726056639423300028e+08 6.427707724384607077e+08 1.027876903772354126e+03 1.568000000000000000e+03 1.558000000000000000e+03
1.840000000000000000e+02 2.500000000000000000e+00 4.000000000000000000e+00 0.000000000000000000e+00 8.125555945593032837e+08 7.913908674595931768e+08 9.819368786188753843e+08 6.828410870260130167e+08 2.365777170658111572e+02 1.716000000000000000e+03 1.701000000000000000e+03
1.840000000000000000e+02 2.250000000000000000e+00 4.000000000000000000e+00 0.000000000000000000e+00 8.125555945593032837e+08 7.913908674595931768e+08 9.958690249087756872e+08 7.292925057081589699e+08 3.084456810951232910e+02 1.908000000000000000e+03 1.888000000000000000e+03
1.840000000000000000e+02 2.000000000000000000e+00 4.000000000000000000e+00 0.000000000000000000e+00 8.125555945593032837e+08 7.913908674595931768e+08 1.001295603924752235e+09 7.805669659200553894e+08 5.122752351760864258e+02 2.224000000000000000e+03 2.199000000000000000e+03
1.840000000000000000e+02 1.750000000000000000e+00 4.000000000000000000e+00 0.000000000000000000e+00 8.125555945593032837e+08 7.913908674595931768e+08 1.017255022935049176e+09 8.382400595868873596e+08 4.307198581695556641e+02 2.487000000000000000e+03 2.457000000000000000e+03
1.840000000000000000e+02 1.500000000000000000e+00 4.000000000000000000e+00 0.000000000000000000e+00 8.125555945593032837e+08 7.913908674595931768e+08 1.027631938246745825e+09 9.024463589023461342e+08 1.031246571540832520e+02 2.553000000000000000e+03 2.519000000000000000e+03
1.840000000000000000e+02 1.250000000000000000e+00 4.000000000000000000e+00 0.000000000000000000e+00 8.125555945593032837e+08 7.913908674595931768e+08 1.038668094656486750e+09 9.738492518460874557e+08 1.506182281970977783e+02 2.647000000000000000e+03 2.609000000000000000e+03
1.840000000000000000e+02 1.000000000000000000e+00 4.000000000000000000e+00 0.000000000000000000e+00 8.125555945593032837e+08 7.913908674595931768e+08 1.041175677791642785e+09 1.042088583347823143e+09 1.674147458076477051e+02 2.751000000000000000e+03 2.709000000000000000e+03
1.840000000000000000e+02 1.000000000000000000e+00 4.000000000000000000e+00 5.000000000000000000e+00 8.125555945593032837e+08 7.913908674595931768e+08 1.041272872359277487e+09 1.040726728270273924e+09 1.300414218902587891e+02 2.831000000000000000e+03 2.785000000000000000e+03
