# run number, exp fac, ti calc, ti opt, aep init calc (kW), aep init opt (kW), aep run calc (kW), aep run opt (kW), run time (s), obj func calls, sens func calls
1.000000000000000000e+01 3.000000000000000000e+00 4.000000000000000000e+00 0.000000000000000000e+00 8.557321452490423918e+08 8.405500238519446850e+08 9.644397762497191429e+08 6.106704651473556757e+08 3.183742291927337646e+03 1.236000000000000000e+03 1.231000000000000000e+03
1.000000000000000000e+01 2.750000000000000000e+00 4.000000000000000000e+00 0.000000000000000000e+00 8.557321452490423918e+08 8.405500238519446850e+08 9.757749442707593441e+08 6.469954673585458994e+08 3.689918398857116699e+02 1.389000000000000000e+03 1.379000000000000000e+03
1.000000000000000000e+01 2.500000000000000000e+00 4.000000000000000000e+00 0.000000000000000000e+00 8.557321452490423918e+08 8.405500238519446850e+08 9.912711319079190493e+08 6.867775204342060089e+08 8.737490930557250977e+02 1.735000000000000000e+03 1.720000000000000000e+03
1.000000000000000000e+01 2.250000000000000000e+00 4.000000000000000000e+00 0.000000000000000000e+00 8.557321452490423918e+08 8.405500238519446850e+08 1.001382307365851045e+09 7.317633663577643633e+08 6.361510541439056396e+02 2.005000000000000000e+03 1.985000000000000000e+03
1.000000000000000000e+01 2.000000000000000000e+00 4.000000000000000000e+00 0.000000000000000000e+00 8.557321452490423918e+08 8.405500238519446850e+08 1.011867140994988561e+09 7.827114874580477476e+08 2.479583959579467773e+02 2.116000000000000000e+03 2.091000000000000000e+03
1.000000000000000000e+01 1.750000000000000000e+00 4.000000000000000000e+00 0.000000000000000000e+00 8.557321452490423918e+08 8.405500238519446850e+08 1.015474110508518577e+09 8.400410071802074909e+08 9.530686998367309570e+01 2.161000000000000000e+03 2.132000000000000000e+03
1.000000000000000000e+01 1.500000000000000000e+00 4.000000000000000000e+00 0.000000000000000000e+00 8.557321452490423918e+08 8.405500238519446850e+08 1.029791656554165721e+09 9.039882017004071474e+08 4.681043150424957275e+02 2.367000000000000000e+03 2.333000000000000000e+03
1.000000000000000000e+01 1.250000000000000000e+00 4.000000000000000000e+00 0.000000000000000000e+00 8.557321452490423918e+08 8.405500238519446850e+08 1.037265065004479289e+09 9.728870134776631594e+08 1.571753361225128174e+02 2.438000000000000000e+03 2.400000000000000000e+03
1.000000000000000000e+01 1.000000000000000000e+00 4.000000000000000000e+00 0.000000000000000000e+00 8.557321452490423918e+08 8.405500238519446850e+08 1.038652493215489268e+09 1.038781852648147821e+09 2.005117049217224121e+02 2.527000000000000000e+03 2.485000000000000000e+03
1.000000000000000000e+01 1.000000000000000000e+00 4.000000000000000000e+00 5.000000000000000000e+00 8.557321452490423918e+08 8.405500238519446850e+08 1.038797498514317513e+09 1.037575257229411483e+09 1.373529491424560547e+02 2.588000000000000000e+03 2.542000000000000000e+03
