# run number, exp fac, ti calc, ti opt, aep init calc (kW), aep init opt (kW), aep run calc (kW), aep run opt (kW), run time (s), obj func calls, sens func calls
1.200000000000000000e+02 3.000000000000000000e+00 4.000000000000000000e+00 0.000000000000000000e+00 8.567129674398106337e+08 8.406622916128636599e+08 9.598046769025708437e+08 6.060101126190259457e+08 1.267051111221313477e+03 7.780000000000000000e+02 7.730000000000000000e+02
1.200000000000000000e+02 2.750000000000000000e+00 4.000000000000000000e+00 0.000000000000000000e+00 8.567129674398106337e+08 8.406622916128636599e+08 9.647249128988672495e+08 6.424933939243824482e+08 8.631685640811920166e+02 1.313000000000000000e+03 1.303000000000000000e+03
1.200000000000000000e+02 2.500000000000000000e+00 4.000000000000000000e+00 0.000000000000000000e+00 8.567129674398106337e+08 8.406622916128636599e+08 9.761742013356975317e+08 6.823492315750043392e+08 2.142528829574584961e+02 1.449000000000000000e+03 1.434000000000000000e+03
1.200000000000000000e+02 2.250000000000000000e+00 4.000000000000000000e+00 0.000000000000000000e+00 8.567129674398106337e+08 8.406622916128636599e+08 9.907874579384950399e+08 7.265582656403924227e+08 4.342123599052429199e+02 1.717000000000000000e+03 1.697000000000000000e+03
1.200000000000000000e+02 2.000000000000000000e+00 4.000000000000000000e+00 0.000000000000000000e+00 8.567129674398106337e+08 8.406622916128636599e+08 1.000542157477470279e+09 7.771364100484427214e+08 6.867518739700317383e+02 2.148000000000000000e+03 2.123000000000000000e+03
1.200000000000000000e+02 1.750000000000000000e+00 4.000000000000000000e+00 0.000000000000000000e+00 8.567129674398106337e+08 8.406622916128636599e+08 1.012344123329283834e+09 8.342661948990973234e+08 2.868730678558349609e+02 2.338000000000000000e+03 2.308000000000000000e+03
1.200000000000000000e+02 1.500000000000000000e+00 4.000000000000000000e+00 0.000000000000000000e+00 8.567129674398106337e+08 8.406622916128636599e+08 1.022226089913039804e+09 8.983646703861141205e+08 1.902074909210205078e+02 2.465000000000000000e+03 2.430000000000000000e+03
1.200000000000000000e+02 1.250000000000000000e+00 4.000000000000000000e+00 0.000000000000000000e+00 8.567129674398106337e+08 8.406622916128636599e+08 1.033587155628494263e+09 9.692935830801496506e+08 1.680923421382904053e+02 2.575000000000000000e+03 2.536000000000000000e+03
1.200000000000000000e+02 1.000000000000000000e+00 4.000000000000000000e+00 0.000000000000000000e+00 8.567129674398106337e+08 8.406622916128636599e+08 1.037340248441975474e+09 1.038365909636898518e+09 1.623648710250854492e+02 2.681000000000000000e+03 2.638000000000000000e+03
1.200000000000000000e+02 1.000000000000000000e+00 4.000000000000000000e+00 5.000000000000000000e+00 8.567129674398106337e+08 8.406622916128636599e+08 1.037450623409718037e+09 1.036964489733875275e+09 7.659855008125305176e+01 2.732000000000000000e+03 2.685000000000000000e+03
