# run number, exp fac, ti calc, ti opt, aep init calc (kW), aep init opt (kW), aep run calc (kW), aep run opt (kW), run time (s), obj func calls, sens func calls
1.800000000000000000e+02 3.000000000000000000e+00 4.000000000000000000e+00 0.000000000000000000e+00 8.284520134289594889e+08 8.064766647261357307e+08 9.622856747272725105e+08 6.045692439183683395e+08 1.598886968135833740e+03 7.160000000000000000e+02 7.110000000000000000e+02
1.800000000000000000e+02 2.750000000000000000e+00 4.000000000000000000e+00 0.000000000000000000e+00 8.284520134289594889e+08 8.064766647261357307e+08 9.710564645556164980e+08 6.408964600317859650e+08 2.106842448711395264e+02 8.170000000000000000e+02 8.070000000000000000e+02
1.800000000000000000e+02 2.500000000000000000e+00 4.000000000000000000e+00 0.000000000000000000e+00 8.284520134289594889e+08 8.064766647261357307e+08 9.804094655865538120e+08 6.826509387271059752e+08 8.353963680267333984e+02 1.209000000000000000e+03 1.194000000000000000e+03
1.800000000000000000e+02 2.250000000000000000e+00 4.000000000000000000e+00 0.000000000000000000e+00 8.284520134289594889e+08 8.064766647261357307e+08 9.969757036298974752e+08 7.284174897452023029e+08 5.279893641471862793e+02 1.457000000000000000e+03 1.437000000000000000e+03
1.800000000000000000e+02 2.000000000000000000e+00 4.000000000000000000e+00 0.000000000000000000e+00 8.284520134289594889e+08 8.064766647261357307e+08 1.014072920729446650e+09 7.813382801230621338e+08 1.188221771001815796e+03 2.082000000000000000e+03 2.057000000000000000e+03
1.800000000000000000e+02 1.750000000000000000e+00 4.000000000000000000e+00 0.000000000000000000e+00 8.284520134289594889e+08 8.064766647261357307e+08 1.021230595231634974e+09 8.413258919645382166e+08 2.433087911605834961e+02 2.262000000000000000e+03 2.232000000000000000e+03
1.800000000000000000e+02 1.500000000000000000e+00 4.000000000000000000e+00 0.000000000000000000e+00 8.284520134289594889e+08 8.064766647261357307e+08 1.031885286969104290e+09 9.071964775848075151e+08 1.858123710155487061e+02 2.397000000000000000e+03 2.362000000000000000e+03
1.800000000000000000e+02 1.250000000000000000e+00 4.000000000000000000e+00 0.000000000000000000e+00 8.284520134289594889e+08 8.064766647261357307e+08 1.043179146530000329e+09 9.776996796863961220e+08 1.143122560977935791e+02 2.481000000000000000e+03 2.442000000000000000e+03
1.800000000000000000e+02 1.000000000000000000e+00 4.000000000000000000e+00 0.000000000000000000e+00 8.284520134289594889e+08 8.064766647261357307e+08 1.046593457042744994e+09 1.046510835515769005e+09 1.559814789295196533e+02 2.592000000000000000e+03 2.549000000000000000e+03
1.800000000000000000e+02 1.000000000000000000e+00 4.000000000000000000e+00 5.000000000000000000e+00 8.284520134289594889e+08 8.064766647261357307e+08 1.046737159087674022e+09 1.045294693073519588e+09 7.256344604492187500e+01 2.644000000000000000e+03 2.597000000000000000e+03
