# # run number, exp fac, ti calc, ti opt, aep init calc (kW), aep init opt (kW), aep run calc (kW), aep run opt (kW), run time (s), obj func calls, sens func calls
0.000000000000000000e+00 1.000000000000000000e+00 4.000000000000000000e+00 0.000000000000000000e+00 9.698615658924242258e+08 9.608335942011314631e+08 1.044272220860241890e+09 1.043579458264939666e+09 2.017394418716430664e+02 1.300000000000000000e+02 1.260000000000000000e+02
0.000000000000000000e+00 1.000000000000000000e+00 4.000000000000000000e+00 0.000000000000000000e+00 9.698615658924242258e+08 9.608335942011314631e+08 1.044272220860221386e+09 1.043579458264939785e+09 2.886635339260101318e+02 1.300000000000000000e+02 1.260000000000000000e+02
1.000000000000000000e+00 1.000000000000000000e+00 4.000000000000000000e+00 0.000000000000000000e+00 8.194714595797584057e+08 8.017850895129568577e+08 9.842237137897450924e+08 9.836142474464282990e+08 3.830527589321136475e+02 2.160000000000000000e+02 2.120000000000000000e+02
1.000000000000000000e+00 1.000000000000000000e+00 4.000000000000000000e+00 0.000000000000000000e+00 8.194714595797584057e+08 8.017850895129568577e+08 9.842237631940141916e+08 9.836142478737777472e+08 5.470288581848144531e+02 2.320000000000000000e+02 2.280000000000000000e+02
2.000000000000000000e+00 1.000000000000000000e+00 4.000000000000000000e+00 0.000000000000000000e+00 8.146508322264180183e+08 7.944748787986153364e+08 1.001350140827262282e+09 1.000593109000821590e+09 4.446420619487762451e+02 2.920000000000000000e+02 2.870000000000000000e+02
2.000000000000000000e+00 1.000000000000000000e+00 4.000000000000000000e+00 0.000000000000000000e+00 8.146508322264180183e+08 7.944748787986153364e+08 1.001350491549571276e+09 1.000593113654127717e+09 5.888490359783172607e+02 3.030000000000000000e+02 2.980000000000000000e+02
3.000000000000000000e+00 1.000000000000000000e+00 4.000000000000000000e+00 0.000000000000000000e+00 8.685256195739291906e+08 8.554130359384670258e+08 1.004420082660721779e+09 1.003803362948236585e+09 5.671784858703613281e+02 3.310000000000000000e+02 3.260000000000000000e+02
3.000000000000000000e+00 1.000000000000000000e+00 4.000000000000000000e+00 0.000000000000000000e+00 8.685256195739291906e+08 8.554130359384670258e+08 1.004420107735146523e+09 1.003803389430705905e+09 7.468252530097961426e+02 3.160000000000000000e+02 3.110000000000000000e+02
4.000000000000000000e+00 1.000000000000000000e+00 4.000000000000000000e+00 0.000000000000000000e+00 8.614953989516531229e+08 8.425276894750173092e+08 9.977532811086013317e+08 9.958038317984801531e+08 3.792892320156097412e+02 2.060000000000000000e+02 2.020000000000000000e+02
4.000000000000000000e+00 1.000000000000000000e+00 4.000000000000000000e+00 0.000000000000000000e+00 8.614953989516531229e+08 8.425276894750173092e+08 9.977532811084843874e+08 9.958038317984800339e+08 5.104448261260986328e+02 2.060000000000000000e+02 2.020000000000000000e+02
5.000000000000000000e+00 1.000000000000000000e+00 4.000000000000000000e+00 0.000000000000000000e+00 8.323195805467363596e+08 8.153156990793813467e+08 1.005546667250429988e+09 1.005020019822842836e+09 1.255069055080413818e+03 1.001000000000000000e+03 9.960000000000000000e+02
5.000000000000000000e+00 1.000000000000000000e+00 4.000000000000000000e+00 0.000000000000000000e+00 8.323195805467363596e+08 8.153156990793813467e+08 1.005546826794530749e+09 1.005020017605084181e+09 1.410637342929840088e+03 5.820000000000000000e+02 5.770000000000000000e+02
6.000000000000000000e+00 1.000000000000000000e+00 4.000000000000000000e+00 0.000000000000000000e+00 8.298717600765730143e+08 8.074307862883542776e+08 1.004346047296093702e+09 1.003024396228887558e+09 3.660020949840545654e+02 1.990000000000000000e+02 1.950000000000000000e+02
6.000000000000000000e+00 1.000000000000000000e+00 4.000000000000000000e+00 0.000000000000000000e+00 8.298717600765730143e+08 8.074307862883542776e+08 1.004346047295565128e+09 1.003024396228887439e+09 4.875707011222839355e+02 1.990000000000000000e+02 1.950000000000000000e+02
7.000000000000000000e+00 1.000000000000000000e+00 4.000000000000000000e+00 0.000000000000000000e+00 8.463316318084439039e+08 8.329355256793346405e+08 1.018458981191052675e+09 1.018974304411098480e+09 3.053698670864105225e+02 1.970000000000000000e+02 1.930000000000000000e+02
7.000000000000000000e+00 1.000000000000000000e+00 4.000000000000000000e+00 0.000000000000000000e+00 8.463316318084439039e+08 8.329355256793346405e+08 1.018458981191061735e+09 1.018974304411098361e+09 3.707600631713867188e+02 1.970000000000000000e+02 1.930000000000000000e+02
8.000000000000000000e+00 1.000000000000000000e+00 4.000000000000000000e+00 0.000000000000000000e+00 8.365283213574746847e+08 8.176724857575435638e+08 1.007556474861146688e+09 1.006983846237909079e+09 4.085191090106964111e+02 2.370000000000000000e+02 2.330000000000000000e+02
8.000000000000000000e+00 1.000000000000000000e+00 4.000000000000000000e+00 0.000000000000000000e+00 8.365283213574746847e+08 8.176724857575435638e+08 1.007556462962426662e+09 1.006983846250343204e+09 5.488363051414489746e+02 2.380000000000000000e+02 2.340000000000000000e+02
9.000000000000000000e+00 1.000000000000000000e+00 4.000000000000000000e+00 0.000000000000000000e+00 8.243563440019340515e+08 8.060215592025579214e+08 1.017385723512449384e+09 1.018259733520885587e+09 3.168348939418792725e+02 1.820000000000000000e+02 1.780000000000000000e+02
9.000000000000000000e+00 1.000000000000000000e+00 4.000000000000000000e+00 0.000000000000000000e+00 8.243563440019340515e+08 8.060215592025579214e+08 1.017385723511561871e+09 1.018259733520884395e+09 4.214243571758270264e+02 1.820000000000000000e+02 1.780000000000000000e+02
1.000000000000000000e+01 1.000000000000000000e+00 4.000000000000000000e+00 0.000000000000000000e+00 8.557321452490423918e+08 8.405500238519446850e+08 1.021864759457254529e+09 1.023104007955200911e+09 3.513649079799652100e+02 2.140000000000000000e+02 2.100000000000000000e+02
1.000000000000000000e+01 1.000000000000000000e+00 4.000000000000000000e+00 0.000000000000000000e+00 8.557321452490423918e+08 8.405500238519446850e+08 1.021864759464424968e+09 1.023104007955177307e+09 4.909432930946350098e+02 2.140000000000000000e+02 2.100000000000000000e+02
1.100000000000000000e+01 1.000000000000000000e+00 4.000000000000000000e+00 0.000000000000000000e+00 8.218779721089138985e+08 8.011624016702821255e+08 1.002524676555034161e+09 1.001490565769374728e+09 5.765847189426422119e+02 3.220000000000000000e+02 3.180000000000000000e+02
1.100000000000000000e+01 1.000000000000000000e+00 4.000000000000000000e+00 0.000000000000000000e+00 8.218779721089138985e+08 8.011624016702821255e+08 1.002524614267738700e+09 1.001490565753168583e+09 7.412852649688720703e+02 3.040000000000000000e+02 3.000000000000000000e+02
1.200000000000000000e+01 1.000000000000000000e+00 4.000000000000000000e+00 0.000000000000000000e+00 8.560055923708398342e+08 8.368821437116190195e+08 1.005238062860031486e+09 1.004353238032453775e+09 8.580140578746795654e+02 5.130000000000000000e+02 5.090000000000000000e+02
1.200000000000000000e+01 1.000000000000000000e+00 4.000000000000000000e+00 0.000000000000000000e+00 8.560055923708398342e+08 8.368821437116190195e+08 1.005238064644932985e+09 1.004353237979207158e+09 2.082440603017807007e+03 4.780000000000000000e+02 4.740000000000000000e+02
1.300000000000000000e+01 1.000000000000000000e+00 4.000000000000000000e+00 0.000000000000000000e+00 7.985456457433402538e+08 7.813937985588002205e+08 1.011794416710154057e+09 1.011812828819784284e+09 5.756346380710601807e+02 3.050000000000000000e+02 3.010000000000000000e+02
1.300000000000000000e+01 1.000000000000000000e+00 4.000000000000000000e+00 0.000000000000000000e+00 7.985456457433402538e+08 7.813937985588002205e+08 1.011794360513408184e+09 1.011812828348911047e+09 7.653313930034637451e+02 3.070000000000000000e+02 3.030000000000000000e+02
1.400000000000000000e+01 1.000000000000000000e+00 4.000000000000000000e+00 0.000000000000000000e+00 8.173470097511314154e+08 7.976546415601245165e+08 1.009534441965020776e+09 1.008147241623155117e+09 2.448972410917282104e+03 1.451000000000000000e+03 1.447000000000000000e+03
1.400000000000000000e+01 1.000000000000000000e+00 4.000000000000000000e+00 0.000000000000000000e+00 8.173470097511314154e+08 7.976546415601245165e+08 1.015233468274315357e+09 1.013159424583757043e+09 2.086483627796173096e+03 8.480000000000000000e+02 8.440000000000000000e+02
1.500000000000000000e+01 1.000000000000000000e+00 4.000000000000000000e+00 0.000000000000000000e+00 8.186882617099429369e+08 8.021601538304677010e+08 1.006377816097278118e+09 1.004173080769673467e+09 4.632477920055389404e+02 2.240000000000000000e+02 2.190000000000000000e+02
1.500000000000000000e+01 1.000000000000000000e+00 4.000000000000000000e+00 0.000000000000000000e+00 8.186882617099429369e+08 8.021601538304677010e+08 1.006377816065337896e+09 1.004173080741070390e+09 5.199152281284332275e+02 2.360000000000000000e+02 2.310000000000000000e+02
1.600000000000000000e+01 1.000000000000000000e+00 4.000000000000000000e+00 0.000000000000000000e+00 8.609993543305261135e+08 8.458847156217027903e+08 1.011780553216185689e+09 1.011640779920398951e+09 3.605793190002441406e+02 1.500000000000000000e+02 1.460000000000000000e+02
1.600000000000000000e+01 1.000000000000000000e+00 4.000000000000000000e+00 0.000000000000000000e+00 8.609993543305261135e+08 8.458847156217027903e+08 1.011780553217317700e+09 1.011640779920393586e+09 3.199589149951934814e+02 1.500000000000000000e+02 1.460000000000000000e+02
1.700000000000000000e+01 1.000000000000000000e+00 4.000000000000000000e+00 0.000000000000000000e+00 8.320884566734415293e+08 8.155506723434416056e+08 9.887733728233169317e+08 9.876642135282974243e+08 7.315579569339752197e+02 2.910000000000000000e+02 2.860000000000000000e+02
1.700000000000000000e+01 1.000000000000000000e+00 4.000000000000000000e+00 0.000000000000000000e+00 8.320884566734415293e+08 8.155506723434416056e+08 9.887733728223823309e+08 9.876642135272794962e+08 6.261293511390686035e+02 2.700000000000000000e+02 2.650000000000000000e+02
1.800000000000000000e+01 1.000000000000000000e+00 4.000000000000000000e+00 0.000000000000000000e+00 8.081747523021608591e+08 7.879396041077604294e+08 9.851226091457912922e+08 9.832480747865154743e+08 3.485050020217895508e+02 2.290000000000000000e+02 2.250000000000000000e+02
1.800000000000000000e+01 1.000000000000000000e+00 4.000000000000000000e+00 0.000000000000000000e+00 8.081747523021608591e+08 7.879396041077604294e+08 9.851226092505704165e+08 9.832480747866263390e+08 5.430410399436950684e+02 2.290000000000000000e+02 2.250000000000000000e+02
1.900000000000000000e+01 1.000000000000000000e+00 4.000000000000000000e+00 0.000000000000000000e+00 8.787295427163072824e+08 8.638260753543312550e+08 1.000554549360930443e+09 9.987299883918284178e+08 5.467628760337829590e+02 4.040000000000000000e+02 4.000000000000000000e+02
1.900000000000000000e+01 1.000000000000000000e+00 4.000000000000000000e+00 0.000000000000000000e+00 8.787295427163072824e+08 8.638260753543312550e+08 1.000554732726975918e+09 9.987299887854123116e+08 8.410526931285858154e+02 4.020000000000000000e+02 3.980000000000000000e+02
2.000000000000000000e+01 1.000000000000000000e+00 4.000000000000000000e+00 0.000000000000000000e+00 8.486920821973627806e+08 8.294985580547249317e+08 9.970867397761844397e+08 9.958336335795364380e+08 8.721144070625305176e+02 4.880000000000000000e+02 4.840000000000000000e+02
2.000000000000000000e+01 1.000000000000000000e+00 4.000000000000000000e+00 0.000000000000000000e+00 8.486920821973627806e+08 8.294985580547249317e+08 9.970866382595276833e+08 9.958336333861366510e+08 1.084013065099716187e+03 4.630000000000000000e+02 4.590000000000000000e+02
2.100000000000000000e+01 1.000000000000000000e+00 4.000000000000000000e+00 0.000000000000000000e+00 8.425646208444045782e+08 8.200539199242169857e+08 1.022512626518403530e+09 1.021763147990167499e+09 2.477870121002197266e+02 1.550000000000000000e+02 1.510000000000000000e+02
2.100000000000000000e+01 1.000000000000000000e+00 4.000000000000000000e+00 0.000000000000000000e+00 8.425646208444045782e+08 8.200539199242169857e+08 1.022512626518384457e+09 1.021763147990167379e+09 3.576182229518890381e+02 1.550000000000000000e+02 1.510000000000000000e+02
2.200000000000000000e+01 1.000000000000000000e+00 4.000000000000000000e+00 0.000000000000000000e+00 8.670167835704218149e+08 8.508548172045294046e+08 1.010974893261248708e+09 1.010629538816349387e+09 3.667564790248870850e+02 2.340000000000000000e+02 2.300000000000000000e+02
2.200000000000000000e+01 1.000000000000000000e+00 4.000000000000000000e+00 0.000000000000000000e+00 8.670167835704218149e+08 8.508548172045294046e+08 1.010974892536968231e+09 1.010629538814959884e+09 5.218594810962677002e+02 2.340000000000000000e+02 2.300000000000000000e+02
2.300000000000000000e+01 1.000000000000000000e+00 4.000000000000000000e+00 0.000000000000000000e+00 8.274085687483694553e+08 8.117889228494577408e+08 1.010914576444783688e+09 1.011067952303109407e+09 2.858879549503326416e+02 2.340000000000000000e+02 2.300000000000000000e+02
2.300000000000000000e+01 1.000000000000000000e+00 4.000000000000000000e+00 0.000000000000000000e+00 8.274085687483694553e+08 8.117889228494577408e+08 1.010914585686860085e+09 1.011067952331185222e+09 5.339679379463195801e+02 2.330000000000000000e+02 2.290000000000000000e+02
2.400000000000000000e+01 1.000000000000000000e+00 4.000000000000000000e+00 0.000000000000000000e+00 8.270643367233660221e+08 8.080517385251932144e+08 1.018669589406078458e+09 1.018254068390614867e+09 1.747512290000915527e+03 1.152000000000000000e+03 1.148000000000000000e+03
2.400000000000000000e+01 1.000000000000000000e+00 4.000000000000000000e+00 0.000000000000000000e+00 8.270643367233660221e+08 8.080517385251932144e+08 1.019913671381778717e+09 1.020101282903298020e+09 1.378054488182067871e+03 5.950000000000000000e+02 5.910000000000000000e+02
2.500000000000000000e+01 1.000000000000000000e+00 4.000000000000000000e+00 0.000000000000000000e+00 8.254192393565590382e+08 8.045229914134379625e+08 1.002846552913701534e+09 1.001428025775736451e+09 4.135775671005249023e+02 2.160000000000000000e+02 2.120000000000000000e+02
2.500000000000000000e+01 1.000000000000000000e+00 4.000000000000000000e+00 0.000000000000000000e+00 8.254192393565590382e+08 8.045229914134379625e+08 1.002846552908181190e+09 1.001428025775733471e+09 5.222751860618591309e+02 2.160000000000000000e+02 2.120000000000000000e+02
2.600000000000000000e+01 1.000000000000000000e+00 4.000000000000000000e+00 0.000000000000000000e+00 8.341095516421741247e+08 8.177242536823391914e+08 1.001147279676422834e+09 1.000567540889648199e+09 4.320787379741668701e+02 2.380000000000000000e+02 2.330000000000000000e+02
2.600000000000000000e+01 1.000000000000000000e+00 4.000000000000000000e+00 0.000000000000000000e+00 8.341095516421741247e+08 8.177242536823391914e+08 1.001147279671457410e+09 1.000567540889637947e+09 6.048260371685028076e+02 2.540000000000000000e+02 2.490000000000000000e+02
2.700000000000000000e+01 1.000000000000000000e+00 4.000000000000000000e+00 0.000000000000000000e+00 8.448280091984957457e+08 8.220443456316519976e+08 1.012033459599091887e+09 1.012218014589590549e+09 5.266108219623565674e+02 3.110000000000000000e+02 3.070000000000000000e+02
2.700000000000000000e+01 1.000000000000000000e+00 4.000000000000000000e+00 0.000000000000000000e+00 8.448280091984957457e+08 8.220443456316519976e+08 1.012033517681065679e+09 1.012218014822809219e+09 7.087490820884704590e+02 3.060000000000000000e+02 3.020000000000000000e+02
# # run number, exp fac, ti calc, ti opt, aep init calc (kW), aep init opt (kW), aep run calc (kW), aep run opt (kW), run time (s), obj func calls, sens func calls
0.000000000000000000e+00 1.000000000000000000e+00 4.000000000000000000e+00 0.000000000000000000e+00 9.698615658924242258e+08 9.608335942011314631e+08 1.044272220860241890e+09 1.043579458264939666e+09 2.017394418716430664e+02 1.300000000000000000e+02 1.260000000000000000e+02
0.000000000000000000e+00 1.000000000000000000e+00 4.000000000000000000e+00 0.000000000000000000e+00 9.698615658924242258e+08 9.608335942011314631e+08 1.044272220860221386e+09 1.043579458264939785e+09 2.886635339260101318e+02 1.300000000000000000e+02 1.260000000000000000e+02
1.000000000000000000e+00 1.000000000000000000e+00 4.000000000000000000e+00 0.000000000000000000e+00 8.194714595797584057e+08 8.017850895129568577e+08 9.842237137897450924e+08 9.836142474464282990e+08 3.830527589321136475e+02 2.160000000000000000e+02 2.120000000000000000e+02
1.000000000000000000e+00 1.000000000000000000e+00 4.000000000000000000e+00 0.000000000000000000e+00 8.194714595797584057e+08 8.017850895129568577e+08 9.842237631940141916e+08 9.836142478737777472e+08 5.470288581848144531e+02 2.320000000000000000e+02 2.280000000000000000e+02
2.000000000000000000e+00 1.000000000000000000e+00 4.000000000000000000e+00 0.000000000000000000e+00 8.146508322264180183e+08 7.944748787986153364e+08 1.001350140827262282e+09 1.000593109000821590e+09 4.446420619487762451e+02 2.920000000000000000e+02 2.870000000000000000e+02
2.000000000000000000e+00 1.000000000000000000e+00 4.000000000000000000e+00 0.000000000000000000e+00 8.146508322264180183e+08 7.944748787986153364e+08 1.001350491549571276e+09 1.000593113654127717e+09 5.888490359783172607e+02 3.030000000000000000e+02 2.980000000000000000e+02
3.000000000000000000e+00 1.000000000000000000e+00 4.000000000000000000e+00 0.000000000000000000e+00 8.685256195739291906e+08 8.554130359384670258e+08 1.004420082660721779e+09 1.003803362948236585e+09 5.671784858703613281e+02 3.310000000000000000e+02 3.260000000000000000e+02
3.000000000000000000e+00 1.000000000000000000e+00 4.000000000000000000e+00 0.000000000000000000e+00 8.685256195739291906e+08 8.554130359384670258e+08 1.004420107735146523e+09 1.003803389430705905e+09 7.468252530097961426e+02 3.160000000000000000e+02 3.110000000000000000e+02
4.000000000000000000e+00 1.000000000000000000e+00 4.000000000000000000e+00 0.000000000000000000e+00 8.614953989516531229e+08 8.425276894750173092e+08 9.977532811086013317e+08 9.958038317984801531e+08 3.792892320156097412e+02 2.060000000000000000e+02 2.020000000000000000e+02
4.000000000000000000e+00 1.000000000000000000e+00 4.000000000000000000e+00 0.000000000000000000e+00 8.614953989516531229e+08 8.425276894750173092e+08 9.977532811084843874e+08 9.958038317984800339e+08 5.104448261260986328e+02 2.060000000000000000e+02 2.020000000000000000e+02
5.000000000000000000e+00 1.000000000000000000e+00 4.000000000000000000e+00 0.000000000000000000e+00 8.323195805467363596e+08 8.153156990793813467e+08 1.005546667250429988e+09 1.005020019822842836e+09 1.255069055080413818e+03 1.001000000000000000e+03 9.960000000000000000e+02
5.000000000000000000e+00 1.000000000000000000e+00 4.000000000000000000e+00 0.000000000000000000e+00 8.323195805467363596e+08 8.153156990793813467e+08 1.005546826794530749e+09 1.005020017605084181e+09 1.410637342929840088e+03 5.820000000000000000e+02 5.770000000000000000e+02
6.000000000000000000e+00 1.000000000000000000e+00 4.000000000000000000e+00 0.000000000000000000e+00 8.298717600765730143e+08 8.074307862883542776e+08 1.004346047296093702e+09 1.003024396228887558e+09 3.660020949840545654e+02 1.990000000000000000e+02 1.950000000000000000e+02
6.000000000000000000e+00 1.000000000000000000e+00 4.000000000000000000e+00 0.000000000000000000e+00 8.298717600765730143e+08 8.074307862883542776e+08 1.004346047295565128e+09 1.003024396228887439e+09 4.875707011222839355e+02 1.990000000000000000e+02 1.950000000000000000e+02
7.000000000000000000e+00 1.000000000000000000e+00 4.000000000000000000e+00 0.000000000000000000e+00 8.463316318084439039e+08 8.329355256793346405e+08 1.018458981191052675e+09 1.018974304411098480e+09 3.053698670864105225e+02 1.970000000000000000e+02 1.930000000000000000e+02
7.000000000000000000e+00 1.000000000000000000e+00 4.000000000000000000e+00 0.000000000000000000e+00 8.463316318084439039e+08 8.329355256793346405e+08 1.018458981191061735e+09 1.018974304411098361e+09 3.707600631713867188e+02 1.970000000000000000e+02 1.930000000000000000e+02
8.000000000000000000e+00 1.000000000000000000e+00 4.000000000000000000e+00 0.000000000000000000e+00 8.365283213574746847e+08 8.176724857575435638e+08 1.007556474861146688e+09 1.006983846237909079e+09 4.085191090106964111e+02 2.370000000000000000e+02 2.330000000000000000e+02
8.000000000000000000e+00 1.000000000000000000e+00 4.000000000000000000e+00 0.000000000000000000e+00 8.365283213574746847e+08 8.176724857575435638e+08 1.007556462962426662e+09 1.006983846250343204e+09 5.488363051414489746e+02 2.380000000000000000e+02 2.340000000000000000e+02
9.000000000000000000e+00 1.000000000000000000e+00 4.000000000000000000e+00 0.000000000000000000e+00 8.243563440019340515e+08 8.060215592025579214e+08 1.017385723512449384e+09 1.018259733520885587e+09 3.168348939418792725e+02 1.820000000000000000e+02 1.780000000000000000e+02
9.000000000000000000e+00 1.000000000000000000e+00 4.000000000000000000e+00 0.000000000000000000e+00 8.243563440019340515e+08 8.060215592025579214e+08 1.017385723511561871e+09 1.018259733520884395e+09 4.214243571758270264e+02 1.820000000000000000e+02 1.780000000000000000e+02
1.000000000000000000e+01 1.000000000000000000e+00 4.000000000000000000e+00 0.000000000000000000e+00 8.557321452490423918e+08 8.405500238519446850e+08 1.021864759457254529e+09 1.023104007955200911e+09 3.513649079799652100e+02 2.140000000000000000e+02 2.100000000000000000e+02
1.000000000000000000e+01 1.000000000000000000e+00 4.000000000000000000e+00 0.000000000000000000e+00 8.557321452490423918e+08 8.405500238519446850e+08 1.021864759464424968e+09 1.023104007955177307e+09 4.909432930946350098e+02 2.140000000000000000e+02 2.100000000000000000e+02
1.100000000000000000e+01 1.000000000000000000e+00 4.000000000000000000e+00 0.000000000000000000e+00 8.218779721089138985e+08 8.011624016702821255e+08 1.002524676555034161e+09 1.001490565769374728e+09 5.765847189426422119e+02 3.220000000000000000e+02 3.180000000000000000e+02
1.100000000000000000e+01 1.000000000000000000e+00 4.000000000000000000e+00 0.000000000000000000e+00 8.218779721089138985e+08 8.011624016702821255e+08 1.002524614267738700e+09 1.001490565753168583e+09 7.412852649688720703e+02 3.040000000000000000e+02 3.000000000000000000e+02
1.200000000000000000e+01 1.000000000000000000e+00 4.000000000000000000e+00 0.000000000000000000e+00 8.560055923708398342e+08 8.368821437116190195e+08 1.005238062860031486e+09 1.004353238032453775e+09 8.580140578746795654e+02 5.130000000000000000e+02 5.090000000000000000e+02
1.200000000000000000e+01 1.000000000000000000e+00 4.000000000000000000e+00 0.000000000000000000e+00 8.560055923708398342e+08 8.368821437116190195e+08 1.005238064644932985e+09 1.004353237979207158e+09 2.082440603017807007e+03 4.780000000000000000e+02 4.740000000000000000e+02
1.300000000000000000e+01 1.000000000000000000e+00 4.000000000000000000e+00 0.000000000000000000e+00 7.985456457433402538e+08 7.813937985588002205e+08 1.011794416710154057e+09 1.011812828819784284e+09 5.756346380710601807e+02 3.050000000000000000e+02 3.010000000000000000e+02
1.300000000000000000e+01 1.000000000000000000e+00 4.000000000000000000e+00 0.000000000000000000e+00 7.985456457433402538e+08 7.813937985588002205e+08 1.011794360513408184e+09 1.011812828348911047e+09 7.653313930034637451e+02 3.070000000000000000e+02 3.030000000000000000e+02
1.400000000000000000e+01 1.000000000000000000e+00 4.000000000000000000e+00 0.000000000000000000e+00 8.173470097511314154e+08 7.976546415601245165e+08 1.009534441965020776e+09 1.008147241623155117e+09 2.448972410917282104e+03 1.451000000000000000e+03 1.447000000000000000e+03
1.400000000000000000e+01 1.000000000000000000e+00 4.000000000000000000e+00 0.000000000000000000e+00 8.173470097511314154e+08 7.976546415601245165e+08 1.015233468274315357e+09 1.013159424583757043e+09 2.086483627796173096e+03 8.480000000000000000e+02 8.440000000000000000e+02
1.500000000000000000e+01 1.000000000000000000e+00 4.000000000000000000e+00 0.000000000000000000e+00 8.186882617099429369e+08 8.021601538304677010e+08 1.006377816097278118e+09 1.004173080769673467e+09 4.632477920055389404e+02 2.240000000000000000e+02 2.190000000000000000e+02
1.500000000000000000e+01 1.000000000000000000e+00 4.000000000000000000e+00 0.000000000000000000e+00 8.186882617099429369e+08 8.021601538304677010e+08 1.006377816065337896e+09 1.004173080741070390e+09 5.199152281284332275e+02 2.360000000000000000e+02 2.310000000000000000e+02
1.600000000000000000e+01 1.000000000000000000e+00 4.000000000000000000e+00 0.000000000000000000e+00 8.609993543305261135e+08 8.458847156217027903e+08 1.011780553216185689e+09 1.011640779920398951e+09 3.605793190002441406e+02 1.500000000000000000e+02 1.460000000000000000e+02
1.600000000000000000e+01 1.000000000000000000e+00 4.000000000000000000e+00 0.000000000000000000e+00 8.609993543305261135e+08 8.458847156217027903e+08 1.011780553217317700e+09 1.011640779920393586e+09 3.199589149951934814e+02 1.500000000000000000e+02 1.460000000000000000e+02
1.700000000000000000e+01 1.000000000000000000e+00 4.000000000000000000e+00 0.000000000000000000e+00 8.320884566734415293e+08 8.155506723434416056e+08 9.887733728233169317e+08 9.876642135282974243e+08 7.315579569339752197e+02 2.910000000000000000e+02 2.860000000000000000e+02
1.700000000000000000e+01 1.000000000000000000e+00 4.000000000000000000e+00 0.000000000000000000e+00 8.320884566734415293e+08 8.155506723434416056e+08 9.887733728223823309e+08 9.876642135272794962e+08 6.261293511390686035e+02 2.700000000000000000e+02 2.650000000000000000e+02
1.800000000000000000e+01 1.000000000000000000e+00 4.000000000000000000e+00 0.000000000000000000e+00 8.081747523021608591e+08 7.879396041077604294e+08 9.851226091457912922e+08 9.832480747865154743e+08 3.485050020217895508e+02 2.290000000000000000e+02 2.250000000000000000e+02
1.800000000000000000e+01 1.000000000000000000e+00 4.000000000000000000e+00 0.000000000000000000e+00 8.081747523021608591e+08 7.879396041077604294e+08 9.851226092505704165e+08 9.832480747866263390e+08 5.430410399436950684e+02 2.290000000000000000e+02 2.250000000000000000e+02
1.900000000000000000e+01 1.000000000000000000e+00 4.000000000000000000e+00 0.000000000000000000e+00 8.787295427163072824e+08 8.638260753543312550e+08 1.000554549360930443e+09 9.987299883918284178e+08 5.467628760337829590e+02 4.040000000000000000e+02 4.000000000000000000e+02
1.900000000000000000e+01 1.000000000000000000e+00 4.000000000000000000e+00 0.000000000000000000e+00 8.787295427163072824e+08 8.638260753543312550e+08 1.000554732726975918e+09 9.987299887854123116e+08 8.410526931285858154e+02 4.020000000000000000e+02 3.980000000000000000e+02
2.000000000000000000e+01 1.000000000000000000e+00 4.000000000000000000e+00 0.000000000000000000e+00 8.486920821973627806e+08 8.294985580547249317e+08 9.970867397761844397e+08 9.958336335795364380e+08 8.721144070625305176e+02 4.880000000000000000e+02 4.840000000000000000e+02
2.000000000000000000e+01 1.000000000000000000e+00 4.000000000000000000e+00 0.000000000000000000e+00 8.486920821973627806e+08 8.294985580547249317e+08 9.970866382595276833e+08 9.958336333861366510e+08 1.084013065099716187e+03 4.630000000000000000e+02 4.590000000000000000e+02
2.100000000000000000e+01 1.000000000000000000e+00 4.000000000000000000e+00 0.000000000000000000e+00 8.425646208444045782e+08 8.200539199242169857e+08 1.022512626518403530e+09 1.021763147990167499e+09 2.477870121002197266e+02 1.550000000000000000e+02 1.510000000000000000e+02
2.100000000000000000e+01 1.000000000000000000e+00 4.000000000000000000e+00 0.000000000000000000e+00 8.425646208444045782e+08 8.200539199242169857e+08 1.022512626518384457e+09 1.021763147990167379e+09 3.576182229518890381e+02 1.550000000000000000e+02 1.510000000000000000e+02
2.200000000000000000e+01 1.000000000000000000e+00 4.000000000000000000e+00 0.000000000000000000e+00 8.670167835704218149e+08 8.508548172045294046e+08 1.010974893261248708e+09 1.010629538816349387e+09 3.667564790248870850e+02 2.340000000000000000e+02 2.300000000000000000e+02
2.200000000000000000e+01 1.000000000000000000e+00 4.000000000000000000e+00 0.000000000000000000e+00 8.670167835704218149e+08 8.508548172045294046e+08 1.010974892536968231e+09 1.010629538814959884e+09 5.218594810962677002e+02 2.340000000000000000e+02 2.300000000000000000e+02
2.300000000000000000e+01 1.000000000000000000e+00 4.000000000000000000e+00 0.000000000000000000e+00 8.274085687483694553e+08 8.117889228494577408e+08 1.010914576444783688e+09 1.011067952303109407e+09 2.858879549503326416e+02 2.340000000000000000e+02 2.300000000000000000e+02
2.300000000000000000e+01 1.000000000000000000e+00 4.000000000000000000e+00 0.000000000000000000e+00 8.274085687483694553e+08 8.117889228494577408e+08 1.010914585686860085e+09 1.011067952331185222e+09 5.339679379463195801e+02 2.330000000000000000e+02 2.290000000000000000e+02
2.400000000000000000e+01 1.000000000000000000e+00 4.000000000000000000e+00 0.000000000000000000e+00 8.270643367233660221e+08 8.080517385251932144e+08 1.018669589406078458e+09 1.018254068390614867e+09 1.747512290000915527e+03 1.152000000000000000e+03 1.148000000000000000e+03
2.400000000000000000e+01 1.000000000000000000e+00 4.000000000000000000e+00 0.000000000000000000e+00 8.270643367233660221e+08 8.080517385251932144e+08 1.019913671381778717e+09 1.020101282903298020e+09 1.378054488182067871e+03 5.950000000000000000e+02 5.910000000000000000e+02
2.500000000000000000e+01 1.000000000000000000e+00 4.000000000000000000e+00 0.000000000000000000e+00 8.254192393565590382e+08 8.045229914134379625e+08 1.002846552913701534e+09 1.001428025775736451e+09 4.135775671005249023e+02 2.160000000000000000e+02 2.120000000000000000e+02
2.500000000000000000e+01 1.000000000000000000e+00 4.000000000000000000e+00 0.000000000000000000e+00 8.254192393565590382e+08 8.045229914134379625e+08 1.002846552908181190e+09 1.001428025775733471e+09 5.222751860618591309e+02 2.160000000000000000e+02 2.120000000000000000e+02
2.600000000000000000e+01 1.000000000000000000e+00 4.000000000000000000e+00 0.000000000000000000e+00 8.341095516421741247e+08 8.177242536823391914e+08 1.001147279676422834e+09 1.000567540889648199e+09 4.320787379741668701e+02 2.380000000000000000e+02 2.330000000000000000e+02
2.600000000000000000e+01 1.000000000000000000e+00 4.000000000000000000e+00 0.000000000000000000e+00 8.341095516421741247e+08 8.177242536823391914e+08 1.001147279671457410e+09 1.000567540889637947e+09 6.048260371685028076e+02 2.540000000000000000e+02 2.490000000000000000e+02
2.700000000000000000e+01 1.000000000000000000e+00 4.000000000000000000e+00 0.000000000000000000e+00 8.448280091984957457e+08 8.220443456316519976e+08 1.012033459599091887e+09 1.012218014589590549e+09 5.266108219623565674e+02 3.110000000000000000e+02 3.070000000000000000e+02
2.700000000000000000e+01 1.000000000000000000e+00 4.000000000000000000e+00 0.000000000000000000e+00 8.448280091984957457e+08 8.220443456316519976e+08 1.012033517681065679e+09 1.012218014822809219e+09 7.087490820884704590e+02 3.060000000000000000e+02 3.020000000000000000e+02
# # run number, exp fac, ti calc, ti opt, aep init calc (kW), aep init opt (kW), aep run calc (kW), aep run opt (kW), run time (s), obj func calls, sens func calls
0.000000000000000000e+00 1.000000000000000000e+00 4.000000000000000000e+00 0.000000000000000000e+00 9.698615658924242258e+08 9.608335942011314631e+08 1.044272220860241890e+09 1.043579458264939666e+09 2.017394418716430664e+02 1.300000000000000000e+02 1.260000000000000000e+02
1.000000000000000000e+00 1.000000000000000000e+00 4.000000000000000000e+00 0.000000000000000000e+00 8.194714595797584057e+08 8.017850895129568577e+08 9.842237137897450924e+08 9.836142474464282990e+08 3.830527589321136475e+02 2.160000000000000000e+02 2.120000000000000000e+02
2.000000000000000000e+00 1.000000000000000000e+00 4.000000000000000000e+00 0.000000000000000000e+00 8.146508322264180183e+08 7.944748787986153364e+08 1.001350140827262282e+09 1.000593109000821590e+09 4.446420619487762451e+02 2.920000000000000000e+02 2.870000000000000000e+02
3.000000000000000000e+00 1.000000000000000000e+00 4.000000000000000000e+00 0.000000000000000000e+00 8.685256195739291906e+08 8.554130359384670258e+08 1.004420082660721779e+09 1.003803362948236585e+09 5.671784858703613281e+02 3.310000000000000000e+02 3.260000000000000000e+02
4.000000000000000000e+00 1.000000000000000000e+00 4.000000000000000000e+00 0.000000000000000000e+00 8.614953989516531229e+08 8.425276894750173092e+08 9.977532811086013317e+08 9.958038317984801531e+08 3.792892320156097412e+02 2.060000000000000000e+02 2.020000000000000000e+02
5.000000000000000000e+00 1.000000000000000000e+00 4.000000000000000000e+00 0.000000000000000000e+00 8.323195805467363596e+08 8.153156990793813467e+08 1.005546667250429988e+09 1.005020019822842836e+09 1.255069055080413818e+03 1.001000000000000000e+03 9.960000000000000000e+02
6.000000000000000000e+00 1.000000000000000000e+00 4.000000000000000000e+00 0.000000000000000000e+00 8.298717600765730143e+08 8.074307862883542776e+08 1.004346047296093702e+09 1.003024396228887558e+09 3.660020949840545654e+02 1.990000000000000000e+02 1.950000000000000000e+02
7.000000000000000000e+00 1.000000000000000000e+00 4.000000000000000000e+00 0.000000000000000000e+00 8.463316318084439039e+08 8.329355256793346405e+08 1.018458981191052675e+09 1.018974304411098480e+09 3.053698670864105225e+02 1.970000000000000000e+02 1.930000000000000000e+02
8.000000000000000000e+00 1.000000000000000000e+00 4.000000000000000000e+00 0.000000000000000000e+00 8.365283213574746847e+08 8.176724857575435638e+08 1.007556474861146688e+09 1.006983846237909079e+09 4.085191090106964111e+02 2.370000000000000000e+02 2.330000000000000000e+02
9.000000000000000000e+00 1.000000000000000000e+00 4.000000000000000000e+00 0.000000000000000000e+00 8.243563440019340515e+08 8.060215592025579214e+08 1.017385723512449384e+09 1.018259733520885587e+09 3.168348939418792725e+02 1.820000000000000000e+02 1.780000000000000000e+02
1.000000000000000000e+01 1.000000000000000000e+00 4.000000000000000000e+00 0.000000000000000000e+00 8.557321452490423918e+08 8.405500238519446850e+08 1.021864759457254529e+09 1.023104007955200911e+09 3.513649079799652100e+02 2.140000000000000000e+02 2.100000000000000000e+02
1.100000000000000000e+01 1.000000000000000000e+00 4.000000000000000000e+00 0.000000000000000000e+00 8.218779721089138985e+08 8.011624016702821255e+08 1.002524676555034161e+09 1.001490565769374728e+09 5.765847189426422119e+02 3.220000000000000000e+02 3.180000000000000000e+02
1.200000000000000000e+01 1.000000000000000000e+00 4.000000000000000000e+00 0.000000000000000000e+00 8.560055923708398342e+08 8.368821437116190195e+08 1.005238062860031486e+09 1.004353238032453775e+09 8.580140578746795654e+02 5.130000000000000000e+02 5.090000000000000000e+02
1.300000000000000000e+01 1.000000000000000000e+00 4.000000000000000000e+00 0.000000000000000000e+00 7.985456457433402538e+08 7.813937985588002205e+08 1.011794416710154057e+09 1.011812828819784284e+09 5.756346380710601807e+02 3.050000000000000000e+02 3.010000000000000000e+02
1.400000000000000000e+01 1.000000000000000000e+00 4.000000000000000000e+00 0.000000000000000000e+00 8.173470097511314154e+08 7.976546415601245165e+08 1.009534441965020776e+09 1.008147241623155117e+09 2.448972410917282104e+03 1.451000000000000000e+03 1.447000000000000000e+03
1.500000000000000000e+01 1.000000000000000000e+00 4.000000000000000000e+00 0.000000000000000000e+00 8.186882617099429369e+08 8.021601538304677010e+08 1.006377816097278118e+09 1.004173080769673467e+09 4.632477920055389404e+02 2.240000000000000000e+02 2.190000000000000000e+02
1.600000000000000000e+01 1.000000000000000000e+00 4.000000000000000000e+00 0.000000000000000000e+00 8.609993543305261135e+08 8.458847156217027903e+08 1.011780553216185689e+09 1.011640779920398951e+09 3.605793190002441406e+02 1.500000000000000000e+02 1.460000000000000000e+02
1.700000000000000000e+01 1.000000000000000000e+00 4.000000000000000000e+00 0.000000000000000000e+00 8.320884566734415293e+08 8.155506723434416056e+08 9.887733728233169317e+08 9.876642135282974243e+08 7.315579569339752197e+02 2.910000000000000000e+02 2.860000000000000000e+02
1.800000000000000000e+01 1.000000000000000000e+00 4.000000000000000000e+00 0.000000000000000000e+00 8.081747523021608591e+08 7.879396041077604294e+08 9.851226091457912922e+08 9.832480747865154743e+08 3.485050020217895508e+02 2.290000000000000000e+02 2.250000000000000000e+02
1.900000000000000000e+01 1.000000000000000000e+00 4.000000000000000000e+00 0.000000000000000000e+00 8.787295427163072824e+08 8.638260753543312550e+08 1.000554549360930443e+09 9.987299883918284178e+08 5.467628760337829590e+02 4.040000000000000000e+02 4.000000000000000000e+02
2.000000000000000000e+01 1.000000000000000000e+00 4.000000000000000000e+00 0.000000000000000000e+00 8.486920821973627806e+08 8.294985580547249317e+08 9.970867397761844397e+08 9.958336335795364380e+08 8.721144070625305176e+02 4.880000000000000000e+02 4.840000000000000000e+02
2.100000000000000000e+01 1.000000000000000000e+00 4.000000000000000000e+00 0.000000000000000000e+00 8.425646208444045782e+08 8.200539199242169857e+08 1.022512626518403530e+09 1.021763147990167499e+09 2.477870121002197266e+02 1.550000000000000000e+02 1.510000000000000000e+02
2.200000000000000000e+01 1.000000000000000000e+00 4.000000000000000000e+00 0.000000000000000000e+00 8.670167835704218149e+08 8.508548172045294046e+08 1.010974893261248708e+09 1.010629538816349387e+09 3.667564790248870850e+02 2.340000000000000000e+02 2.300000000000000000e+02
2.300000000000000000e+01 1.000000000000000000e+00 4.000000000000000000e+00 0.000000000000000000e+00 8.274085687483694553e+08 8.117889228494577408e+08 1.010914576444783688e+09 1.011067952303109407e+09 2.858879549503326416e+02 2.340000000000000000e+02 2.300000000000000000e+02
2.400000000000000000e+01 1.000000000000000000e+00 4.000000000000000000e+00 0.000000000000000000e+00 8.270643367233660221e+08 8.080517385251932144e+08 1.018669589406078458e+09 1.018254068390614867e+09 1.747512290000915527e+03 1.152000000000000000e+03 1.148000000000000000e+03
2.500000000000000000e+01 1.000000000000000000e+00 4.000000000000000000e+00 0.000000000000000000e+00 8.254192393565590382e+08 8.045229914134379625e+08 1.002846552913701534e+09 1.001428025775736451e+09 4.135775671005249023e+02 2.160000000000000000e+02 2.120000000000000000e+02
2.600000000000000000e+01 1.000000000000000000e+00 4.000000000000000000e+00 0.000000000000000000e+00 8.341095516421741247e+08 8.177242536823391914e+08 1.001147279676422834e+09 1.000567540889648199e+09 4.320787379741668701e+02 2.380000000000000000e+02 2.330000000000000000e+02
2.700000000000000000e+01 1.000000000000000000e+00 4.000000000000000000e+00 0.000000000000000000e+00 8.448280091984957457e+08 8.220443456316519976e+08 1.012033459599091887e+09 1.012218014589590549e+09 5.266108219623565674e+02 3.110000000000000000e+02 3.070000000000000000e+02
2.800000000000000000e+01 1.000000000000000000e+00 4.000000000000000000e+00 0.000000000000000000e+00 8.588971794474827051e+08 8.394917752868206501e+08 9.932044165035166740e+08 9.913371960623320341e+08 5.286260668087005615e+04 2.158000000000000000e+04 2.157600000000000000e+04
2.900000000000000000e+01 1.000000000000000000e+00 4.000000000000000000e+00 0.000000000000000000e+00 8.684423135368735790e+08 8.477081694869778156e+08 1.000145856820787668e+09 9.998547922219704390e+08 1.927495958805084229e+02 1.520000000000000000e+02 1.480000000000000000e+02
3.000000000000000000e+01 1.000000000000000000e+00 4.000000000000000000e+00 0.000000000000000000e+00 8.538095658862922192e+08 8.354588558924130201e+08 1.006768770187241912e+09 1.006144933220559120e+09 3.527042369842529297e+02 2.020000000000000000e+02 1.980000000000000000e+02
3.100000000000000000e+01 1.000000000000000000e+00 4.000000000000000000e+00 0.000000000000000000e+00 8.234845958994250298e+08 8.055443185341757536e+08 1.010932147218507290e+09 1.008902043475780010e+09 6.383582661151885986e+02 3.700000000000000000e+02 3.660000000000000000e+02
3.200000000000000000e+01 1.000000000000000000e+00 4.000000000000000000e+00 0.000000000000000000e+00 8.386373479890394211e+08 8.165030863122874498e+08 9.967624830610324144e+08 9.951805434339085817e+08 3.533653969764709473e+02 1.870000000000000000e+02 1.830000000000000000e+02
3.300000000000000000e+01 1.000000000000000000e+00 4.000000000000000000e+00 0.000000000000000000e+00 8.284953925953204632e+08 8.111921734972943068e+08 9.951087709632329941e+08 9.947355185676651001e+08 1.494617599964141846e+03 9.810000000000000000e+02 9.760000000000000000e+02
3.400000000000000000e+01 1.000000000000000000e+00 4.000000000000000000e+00 0.000000000000000000e+00 8.286634636958100796e+08 8.094298731471581459e+08 1.001583031965242147e+09 1.002238708449571729e+09 7.807615530490875244e+02 4.650000000000000000e+02 4.600000000000000000e+02
3.500000000000000000e+01 1.000000000000000000e+00 4.000000000000000000e+00 0.000000000000000000e+00 8.111948028508449793e+08 7.896916040769451857e+08 1.013307376621020913e+09 1.012747337238492727e+09 1.164619373178482056e+04 5.483000000000000000e+03 5.479000000000000000e+03
3.600000000000000000e+01 1.000000000000000000e+00 4.000000000000000000e+00 0.000000000000000000e+00 8.516402273869673014e+08 8.319469261655465364e+08 1.013789634071030259e+09 1.014862781002751946e+09 5.682567028999328613e+02 3.530000000000000000e+02 3.490000000000000000e+02
3.700000000000000000e+01 1.000000000000000000e+00 4.000000000000000000e+00 0.000000000000000000e+00 8.878748705692952871e+08 8.741564460484975576e+08 1.003335379121093392e+09 1.002305424708209395e+09 4.679460420608520508e+02 2.950000000000000000e+02 2.900000000000000000e+02
3.800000000000000000e+01 1.000000000000000000e+00 4.000000000000000000e+00 0.000000000000000000e+00 8.272891297160171270e+08 8.065178644081786871e+08 9.966607936050870419e+08 9.950660875838998556e+08 4.792191741466522217e+02 1.890000000000000000e+02 1.850000000000000000e+02
3.900000000000000000e+01 1.000000000000000000e+00 4.000000000000000000e+00 0.000000000000000000e+00 8.466245123714698553e+08 8.217624113423841000e+08 1.015611906514158845e+09 1.015273656672953129e+09 2.118976450896263123e+04 9.871000000000000000e+03 9.867000000000000000e+03
4.000000000000000000e+01 1.000000000000000000e+00 4.000000000000000000e+00 0.000000000000000000e+00 8.514681869738949537e+08 8.318775716933598518e+08 1.002096117318780780e+09 1.001592419077714086e+09 4.226741378307342529e+02 1.780000000000000000e+02 1.740000000000000000e+02
4.100000000000000000e+01 1.000000000000000000e+00 4.000000000000000000e+00 0.000000000000000000e+00 8.549386779972639084e+08 8.381358987069817781e+08 1.022301478794526339e+09 1.022438151998715878e+09 4.719254748821258545e+02 2.030000000000000000e+02 1.990000000000000000e+02
4.200000000000000000e+01 1.000000000000000000e+00 4.000000000000000000e+00 0.000000000000000000e+00 8.664828336407316923e+08 8.508617747999444008e+08 1.006274831038566113e+09 1.005682331118818402e+09 4.741523060798645020e+02 1.960000000000000000e+02 1.920000000000000000e+02
4.300000000000000000e+01 1.000000000000000000e+00 4.000000000000000000e+00 0.000000000000000000e+00 8.224867830647665262e+08 8.043810069601180553e+08 1.015887531347954392e+09 1.015819461632585049e+09 5.995787611007690430e+02 2.490000000000000000e+02 2.450000000000000000e+02
4.400000000000000000e+01 1.000000000000000000e+00 4.000000000000000000e+00 0.000000000000000000e+00 8.556705247222728729e+08 8.387190406793700457e+08 9.967273024550714493e+08 9.955440137133204937e+08 2.117250590324401855e+02 1.700000000000000000e+02 1.660000000000000000e+02
4.500000000000000000e+01 1.000000000000000000e+00 4.000000000000000000e+00 0.000000000000000000e+00 8.556516941213936806e+08 8.372363947755477428e+08 1.017748292357183814e+09 1.017912112366674423e+09 2.291815369129180908e+02 1.800000000000000000e+02 1.760000000000000000e+02
4.600000000000000000e+01 1.000000000000000000e+00 4.000000000000000000e+00 0.000000000000000000e+00 8.425574994422279596e+08 8.265860047816667557e+08 9.991503378377195597e+08 9.984176239034974575e+08 5.665556919574737549e+02 4.390000000000000000e+02 4.340000000000000000e+02
4.700000000000000000e+01 1.000000000000000000e+00 4.000000000000000000e+00 0.000000000000000000e+00 8.351068304747542143e+08 8.142721052894041538e+08 1.003066291049184799e+09 1.002706092803179145e+09 4.295524029731750488e+02 3.030000000000000000e+02 2.990000000000000000e+02
4.800000000000000000e+01 1.000000000000000000e+00 4.000000000000000000e+00 0.000000000000000000e+00 8.371803249190294743e+08 8.128174487643522024e+08 1.012786682114589095e+09 1.011979442589450240e+09 4.693940460681915283e+02 3.430000000000000000e+02 3.380000000000000000e+02
4.900000000000000000e+01 1.000000000000000000e+00 4.000000000000000000e+00 0.000000000000000000e+00 8.504133235109106302e+08 8.270028289139083624e+08 9.888846431400887966e+08 9.859409132722890377e+08 5.170620150566101074e+02 2.890000000000000000e+02 2.850000000000000000e+02
5.000000000000000000e+01 1.000000000000000000e+00 4.000000000000000000e+00 0.000000000000000000e+00 8.354004035377444029e+08 8.136996979382722378e+08 1.011247351893280387e+09 1.009714985462528467e+09 5.286341149806976318e+02 3.050000000000000000e+02 3.010000000000000000e+02
5.100000000000000000e+01 1.000000000000000000e+00 4.000000000000000000e+00 0.000000000000000000e+00 8.532730846862850189e+08 8.323217690669807196e+08 1.008713972921161175e+09 1.007058065942732334e+09 3.000260088443756104e+02 2.440000000000000000e+02 2.400000000000000000e+02
5.200000000000000000e+01 1.000000000000000000e+00 4.000000000000000000e+00 0.000000000000000000e+00 8.443480801298950911e+08 8.271638014315570593e+08 9.944335500748600960e+08 9.938557814355368614e+08 2.864842839241027832e+02 1.650000000000000000e+02 1.610000000000000000e+02
5.300000000000000000e+01 1.000000000000000000e+00 4.000000000000000000e+00 0.000000000000000000e+00 8.274728274846398830e+08 8.121421805547966957e+08 1.005125663185945034e+09 1.005305849975910068e+09 5.129858739376068115e+02 4.010000000000000000e+02 3.960000000000000000e+02
5.400000000000000000e+01 1.000000000000000000e+00 4.000000000000000000e+00 0.000000000000000000e+00 8.421817444442266226e+08 8.220509354325829744e+08 1.029707100273600340e+09 1.029028859353190660e+09 4.952946670055389404e+02 4.050000000000000000e+02 4.010000000000000000e+02
5.500000000000000000e+01 1.000000000000000000e+00 4.000000000000000000e+00 0.000000000000000000e+00 8.604110876268893480e+08 8.449332309926182032e+08 1.001030170397773027e+09 9.996270164258024693e+08 2.948921041488647461e+02 2.350000000000000000e+02 2.310000000000000000e+02
5.600000000000000000e+01 1.000000000000000000e+00 4.000000000000000000e+00 0.000000000000000000e+00 8.479021430069785118e+08 8.286771047281975746e+08 1.001291945962992311e+09 9.994992682358551025e+08 4.901664559841156006e+02 3.820000000000000000e+02 3.770000000000000000e+02
5.700000000000000000e+01 1.000000000000000000e+00 4.000000000000000000e+00 0.000000000000000000e+00 8.695442937174164057e+08 8.526981732278491259e+08 1.023060979493097782e+09 1.023522372833006740e+09 8.171212170124053955e+02 4.570000000000000000e+02 4.530000000000000000e+02
5.800000000000000000e+01 1.000000000000000000e+00 4.000000000000000000e+00 0.000000000000000000e+00 8.482931324209785461e+08 8.286723156361756325e+08 1.003459524974412560e+09 1.003286271425667167e+09 4.162431910037994385e+02 2.530000000000000000e+02 2.480000000000000000e+02
5.900000000000000000e+01 1.000000000000000000e+00 4.000000000000000000e+00 0.000000000000000000e+00 8.354176210794137716e+08 8.147257239797725677e+08 1.009322599966770649e+09 1.008957711044806600e+09 7.235569272041320801e+02 5.570000000000000000e+02 5.530000000000000000e+02
6.000000000000000000e+01 1.000000000000000000e+00 4.000000000000000000e+00 0.000000000000000000e+00 8.463994723831051588e+08 8.295715139753148556e+08 9.918890610959786177e+08 9.909703452475620508e+08 6.232717978954315186e+02 3.620000000000000000e+02 3.570000000000000000e+02
6.100000000000000000e+01 1.000000000000000000e+00 4.000000000000000000e+00 0.000000000000000000e+00 8.733558113068070412e+08 8.583564935596494675e+08 1.006937114001465440e+09 1.005987853082736969e+09 6.727246310710906982e+02 3.990000000000000000e+02 3.940000000000000000e+02
6.200000000000000000e+01 1.000000000000000000e+00 4.000000000000000000e+00 0.000000000000000000e+00 8.767687650739015341e+08 8.621052928511340618e+08 1.018790241393745661e+09 1.019687447689456582e+09 6.374655351638793945e+02 4.140000000000000000e+02 4.100000000000000000e+02
6.300000000000000000e+01 1.000000000000000000e+00 4.000000000000000000e+00 0.000000000000000000e+00 8.410134353692523241e+08 8.189830981919234991e+08 9.953922092934273481e+08 9.935849058588322401e+08 8.228646650314331055e+02 4.690000000000000000e+02 4.640000000000000000e+02
6.400000000000000000e+01 1.000000000000000000e+00 4.000000000000000000e+00 0.000000000000000000e+00 8.021904889360206127e+08 7.773217098178424835e+08 9.959695238583214283e+08 9.954866792208313942e+08 5.313788609504699707e+02 2.910000000000000000e+02 2.870000000000000000e+02
6.500000000000000000e+01 1.000000000000000000e+00 4.000000000000000000e+00 0.000000000000000000e+00 8.228700611573141813e+08 8.033407360228627920e+08 9.844767087129377127e+08 9.818789019163036346e+08 3.696236670017242432e+02 2.080000000000000000e+02 2.030000000000000000e+02
6.600000000000000000e+01 1.000000000000000000e+00 4.000000000000000000e+00 0.000000000000000000e+00 8.779487061911865473e+08 8.626433027392171621e+08 1.011887074462373257e+09 1.012178428250447035e+09 3.016802570819854736e+02 1.740000000000000000e+02 1.700000000000000000e+02
6.700000000000000000e+01 1.000000000000000000e+00 4.000000000000000000e+00 0.000000000000000000e+00 8.549296996640331745e+08 8.375042961447033882e+08 1.021541468207486749e+09 1.020644245770820141e+09 1.819403798580169678e+02 1.540000000000000000e+02 1.500000000000000000e+02
6.800000000000000000e+01 1.000000000000000000e+00 4.000000000000000000e+00 0.000000000000000000e+00 8.504144907276262045e+08 8.345614548098405600e+08 1.003716801829288840e+09 1.002789707845879674e+09 1.045515532016754150e+03 8.450000000000000000e+02 8.400000000000000000e+02
6.900000000000000000e+01 1.000000000000000000e+00 4.000000000000000000e+00 0.000000000000000000e+00 8.319618934039030075e+08 8.139345493758894205e+08 1.013481493220326543e+09 1.014223548630841851e+09 3.681323850154876709e+02 1.850000000000000000e+02 1.810000000000000000e+02
7.000000000000000000e+01 1.000000000000000000e+00 4.000000000000000000e+00 0.000000000000000000e+00 8.296933862871264219e+08 8.111845651737972498e+08 1.011969411663604379e+09 1.011401838340278387e+09 4.509243149757385254e+02 2.190000000000000000e+02 2.150000000000000000e+02
7.100000000000000000e+01 1.000000000000000000e+00 4.000000000000000000e+00 0.000000000000000000e+00 8.072958911371517181e+08 7.864399489502614737e+08 1.007538585384064436e+09 1.006765148384502769e+09 5.321398019790649414e+02 2.890000000000000000e+02 2.850000000000000000e+02
7.200000000000000000e+01 1.000000000000000000e+00 4.000000000000000000e+00 0.000000000000000000e+00 8.567101505945761204e+08 8.348960894108906984e+08 1.008018708446523070e+09 1.007175668189602137e+09 5.036594460010528564e+02 2.880000000000000000e+02 2.830000000000000000e+02
7.300000000000000000e+01 1.000000000000000000e+00 4.000000000000000000e+00 0.000000000000000000e+00 8.469303012580233812e+08 8.295986760233114958e+08 1.010875435140796304e+09 1.011466510481809378e+09 4.710211188793182373e+02 2.830000000000000000e+02 2.790000000000000000e+02
7.400000000000000000e+01 1.000000000000000000e+00 4.000000000000000000e+00 0.000000000000000000e+00 8.705082738554171324e+08 8.547177398055168390e+08 9.996797458422839642e+08 9.995749745076159239e+08 8.198905570507049561e+02 3.510000000000000000e+02 3.460000000000000000e+02
7.500000000000000000e+01 1.000000000000000000e+00 4.000000000000000000e+00 0.000000000000000000e+00 8.631938610894165039e+08 8.450972150010582209e+08 9.974806031607447863e+08 9.979550535740501881e+08 7.841727449893951416e+02 3.190000000000000000e+02 3.140000000000000000e+02
7.600000000000000000e+01 1.000000000000000000e+00 4.000000000000000000e+00 0.000000000000000000e+00 8.381428882040333748e+08 8.235373710519851446e+08 1.004240726537791014e+09 1.002970676848159194e+09 6.616802079677581787e+02 2.570000000000000000e+02 2.530000000000000000e+02
7.700000000000000000e+01 1.000000000000000000e+00 4.000000000000000000e+00 0.000000000000000000e+00 8.608066137368091345e+08 8.430671915461617708e+08 1.016329309580306768e+09 1.016341911603274226e+09 5.345198140144348145e+02 2.230000000000000000e+02 2.190000000000000000e+02
7.800000000000000000e+01 1.000000000000000000e+00 4.000000000000000000e+00 0.000000000000000000e+00 8.556912198022953272e+08 8.375982260770533085e+08 1.007259998683547616e+09 1.006379527937100530e+09 6.629308640956878662e+02 2.750000000000000000e+02 2.710000000000000000e+02
7.900000000000000000e+01 1.000000000000000000e+00 4.000000000000000000e+00 0.000000000000000000e+00 8.444206187175035477e+08 8.215954747838591337e+08 9.962999442501033545e+08 9.947111091084241867e+08 1.539126165151596069e+03 6.490000000000000000e+02 6.440000000000000000e+02
8.000000000000000000e+01 1.000000000000000000e+00 4.000000000000000000e+00 0.000000000000000000e+00 7.986325969670503139e+08 7.791598358793212175e+08 1.005208255257507563e+09 1.004610937475219488e+09 1.517387109994888306e+03 6.370000000000000000e+02 6.330000000000000000e+02
8.100000000000000000e+01 1.000000000000000000e+00 4.000000000000000000e+00 0.000000000000000000e+00 8.806694437303922176e+08 8.659227081158850193e+08 1.006944601255177379e+09 1.005617329789792180e+09 7.217950770854949951e+02 4.900000000000000000e+02 4.850000000000000000e+02
8.200000000000000000e+01 1.000000000000000000e+00 4.000000000000000000e+00 0.000000000000000000e+00 8.633017477252711058e+08 8.401303457926096916e+08 9.932825664589596987e+08 9.910729096738132238e+08 2.115825688838958740e+02 1.660000000000000000e+02 1.620000000000000000e+02
8.300000000000000000e+01 1.000000000000000000e+00 4.000000000000000000e+00 0.000000000000000000e+00 8.585853578744139671e+08 8.398549342945672274e+08 1.022311467876283765e+09 1.021760939755052805e+09 3.844350202083587646e+02 2.250000000000000000e+02 2.210000000000000000e+02
8.400000000000000000e+01 1.000000000000000000e+00 4.000000000000000000e+00 0.000000000000000000e+00 8.640404867682110071e+08 8.494433568275605440e+08 1.010464068692270637e+09 1.010303805450101137e+09 4.560410039424896240e+02 2.790000000000000000e+02 2.750000000000000000e+02
8.500000000000000000e+01 1.000000000000000000e+00 4.000000000000000000e+00 0.000000000000000000e+00 8.394886725133798122e+08 8.200983234201081991e+08 9.836114829379936457e+08 9.804680467389265299e+08 3.480255908966064453e+02 1.940000000000000000e+02 1.900000000000000000e+02
8.600000000000000000e+01 1.000000000000000000e+00 4.000000000000000000e+00 0.000000000000000000e+00 8.079617620372545719e+08 7.881447359009965658e+08 9.934110337815234661e+08 9.904397552029381990e+08 4.477685999870300293e+02 3.480000000000000000e+02 3.440000000000000000e+02
8.700000000000000000e+01 1.000000000000000000e+00 4.000000000000000000e+00 0.000000000000000000e+00 8.660608577068672180e+08 8.522527970104761124e+08 9.937375901074079275e+08 9.927181288871695995e+08 4.711125261783599854e+02 2.780000000000000000e+02 2.730000000000000000e+02
8.800000000000000000e+01 1.000000000000000000e+00 4.000000000000000000e+00 0.000000000000000000e+00 8.455889002564339638e+08 8.302749536889026165e+08 1.015076201347613692e+09 1.014565884435973406e+09 4.111372609138488770e+02 3.360000000000000000e+02 3.320000000000000000e+02
8.900000000000000000e+01 1.000000000000000000e+00 4.000000000000000000e+00 0.000000000000000000e+00 8.445436286177604198e+08 8.237291420936797857e+08 1.010859799228175402e+09 1.010348807169301510e+09 5.568588922023773193e+02 4.380000000000000000e+02 4.340000000000000000e+02
9.000000000000000000e+01 1.000000000000000000e+00 4.000000000000000000e+00 0.000000000000000000e+00 8.507844571426104307e+08 8.296723796075412035e+08 1.011445606939718962e+09 1.009802171925230622e+09 2.402267520427703857e+02 1.860000000000000000e+02 1.820000000000000000e+02
9.100000000000000000e+01 1.000000000000000000e+00 4.000000000000000000e+00 0.000000000000000000e+00 8.658513153807935715e+08 8.517057790747063160e+08 1.013497922587506890e+09 1.013138540047030926e+09 2.936508109569549561e+02 1.770000000000000000e+02 1.730000000000000000e+02
9.200000000000000000e+01 1.000000000000000000e+00 4.000000000000000000e+00 0.000000000000000000e+00 8.423473411852046251e+08 8.261496644296250343e+08 1.023505224136463761e+09 1.024040497388691545e+09 4.751960301399230957e+02 2.960000000000000000e+02 2.920000000000000000e+02
9.300000000000000000e+01 1.000000000000000000e+00 4.000000000000000000e+00 0.000000000000000000e+00 8.670246299001529217e+08 8.518981803241140842e+08 1.004235340292519927e+09 1.002960428408049941e+09 3.661969738006591797e+02 2.340000000000000000e+02 2.290000000000000000e+02
9.400000000000000000e+01 1.000000000000000000e+00 4.000000000000000000e+00 0.000000000000000000e+00 8.391614823150572777e+08 8.193162048332467079e+08 9.981684261126883030e+08 9.968251573071187735e+08 2.475861139297485352e+02 1.400000000000000000e+02 1.360000000000000000e+02
9.500000000000000000e+01 1.000000000000000000e+00 4.000000000000000000e+00 0.000000000000000000e+00 8.415831324356746674e+08 8.206454857516471148e+08 9.986813420104393959e+08 9.980234832909412384e+08 2.446101660728454590e+02 1.890000000000000000e+02 1.850000000000000000e+02
9.600000000000000000e+01 1.000000000000000000e+00 4.000000000000000000e+00 0.000000000000000000e+00 8.740710684979684353e+08 8.580432872990485430e+08 1.011483891247827768e+09 1.010172587214622259e+09 4.764879851341247559e+02 2.780000000000000000e+02 2.730000000000000000e+02
9.700000000000000000e+01 1.000000000000000000e+00 4.000000000000000000e+00 0.000000000000000000e+00 8.485294131684621572e+08 8.291456711695623398e+08 1.020737546257557988e+09 1.019863953664834738e+09 5.863233120441436768e+02 3.520000000000000000e+02 3.480000000000000000e+02
9.800000000000000000e+01 1.000000000000000000e+00 4.000000000000000000e+00 0.000000000000000000e+00 8.380290428168706894e+08 8.192892578229151964e+08 9.853877921687215567e+08 9.841733121461709738e+08 5.492320420742034912e+02 3.080000000000000000e+02 3.030000000000000000e+02
9.900000000000000000e+01 1.000000000000000000e+00 4.000000000000000000e+00 0.000000000000000000e+00 8.664581959491130114e+08 8.514928535038651228e+08 9.961510082751073837e+08 9.952738606790573597e+08 3.198565218448638916e+02 1.830000000000000000e+02 1.790000000000000000e+02
1.000000000000000000e+02 1.000000000000000000e+00 4.000000000000000000e+00 0.000000000000000000e+00 8.641871976731992960e+08 8.474185675480469465e+08 9.988178450846673250e+08 9.988990657098938227e+08 3.427040531635284424e+02 1.920000000000000000e+02 1.880000000000000000e+02
1.010000000000000000e+02 1.000000000000000000e+00 4.000000000000000000e+00 0.000000000000000000e+00 8.540074655855624676e+08 8.360078564238821268e+08 1.015637553119059324e+09 1.016035968539130092e+09 6.265534479618072510e+02 5.270000000000000000e+02 5.230000000000000000e+02
1.020000000000000000e+02 1.000000000000000000e+00 4.000000000000000000e+00 0.000000000000000000e+00 8.510471408309223652e+08 8.327557006545144320e+08 9.995884160157819986e+08 9.991793996927081347e+08 5.089930229187011719e+02 2.730000000000000000e+02 2.680000000000000000e+02
1.030000000000000000e+02 1.000000000000000000e+00 4.000000000000000000e+00 0.000000000000000000e+00 8.144540197758656740e+08 7.947508700395333767e+08 1.003110826568666935e+09 1.001523187540033579e+09 6.811648521423339844e+02 2.800000000000000000e+02 2.760000000000000000e+02
1.040000000000000000e+02 1.000000000000000000e+00 4.000000000000000000e+00 0.000000000000000000e+00 8.795416069797778130e+08 8.644335675280601978e+08 1.009800172183580875e+09 1.010057581311907411e+09 4.050095629692077637e+02 1.910000000000000000e+02 1.870000000000000000e+02
1.050000000000000000e+02 1.000000000000000000e+00 4.000000000000000000e+00 0.000000000000000000e+00 8.689813470572868586e+08 8.543304685028907061e+08 1.016169004898638248e+09 1.015625383191459775e+09 3.577221341133117676e+02 1.680000000000000000e+02 1.640000000000000000e+02
1.060000000000000000e+02 1.000000000000000000e+00 4.000000000000000000e+00 0.000000000000000000e+00 8.052252833690915108e+08 7.861297050328906775e+08 1.014180818651745081e+09 1.013391471990983725e+09 6.040470008850097656e+02 2.430000000000000000e+02 2.390000000000000000e+02
1.070000000000000000e+02 1.000000000000000000e+00 4.000000000000000000e+00 0.000000000000000000e+00 8.578936777744432688e+08 8.447180426981408596e+08 9.994826895975632668e+08 9.996250888763221502e+08 3.589220848083496094e+02 2.600000000000000000e+02 2.560000000000000000e+02
1.080000000000000000e+02 1.000000000000000000e+00 4.000000000000000000e+00 0.000000000000000000e+00 8.576946363018790483e+08 8.432971197117124796e+08 1.012149919459532619e+09 1.012425099837417126e+09 9.523559589385986328e+02 6.360000000000000000e+02 6.320000000000000000e+02
1.090000000000000000e+02 1.000000000000000000e+00 4.000000000000000000e+00 0.000000000000000000e+00 8.052256396451904774e+08 7.837574269060858488e+08 9.923398773269703388e+08 9.903257170066896677e+08 5.667601280212402344e+02 3.170000000000000000e+02 3.130000000000000000e+02
1.100000000000000000e+02 1.000000000000000000e+00 4.000000000000000000e+00 0.000000000000000000e+00 8.277425931573090553e+08 8.119250379573869705e+08 9.950477207832731009e+08 9.943433986544053555e+08 6.009708349704742432e+02 3.800000000000000000e+02 3.760000000000000000e+02
1.110000000000000000e+02 1.000000000000000000e+00 4.000000000000000000e+00 0.000000000000000000e+00 7.995007911105685234e+08 7.800240381855856180e+08 9.951712763293670416e+08 9.955535704775160551e+08 2.621188988685607910e+02 1.990000000000000000e+02 1.950000000000000000e+02
1.120000000000000000e+02 1.000000000000000000e+00 4.000000000000000000e+00 0.000000000000000000e+00 8.395261757780627012e+08 8.234095489801776409e+08 1.019252708135727406e+09 1.019440919772873640e+09 2.682332830429077148e+02 2.070000000000000000e+02 2.030000000000000000e+02
1.130000000000000000e+02 1.000000000000000000e+00 4.000000000000000000e+00 0.000000000000000000e+00 8.379626029229221344e+08 8.168913874975209236e+08 9.989294865887620449e+08 9.985925852807686329e+08 3.289961030483245850e+02 1.860000000000000000e+02 1.820000000000000000e+02
1.140000000000000000e+02 1.000000000000000000e+00 4.000000000000000000e+00 0.000000000000000000e+00 8.826557173508596420e+08 8.657905025289031267e+08 9.980280330975625515e+08 9.950914890722514391e+08 3.770746819972991943e+02 2.280000000000000000e+02 2.230000000000000000e+02
1.150000000000000000e+02 1.000000000000000000e+00 4.000000000000000000e+00 0.000000000000000000e+00 8.343533218223314285e+08 8.162064069977769852e+08 9.682409999997816086e+08 9.631069947746083736e+08 3.364845769405364990e+02 1.900000000000000000e+02 1.860000000000000000e+02
1.160000000000000000e+02 1.000000000000000000e+00 4.000000000000000000e+00 0.000000000000000000e+00 8.720873100437766314e+08 8.544851383760470152e+08 9.966441388482606411e+08 9.946102791380516291e+08 4.177889790534973145e+02 2.320000000000000000e+02 2.280000000000000000e+02
1.170000000000000000e+02 1.000000000000000000e+00 4.000000000000000000e+00 0.000000000000000000e+00 8.303258611742063761e+08 8.071852683203811646e+08 1.020010699040967941e+09 1.021200579661490798e+09 5.693331780433654785e+02 3.420000000000000000e+02 3.380000000000000000e+02
1.180000000000000000e+02 1.000000000000000000e+00 4.000000000000000000e+00 0.000000000000000000e+00 8.441078553504031897e+08 8.257960788649582863e+08 9.864879256334253550e+08 9.850377906882817745e+08 3.598303170204162598e+02 1.950000000000000000e+02 1.910000000000000000e+02
1.190000000000000000e+02 1.000000000000000000e+00 4.000000000000000000e+00 0.000000000000000000e+00 8.392045809429094791e+08 8.157592758108952045e+08 9.994964357765902281e+08 9.978732323056204319e+08 3.193501210212707520e+02 2.030000000000000000e+02 1.990000000000000000e+02
1.200000000000000000e+02 1.000000000000000000e+00 4.000000000000000000e+00 0.000000000000000000e+00 8.567129674398106337e+08 8.406622916128636599e+08 1.017785901044066429e+09 1.016131867891004801e+09 5.932498400211334229e+02 3.770000000000000000e+02 3.730000000000000000e+02
1.210000000000000000e+02 1.000000000000000000e+00 4.000000000000000000e+00 0.000000000000000000e+00 8.785742832765251398e+08 8.639999806956264973e+08 9.991354346964464188e+08 9.980277362633246183e+08 7.681347320079803467e+02 4.060000000000000000e+02 4.010000000000000000e+02
1.220000000000000000e+02 1.000000000000000000e+00 4.000000000000000000e+00 0.000000000000000000e+00 8.399859734878246784e+08 8.221538653705674410e+08 1.014835045342553139e+09 1.014127418154514909e+09 3.939421160221099854e+02 2.130000000000000000e+02 2.090000000000000000e+02
1.230000000000000000e+02 1.000000000000000000e+00 4.000000000000000000e+00 0.000000000000000000e+00 8.578889979062757492e+08 8.431664606988785267e+08 1.019932285219970822e+09 1.019176779895243883e+09 4.359576020240783691e+02 1.840000000000000000e+02 1.800000000000000000e+02
1.240000000000000000e+02 1.000000000000000000e+00 4.000000000000000000e+00 0.000000000000000000e+00 8.101271299785375595e+08 7.891953151325373650e+08 1.006087975230678201e+09 1.004595831095277667e+09 8.627792291641235352e+02 3.570000000000000000e+02 3.520000000000000000e+02
1.250000000000000000e+02 1.000000000000000000e+00 4.000000000000000000e+00 0.000000000000000000e+00 8.530381063434087038e+08 8.378313313640184402e+08 1.001113615008241653e+09 1.001334513560177565e+09 1.072658540010452271e+03 4.300000000000000000e+02 4.260000000000000000e+02
1.260000000000000000e+02 1.000000000000000000e+00 4.000000000000000000e+00 0.000000000000000000e+00 8.446984837757240534e+08 8.260811480114798546e+08 1.023013872121562004e+09 1.023225840896585822e+09 6.966609530448913574e+02 2.890000000000000000e+02 2.850000000000000000e+02
1.270000000000000000e+02 1.000000000000000000e+00 4.000000000000000000e+00 0.000000000000000000e+00 8.443787287415642738e+08 8.207780395061018467e+08 1.011216441046672463e+09 1.010949353122831821e+09 2.111296548843383789e+02 1.680000000000000000e+02 1.640000000000000000e+02
1.280000000000000000e+02 1.000000000000000000e+00 4.000000000000000000e+00 0.000000000000000000e+00 8.365121801022435427e+08 8.177303554073896408e+08 9.982019661332781315e+08 9.971465567433350086e+08 2.939119310379028320e+02 1.640000000000000000e+02 1.600000000000000000e+02
1.290000000000000000e+02 1.000000000000000000e+00 4.000000000000000000e+00 0.000000000000000000e+00 8.478603680861718655e+08 8.304342856335681677e+08 9.829570155234441757e+08 9.814394831772321463e+08 3.918796200752258301e+02 2.460000000000000000e+02 2.420000000000000000e+02
1.300000000000000000e+02 1.000000000000000000e+00 4.000000000000000000e+00 0.000000000000000000e+00 8.259082446860281229e+08 8.079883859612241983e+08 9.974965545547158718e+08 9.972499048370479345e+08 3.201866080760955811e+02 1.760000000000000000e+02 1.720000000000000000e+02
1.310000000000000000e+02 1.000000000000000000e+00 4.000000000000000000e+00 0.000000000000000000e+00 8.260543944469525814e+08 8.056724416402051449e+08 1.015287212773106098e+09 1.014547072285892963e+09 4.334790148735046387e+02 2.710000000000000000e+02 2.670000000000000000e+02
1.320000000000000000e+02 1.000000000000000000e+00 4.000000000000000000e+00 0.000000000000000000e+00 8.311340964282029867e+08 8.102913867074862719e+08 1.001490473681400180e+09 1.001161467507696986e+09 3.782051382064819336e+02 2.140000000000000000e+02 2.100000000000000000e+02
1.330000000000000000e+02 1.000000000000000000e+00 4.000000000000000000e+00 0.000000000000000000e+00 8.382114848712978363e+08 8.218831212583295107e+08 9.909986930451442003e+08 9.901637699992232323e+08 2.601739251613616943e+02 2.040000000000000000e+02 2.000000000000000000e+02
1.340000000000000000e+02 1.000000000000000000e+00 4.000000000000000000e+00 0.000000000000000000e+00 8.276863874355534315e+08 8.134899384979465008e+08 1.005153524229481578e+09 1.004485770688716412e+09 5.215175619125366211e+02 2.950000000000000000e+02 2.910000000000000000e+02
1.350000000000000000e+02 1.000000000000000000e+00 4.000000000000000000e+00 0.000000000000000000e+00 8.796808636497131586e+08 8.623251899926880598e+08 1.011539039039788842e+09 1.010012659237895489e+09 3.699293768405914307e+02 2.190000000000000000e+02 2.150000000000000000e+02
1.360000000000000000e+02 1.000000000000000000e+00 4.000000000000000000e+00 0.000000000000000000e+00 8.585069891092827320e+08 8.383005771993455887e+08 9.969168310417603254e+08 9.951310779466874599e+08 3.347110610008239746e+02 1.800000000000000000e+02 1.750000000000000000e+02
1.370000000000000000e+02 1.000000000000000000e+00 4.000000000000000000e+00 0.000000000000000000e+00 8.780515742648917437e+08 8.610874510191426277e+08 1.004913235297628641e+09 1.003617408926686645e+09 3.984990041255950928e+02 3.200000000000000000e+02 3.160000000000000000e+02
1.380000000000000000e+02 1.000000000000000000e+00 4.000000000000000000e+00 0.000000000000000000e+00 8.716264506593743563e+08 8.548095928256398439e+08 1.009705955597782493e+09 1.009165459677758813e+09 3.335770239830017090e+02 1.920000000000000000e+02 1.880000000000000000e+02
1.390000000000000000e+02 1.000000000000000000e+00 4.000000000000000000e+00 0.000000000000000000e+00 8.581401500453548431e+08 8.402597791932135820e+08 9.926450786142753363e+08 9.917032702511274815e+08 3.723187251091003418e+02 1.960000000000000000e+02 1.910000000000000000e+02
1.400000000000000000e+02 1.000000000000000000e+00 4.000000000000000000e+00 0.000000000000000000e+00 8.084753176270135641e+08 7.896891362322924137e+08 1.009341617799737692e+09 1.009173439026801229e+09 3.566212329864501953e+02 1.970000000000000000e+02 1.930000000000000000e+02
1.410000000000000000e+02 1.000000000000000000e+00 4.000000000000000000e+00 0.000000000000000000e+00 8.583271789384516478e+08 8.430212136847007275e+08 1.012662492220001698e+09 1.013172406358046055e+09 4.726285049915313721e+02 2.530000000000000000e+02 2.490000000000000000e+02
1.420000000000000000e+02 1.000000000000000000e+00 4.000000000000000000e+00 0.000000000000000000e+00 8.227859753459768295e+08 8.007052725647698641e+08 9.959019685116819143e+08 9.951640893896454573e+08 1.590375900030136108e+03 8.790000000000000000e+02 8.740000000000000000e+02
1.430000000000000000e+02 1.000000000000000000e+00 4.000000000000000000e+00 0.000000000000000000e+00 8.438249287460299730e+08 8.297104035048441887e+08 9.900048662952687740e+08 9.869661752772105932e+08 2.491070179939270020e+02 1.510000000000000000e+02 1.470000000000000000e+02
1.440000000000000000e+02 1.000000000000000000e+00 4.000000000000000000e+00 0.000000000000000000e+00 8.583892718038743734e+08 8.418755846312496662e+08 1.001127799244197369e+09 1.000240276657059908e+09 6.868172709941864014e+02 2.790000000000000000e+02 2.750000000000000000e+02
1.450000000000000000e+02 1.000000000000000000e+00 4.000000000000000000e+00 0.000000000000000000e+00 8.321261129783521891e+08 8.104789829930517673e+08 9.868054910793769360e+08 9.862109987315163612e+08 7.252733139991760254e+02 2.890000000000000000e+02 2.840000000000000000e+02
1.460000000000000000e+02 1.000000000000000000e+00 4.000000000000000000e+00 0.000000000000000000e+00 8.770838460643755198e+08 8.614904378211498260e+08 1.003970139180459380e+09 1.002737040363939285e+09 6.882052090167999268e+02 2.950000000000000000e+02 2.900000000000000000e+02
1.470000000000000000e+02 1.000000000000000000e+00 4.000000000000000000e+00 0.000000000000000000e+00 8.588466351665304899e+08 8.426650194882016182e+08 9.912696495711179972e+08 9.907751550192745924e+08 3.494863040447235107e+02 1.420000000000000000e+02 1.380000000000000000e+02
1.480000000000000000e+02 1.000000000000000000e+00 4.000000000000000000e+00 0.000000000000000000e+00 8.299841526673763990e+08 8.125969003498880863e+08 1.013966553750091672e+09 1.013862983998749971e+09 2.322254966020584106e+03 1.047000000000000000e+03 1.043000000000000000e+03
1.490000000000000000e+02 1.000000000000000000e+00 4.000000000000000000e+00 0.000000000000000000e+00 8.620463482339644432e+08 8.426978933983495235e+08 1.012403877336774707e+09 1.012140078738055944e+09 5.036472921371459961e+02 2.100000000000000000e+02 2.060000000000000000e+02
1.500000000000000000e+02 1.000000000000000000e+00 4.000000000000000000e+00 0.000000000000000000e+00 8.190719122246198654e+08 7.996005955567421913e+08 9.905953745806485415e+08 9.878319311431449652e+08 4.405659928321838379e+02 1.770000000000000000e+02 1.730000000000000000e+02
1.510000000000000000e+02 1.000000000000000000e+00 4.000000000000000000e+00 0.000000000000000000e+00 8.266303060529837608e+08 8.093489401190309525e+08 9.781145036972948313e+08 9.753678194137154818e+08 5.632805340290069580e+02 2.250000000000000000e+02 2.200000000000000000e+02
1.520000000000000000e+02 1.000000000000000000e+00 4.000000000000000000e+00 0.000000000000000000e+00 8.548371148089126348e+08 8.355019811460570097e+08 1.017554102944180608e+09 1.017447069370023012e+09 3.095921771526336670e+02 1.770000000000000000e+02 1.730000000000000000e+02
1.530000000000000000e+02 1.000000000000000000e+00 4.000000000000000000e+00 0.000000000000000000e+00 8.312675378492580652e+08 8.115377801435517073e+08 1.003098806254890442e+09 1.002570293807351708e+09 5.027876329421997070e+02 2.830000000000000000e+02 2.790000000000000000e+02
1.540000000000000000e+02 1.000000000000000000e+00 4.000000000000000000e+00 0.000000000000000000e+00 8.098472855887689590e+08 7.879557958729931116e+08 1.001929834505615354e+09 1.001488809312889338e+09 4.013340730667114258e+02 2.320000000000000000e+02 2.270000000000000000e+02
1.550000000000000000e+02 1.000000000000000000e+00 4.000000000000000000e+00 0.000000000000000000e+00 8.159853417288275957e+08 7.949829445783782005e+08 1.008627686342411637e+09 1.008019336336961985e+09 6.421031870841979980e+02 3.710000000000000000e+02 3.670000000000000000e+02
1.560000000000000000e+02 1.000000000000000000e+00 4.000000000000000000e+00 0.000000000000000000e+00 8.717884811469253302e+08 8.544535961827322245e+08 1.016030203476715326e+09 1.015753770672261000e+09 5.945006520748138428e+02 4.090000000000000000e+02 4.050000000000000000e+02
1.570000000000000000e+02 1.000000000000000000e+00 4.000000000000000000e+00 0.000000000000000000e+00 8.556008556732361317e+08 8.367915677178356647e+08 1.003073716416221142e+09 1.003134086546580315e+09 5.321037218570709229e+02 3.290000000000000000e+02 3.240000000000000000e+02
1.580000000000000000e+02 1.000000000000000000e+00 4.000000000000000000e+00 0.000000000000000000e+00 8.499023073583394289e+08 8.335903332601037025e+08 1.016789258950141668e+09 1.017763203887716174e+09 3.019211208820343018e+02 1.760000000000000000e+02 1.720000000000000000e+02
1.590000000000000000e+02 1.000000000000000000e+00 4.000000000000000000e+00 0.000000000000000000e+00 8.336016523884845972e+08 8.161185509505742788e+08 1.015577309009329557e+09 1.016022091595320463e+09 2.671621210575103760e+02 2.090000000000000000e+02 2.050000000000000000e+02
1.600000000000000000e+02 1.000000000000000000e+00 4.000000000000000000e+00 0.000000000000000000e+00 8.652211205031243563e+08 8.481398404957687855e+08 1.011587098220367789e+09 1.012775427488300681e+09 3.090240321159362793e+02 1.820000000000000000e+02 1.780000000000000000e+02
1.610000000000000000e+02 1.000000000000000000e+00 4.000000000000000000e+00 0.000000000000000000e+00 8.564025728097541332e+08 8.402211345657198429e+08 1.016514508079302073e+09 1.016550605022027254e+09 4.041102151870727539e+02 2.300000000000000000e+02 2.260000000000000000e+02
1.620000000000000000e+02 1.000000000000000000e+00 4.000000000000000000e+00 0.000000000000000000e+00 8.592220986085021496e+08 8.407219284041333199e+08 1.001419556664171219e+09 1.000951016818696260e+09 4.509907431602478027e+02 3.010000000000000000e+02 2.970000000000000000e+02
1.630000000000000000e+02 1.000000000000000000e+00 4.000000000000000000e+00 0.000000000000000000e+00 8.596001390246568918e+08 8.407637039545526505e+08 1.008286271063948512e+09 1.006854056285093069e+09 3.010501091480255127e+02 2.350000000000000000e+02 2.310000000000000000e+02
1.640000000000000000e+02 1.000000000000000000e+00 4.000000000000000000e+00 0.000000000000000000e+00 8.486006563595286608e+08 8.271689492538303137e+08 1.013721984070639014e+09 1.013108519638664961e+09 3.522600369453430176e+02 2.600000000000000000e+02 2.560000000000000000e+02
1.650000000000000000e+02 1.000000000000000000e+00 4.000000000000000000e+00 0.000000000000000000e+00 8.261287834376275539e+08 8.075349647632962465e+08 9.963358097486144304e+08 9.959333551997388601e+08 6.118166511058807373e+02 1.930000000000000000e+02 1.880000000000000000e+02
1.660000000000000000e+02 1.000000000000000000e+00 4.000000000000000000e+00 0.000000000000000000e+00 8.740763852802892923e+08 8.588403855860303640e+08 1.013137876324769139e+09 1.012855405106507778e+09 2.855066480636596680e+02 1.450000000000000000e+02 1.410000000000000000e+02
1.670000000000000000e+02 1.000000000000000000e+00 4.000000000000000000e+00 0.000000000000000000e+00 8.791866513419263363e+08 8.581551417868189812e+08 1.013378345956864238e+09 1.012287581461206436e+09 4.539671089649200439e+02 2.490000000000000000e+02 2.450000000000000000e+02
1.680000000000000000e+02 1.000000000000000000e+00 4.000000000000000000e+00 0.000000000000000000e+00 8.677863168501443863e+08 8.518393496414810419e+08 1.001020418300455213e+09 1.000483199972788334e+09 9.351644580364227295e+02 3.860000000000000000e+02 3.810000000000000000e+02
1.690000000000000000e+02 1.000000000000000000e+00 4.000000000000000000e+00 0.000000000000000000e+00 8.519451778872027397e+08 8.364795862430399656e+08 9.965580177165644169e+08 9.939892131419945955e+08 5.771029131412506104e+02 2.420000000000000000e+02 2.380000000000000000e+02
1.700000000000000000e+02 1.000000000000000000e+00 4.000000000000000000e+00 0.000000000000000000e+00 8.361549202634370327e+08 8.150274538341438770e+08 9.881501696013607979e+08 9.869039515326287746e+08 6.492094728946685791e+02 2.590000000000000000e+02 2.540000000000000000e+02
1.710000000000000000e+02 1.000000000000000000e+00 4.000000000000000000e+00 0.000000000000000000e+00 8.357873819556630850e+08 8.120667544903224707e+08 9.967090988839452267e+08 9.952816497885513306e+08 1.456340015888214111e+03 5.910000000000000000e+02 5.860000000000000000e+02
1.720000000000000000e+02 1.000000000000000000e+00 4.000000000000000000e+00 0.000000000000000000e+00 8.335373506847083569e+08 8.130181420626142025e+08 9.954536764943989515e+08 9.931904171124560833e+08 1.881915647983551025e+03 7.550000000000000000e+02 7.500000000000000000e+02
1.730000000000000000e+02 1.000000000000000000e+00 4.000000000000000000e+00 0.000000000000000000e+00 8.608895905119093657e+08 8.459066469109544754e+08 1.017061379652797937e+09 1.016569022275114775e+09 5.857414269447326660e+02 2.480000000000000000e+02 2.440000000000000000e+02
1.740000000000000000e+02 1.000000000000000000e+00 4.000000000000000000e+00 0.000000000000000000e+00 8.398851762989087105e+08 8.207890786548739672e+08 9.992797864879306555e+08 9.999031915642950535e+08 4.421012179851531982e+02 2.870000000000000000e+02 2.830000000000000000e+02
1.750000000000000000e+02 1.000000000000000000e+00 4.000000000000000000e+00 0.000000000000000000e+00 8.638018926026145220e+08 8.439545211091319323e+08 9.933684536895442009e+08 9.923808413762091398e+08 4.035727059841156006e+02 2.700000000000000000e+02 2.650000000000000000e+02
1.760000000000000000e+02 1.000000000000000000e+00 4.000000000000000000e+00 0.000000000000000000e+00 8.786531839124121666e+08 8.629265366457759142e+08 1.014839971726693392e+09 1.014277648594199300e+09 5.090745282173156738e+02 2.970000000000000000e+02 2.920000000000000000e+02
1.770000000000000000e+02 1.000000000000000000e+00 4.000000000000000000e+00 0.000000000000000000e+00 8.553046127878063917e+08 8.393667952032026052e+08 9.986770824777475595e+08 9.968315657207342386e+08 4.804055190086364746e+02 3.170000000000000000e+02 3.120000000000000000e+02
1.780000000000000000e+02 1.000000000000000000e+00 4.000000000000000000e+00 0.000000000000000000e+00 8.247927148533897400e+08 8.042799956115829945e+08 1.023915188727251768e+09 1.024265399052006841e+09 3.050632898807525635e+02 2.550000000000000000e+02 2.510000000000000000e+02
1.790000000000000000e+02 1.000000000000000000e+00 4.000000000000000000e+00 0.000000000000000000e+00 9.062044368628710508e+08 8.923618736189439297e+08 1.020989524577705383e+09 1.022305994803398848e+09 1.824029729366302490e+02 1.520000000000000000e+02 1.480000000000000000e+02
1.800000000000000000e+02 1.000000000000000000e+00 4.000000000000000000e+00 0.000000000000000000e+00 8.284520134289594889e+08 8.064766647261357307e+08 1.000639630462434053e+09 9.997115056758400202e+08 3.599423000812530518e+02 2.030000000000000000e+02 1.990000000000000000e+02
1.810000000000000000e+02 1.000000000000000000e+00 4.000000000000000000e+00 0.000000000000000000e+00 8.288914583088349104e+08 8.049207059509787560e+08 1.006514427100322366e+09 1.005561723839912534e+09 2.823099460601806641e+02 1.970000000000000000e+02 1.930000000000000000e+02
1.820000000000000000e+02 1.000000000000000000e+00 4.000000000000000000e+00 0.000000000000000000e+00 8.031337562259806395e+08 7.821698536812149286e+08 1.002991042631505609e+09 1.002703382983367920e+09 1.236011054039001465e+03 8.050000000000000000e+02 8.010000000000000000e+02
1.830000000000000000e+02 1.000000000000000000e+00 4.000000000000000000e+00 0.000000000000000000e+00 8.239697404487501383e+08 8.133625766502064466e+08 1.003687428076161623e+09 1.002186148140826941e+09 3.914001350402832031e+02 3.300000000000000000e+02 3.250000000000000000e+02
1.840000000000000000e+02 1.000000000000000000e+00 4.000000000000000000e+00 0.000000000000000000e+00 8.125555945593032837e+08 7.913908674595931768e+08 9.965211469413362741e+08 9.951353159670401812e+08 4.964339511394500732e+02 2.390000000000000000e+02 2.350000000000000000e+02
1.850000000000000000e+02 1.000000000000000000e+00 4.000000000000000000e+00 0.000000000000000000e+00 8.679586647634791136e+08 8.488113911071069241e+08 9.998615523432003260e+08 9.980725326908094883e+08 2.746026840209960938e+02 1.600000000000000000e+02 1.560000000000000000e+02
1.860000000000000000e+02 1.000000000000000000e+00 4.000000000000000000e+00 0.000000000000000000e+00 8.506816281181151867e+08 8.359256327413982153e+08 9.999910508799655437e+08 9.998480045860145092e+08 9.231159639358520508e+02 5.340000000000000000e+02 5.300000000000000000e+02
1.870000000000000000e+02 1.000000000000000000e+00 4.000000000000000000e+00 0.000000000000000000e+00 8.635734440512512922e+08 8.502113235598809719e+08 1.003247377040906429e+09 1.003039793663614631e+09 5.160155880451202393e+02 3.290000000000000000e+02 3.250000000000000000e+02
1.880000000000000000e+02 1.000000000000000000e+00 4.000000000000000000e+00 0.000000000000000000e+00 8.764365495804255009e+08 8.603197774447184801e+08 1.001081759472535253e+09 1.000207520424541235e+09 2.863497090339660645e+02 1.750000000000000000e+02 1.710000000000000000e+02
1.890000000000000000e+02 1.000000000000000000e+00 4.000000000000000000e+00 0.000000000000000000e+00 8.284752076188836098e+08 8.133328369123665094e+08 1.005748431130867004e+09 1.005420476018971086e+09 5.340231778621673584e+02 2.200000000000000000e+02 2.160000000000000000e+02
1.900000000000000000e+02 1.000000000000000000e+00 4.000000000000000000e+00 0.000000000000000000e+00 8.635381537658488750e+08 8.426786658956216574e+08 1.022589295629594922e+09 1.023392545354049802e+09 4.552489380836486816e+02 1.900000000000000000e+02 1.860000000000000000e+02
1.910000000000000000e+02 1.000000000000000000e+00 4.000000000000000000e+00 0.000000000000000000e+00 8.861381010368032455e+08 8.701504453859767914e+08 1.006177363992250681e+09 1.006122014238816500e+09 4.288255069255828857e+02 1.990000000000000000e+02 1.950000000000000000e+02
1.920000000000000000e+02 1.000000000000000000e+00 4.000000000000000000e+00 0.000000000000000000e+00 8.668520190406410694e+08 8.461426006493012905e+08 9.973965872531698942e+08 9.953465817922950983e+08 1.143082144975662231e+03 4.060000000000000000e+02 4.020000000000000000e+02
1.930000000000000000e+02 1.000000000000000000e+00 4.000000000000000000e+00 0.000000000000000000e+00 8.499678287828619480e+08 8.317574904949383736e+08 9.736382879865375757e+08 9.702045270997031927e+08 4.948495528697967529e+02 1.950000000000000000e+02 1.900000000000000000e+02
1.940000000000000000e+02 1.000000000000000000e+00 4.000000000000000000e+00 0.000000000000000000e+00 8.401423604699808359e+08 8.216056043527536392e+08 1.009801105102437496e+09 1.009819918834190488e+09 7.390677659511566162e+02 3.150000000000000000e+02 3.110000000000000000e+02
1.950000000000000000e+02 1.000000000000000000e+00 4.000000000000000000e+00 0.000000000000000000e+00 8.162030975570501089e+08 7.914923786190334558e+08 9.962751873918961287e+08 9.944616342829344273e+08 5.400678079128265381e+02 2.140000000000000000e+02 2.100000000000000000e+02
1.960000000000000000e+02 1.000000000000000000e+00 4.000000000000000000e+00 0.000000000000000000e+00 8.461444626372089386e+08 8.295417363223006725e+08 1.008493558340354681e+09 1.006490438898533225e+09 4.667510879039764404e+02 1.930000000000000000e+02 1.890000000000000000e+02
1.980000000000000000e+02 1.000000000000000000e+00 4.000000000000000000e+00 0.000000000000000000e+00 8.548512545829209089e+08 8.377173791851056814e+08 1.012605723363072515e+09 1.011680973239177227e+09 2.272681660652160645e+02 1.820000000000000000e+02 1.780000000000000000e+02
1.990000000000000000e+02 1.000000000000000000e+00 4.000000000000000000e+00 0.000000000000000000e+00 8.020990619461354017e+08 7.792101058990362883e+08 9.936781624982047081e+08 9.932037789768146276e+08 7.012577240467071533e+02 4.970000000000000000e+02 4.920000000000000000e+02
