# # run number, ti calc, ti opt, aep init calc (kW), aep init opt (kW), aep run calc (kW), aep run opt (kW), run time (s), obj func calls, sens func calls
0.000000000000000000e+00 4.000000000000000000e+00 0.000000000000000000e+00 7.121572437279298902e+07 6.971427461427803338e+07 7.386009722318246961e+07 7.339347597962102294e+07 2.855992293357849121e+02 1.367700000000000000e+04 0.000000000000000000e+00
# # run number, ti calc, ti opt, aep init calc (kW), aep init opt (kW), aep run calc (kW), aep run opt (kW), run time (s), obj func calls, sens func calls
0.000000000000000000e+00 4.000000000000000000e+00 4.000000000000000000e+00 7.121572437279298902e+07 6.971427461427803338e+07 7.229522114693239331e+07 7.205042696325151622e+07 2.982826340198516846e+03 1.365270000000000000e+05 0.000000000000000000e+00
1.000000000000000000e+00 4.000000000000000000e+00 0.000000000000000000e+00 6.504619075115741044e+07 6.455922104084414244e+07 7.339221984974659979e+07 7.261391230484876037e+07 2.204524970293045044e+03 1.063770000000000000e+05 0.000000000000000000e+00
1.000000000000000000e+00 4.000000000000000000e+00 4.000000000000000000e+00 6.504619075115741044e+07 6.455922104084414244e+07 7.436625086582192779e+07 7.411890941976130009e+07 2.454162444591522217e+03 1.120770000000000000e+05 0.000000000000000000e+00
2.000000000000000000e+00 4.000000000000000000e+00 0.000000000000000000e+00 6.222574713749827445e+07 6.178111663551090658e+07 7.263934184660904109e+07 7.187938418309800327e+07 1.162695676803588867e+03 5.687700000000000000e+04 0.000000000000000000e+00
2.000000000000000000e+00 4.000000000000000000e+00 4.000000000000000000e+00 6.222574713749827445e+07 6.178111663551090658e+07 7.317563108353750408e+07 7.282537358908466995e+07 1.436122649669647217e+03 6.572700000000000000e+04 0.000000000000000000e+00
3.000000000000000000e+00 4.000000000000000000e+00 0.000000000000000000e+00 5.888102347786907107e+07 5.766522535949686170e+07 7.273356354353962839e+07 7.248749668926863372e+07 1.628258185625076294e+03 7.967700000000000000e+04 0.000000000000000000e+00
3.000000000000000000e+00 4.000000000000000000e+00 4.000000000000000000e+00 5.888102347786907107e+07 5.766522535949686170e+07 7.140470088765120506e+07 7.109747994728285074e+07 1.543871597051620483e+03 7.157700000000000000e+04 0.000000000000000000e+00
4.000000000000000000e+00 4.000000000000000000e+00 0.000000000000000000e+00 5.770551213862870634e+07 5.700906210789507627e+07 7.163605483063225448e+07 7.106222752322953939e+07 1.487525374889373779e+03 7.172700000000000000e+04 0.000000000000000000e+00
4.000000000000000000e+00 4.000000000000000000e+00 4.000000000000000000e+00 5.770551213862870634e+07 5.700906210789507627e+07 7.322066985698054731e+07 7.288643267678390443e+07 1.622619117259979248e+03 7.352700000000000000e+04 0.000000000000000000e+00
5.000000000000000000e+00 4.000000000000000000e+00 0.000000000000000000e+00 5.858771479707969725e+07 5.763246161623150110e+07 7.173224290212900937e+07 7.098431203170891106e+07 4.613486404418945312e+02 2.087700000000000000e+04 0.000000000000000000e+00
5.000000000000000000e+00 4.000000000000000000e+00 4.000000000000000000e+00 5.858771479707969725e+07 5.763246161623150110e+07 6.978615041527356207e+07 6.920871770721496642e+07 1.222229855060577393e+02 5.277000000000000000e+03 0.000000000000000000e+00
6.000000000000000000e+00 4.000000000000000000e+00 0.000000000000000000e+00 5.890476439549399167e+07 5.825652522568044811e+07 7.164385355328848958e+07 7.101115306992918253e+07 2.439622463703155518e+03 1.200270000000000000e+05 0.000000000000000000e+00
6.000000000000000000e+00 4.000000000000000000e+00 4.000000000000000000e+00 5.890476439549399167e+07 5.825652522568044811e+07 7.160473995014494658e+07 7.130925407506373525e+07 2.254165534973144531e+02 1.052700000000000000e+04 0.000000000000000000e+00
7.000000000000000000e+00 4.000000000000000000e+00 0.000000000000000000e+00 5.983274730091127008e+07 5.914510404713935405e+07 7.294223295341987908e+07 7.281180138490013778e+07 1.315006896734237671e+03 6.437700000000000000e+04 0.000000000000000000e+00
7.000000000000000000e+00 4.000000000000000000e+00 4.000000000000000000e+00 5.983274730091127008e+07 5.914510404713935405e+07 7.040885285398359597e+07 7.000425154252851009e+07 1.584545983552932739e+03 7.397700000000000000e+04 0.000000000000000000e+00
