# runID, original aep, end aep, total improvement, run time (s)
0.000000000000000000e+00 4.679471323155283332e+08 5.234417219447157383e+08 1.185915796824851542e-01 1.752197890281677246e+02
1.000000000000000000e+00 4.679471323155283332e+08 5.117682862420321703e+08 9.364552296680390964e-02 1.700714071035385132e+03
2.000000000000000000e+00 4.679471323155283332e+08 5.141042702680897117e+08 9.863750574592355935e-02 1.140613683938980103e+03
3.000000000000000000e+00 4.679471323155283332e+08 4.963167973890894055e+08 6.062579106571363424e-02 1.158998371124267578e+03
4.000000000000000000e+00 4.679471323155283332e+08 5.008957514898480773e+08 7.041098641053981921e-02 7.347859418392181396e+02
5.000000000000000000e+00 4.679471323155283332e+08 4.987786058663059473e+08 6.588665988445144284e-02 5.093519489765167236e+02
6.000000000000000000e+00 4.679471323155283332e+08 5.082463568649695516e+08 8.611918263080235725e-02 1.240771409988403320e+03
7.000000000000000000e+00 4.679471323155283332e+08 4.970347551609104276e+08 6.216006218789868476e-02 1.510001160144805908e+03
8.000000000000000000e+00 4.679471323155283332e+08 5.025971534958084822e+08 7.404687151051128624e-02 2.362394118070602417e+03
9.000000000000000000e+00 4.679471323155283332e+08 4.922098712442222834e+08 5.184931641451757250e-02 1.193900424003601074e+03
1.000000000000000000e+01 4.679471323155283332e+08 4.969053715286052227e+08 6.188357020115441143e-02 2.849889009952545166e+03
1.100000000000000000e+01 4.679471323155283332e+08 5.115895206042357683e+08 9.326350195320816383e-02 6.411846144914627075e+03
1.200000000000000000e+01 4.679471323155283332e+08 4.963602759998780489e+08 6.071870457620679590e-02 1.626014416933059692e+03
1.300000000000000000e+01 4.679471323155283332e+08 4.968511701294601560e+08 6.176774216118574579e-02 6.311437430381774902e+02
1.400000000000000000e+01 4.679471323155283332e+08 4.984802876463357210e+08 6.524915577475839945e-02 2.569872493028640747e+03
1.500000000000000000e+01 4.679471323155283332e+08 5.010771569659447670e+08 7.079864874153658783e-02 2.756524569034576416e+03
1.600000000000000000e+01 4.679471323155283332e+08 5.019895362119843364e+08 7.274839729865428817e-02 1.186528381586074829e+04
1.700000000000000000e+01 4.679471323155283332e+08 4.959429674239553809e+08 5.982691884422097761e-02 8.955043880939483643e+02
1.800000000000000000e+01 4.679471323155283332e+08 4.934160419752722383e+08 5.442689547795043908e-02 3.937351778030395508e+03
1.900000000000000000e+01 4.679471323155283332e+08 3.835405367575449347e+08 -1.803763496536817112e-01 2.363732814788818359e+00
2.000000000000000000e+01 4.679471323155283332e+08 5.031482158873629570e+08 7.522448828278996413e-02 2.587982341051101685e+03
2.100000000000000000e+01 4.679471323155283332e+08 4.976612716730217338e+08 6.349892392856398837e-02 7.513730499744415283e+02
2.200000000000000000e+01 4.679471323155283332e+08 5.017564135916053653e+08 7.225021576428861114e-02 1.742466778039932251e+03
2.300000000000000000e+01 4.679471323155283332e+08 5.055549461851869226e+08 8.036765538783197105e-02 1.031176839113235474e+03
2.400000000000000000e+01 4.679471323155283332e+08 5.038756710672482848e+08 7.677905530467912798e-02 2.812827884912490845e+03
2.500000000000000000e+01 4.679471323155283332e+08 5.032527138222596049e+08 7.544779969487099003e-02 9.894490311145782471e+02
2.600000000000000000e+01 4.679471323155283332e+08 5.014544732635720968e+08 7.160497123305452349e-02 8.419123393058776855e+03
2.700000000000000000e+01 4.679471323155283332e+08 4.900464322740678191e+08 4.722606130565690924e-02 2.497242058992385864e+03
2.800000000000000000e+01 4.679471323155283332e+08 5.008574763695060015e+08 7.032919272552955181e-02 2.367013267040252686e+03
2.900000000000000000e+01 4.679471323155283332e+08 4.770055853815214634e+08 1.935785570726647475e-02 3.234041317939758301e+03
3.000000000000000000e+01 4.679471323155283332e+08 4.950454090293625593e+08 5.790884235093964744e-02 1.077730773925781250e+03
3.100000000000000000e+01 4.679471323155283332e+08 5.099251175057675838e+08 8.970668327962794120e-02 1.550427006006240845e+03
3.200000000000000000e+01 4.679471323155283332e+08 5.042890641988344193e+08 7.766247375740166492e-02 4.055125334978103638e+03
3.300000000000000000e+01 4.679471323155283332e+08 5.000150629835813642e+08 6.852896075967444822e-02 1.098175652027130127e+03
3.400000000000000000e+01 4.679471323155283332e+08 5.062875186718441844e+08 8.193315806124785994e-02 3.020841268062591553e+03
3.500000000000000000e+01 4.679471323155283332e+08 5.054990709591879249e+08 8.024825039068514410e-02 3.752676950931549072e+03
3.600000000000000000e+01 4.679471323155283332e+08 4.993553840047955513e+08 6.711923104187161870e-02 7.263641920089721680e+02
3.700000000000000000e+01 4.679471323155283332e+08 5.072318095307114124e+08 8.395110152890973565e-02 2.103144401073455811e+03
3.800000000000000000e+01 4.679471323155283332e+08 4.798228793112753630e+08 2.537839464253715399e-02 7.199281470775604248e+02
3.900000000000000000e+01 4.679471323155283332e+08 4.975229824720172882e+08 6.320340079901695662e-02 2.041053966999053955e+03
4.000000000000000000e+01 4.679471323155283332e+08 4.991297269699265361e+08 6.663700341553185913e-02 1.127355374097824097e+03
4.100000000000000000e+01 4.679471323155283332e+08 4.926731315999354720e+08 5.283930080318312988e-02 1.412342818975448608e+03
4.200000000000000000e+01 4.679471323155283332e+08 5.044250179355702400e+08 7.795300601488786008e-02 2.190044124841690063e+03
4.300000000000000000e+01 4.679471323155283332e+08 3.777464873858634233e+08 -1.927581957460191009e-01 2.355818033218383789e+00
4.400000000000000000e+01 4.679471323155283332e+08 5.051870425367944241e+08 7.958144766694688621e-02 1.864222277879714966e+03
4.500000000000000000e+01 4.679471323155283332e+08 5.078237647791221738e+08 8.521610607222557254e-02 2.115329196929931641e+03
4.600000000000000000e+01 4.679471323155283332e+08 4.784675844672587514e+08 2.248213831266021590e-02 6.880739941596984863e+02
4.700000000000000000e+01 4.679471323155283332e+08 5.067248752549759150e+08 8.286778625517988994e-02 2.476494253873825073e+03
4.800000000000000000e+01 4.679471323155283332e+08 5.050451124962013364e+08 7.927814408670956492e-02 2.645042634963989258e+03
4.900000000000000000e+01 4.679471323155283332e+08 5.007250212436866760e+08 7.004613697697970043e-02 6.466808350086212158e+02
5.000000000000000000e+01 4.679471323155283332e+08 4.891378673018371463e+08 4.528446382703822659e-02 1.062672030925750732e+03
5.100000000000000000e+01 4.679471323155283332e+08 5.061707791102909446e+08 8.168368637205172811e-02 3.105235944032669067e+03
5.200000000000000000e+01 4.679471323155283332e+08 4.871945652637424469e+08 4.113163992045989342e-02 3.203067001104354858e+03
5.300000000000000000e+01 4.679471323155283332e+08 4.917966391282822490e+08 5.096624205119099082e-02 1.012181859970092773e+03
5.400000000000000000e+01 4.679471323155283332e+08 5.021086335521174669e+08 7.300290754545034344e-02 1.786475868225097656e+03
5.500000000000000000e+01 4.679471323155283332e+08 5.046642866832909584e+08 7.846432178369437682e-02 3.721567526102066040e+03
5.600000000000000000e+01 4.679471323155283332e+08 4.968126541672711372e+08 6.168543379870378845e-02 1.840925490140914917e+03
5.700000000000000000e+01 4.679471323155283332e+08 5.057700538351594806e+08 8.082733904677041892e-02 8.929845830917358398e+03
5.800000000000000000e+01 4.679471323155283332e+08 4.999669889484776258e+08 6.842622685709479069e-02 3.017020597934722900e+03
5.900000000000000000e+01 4.679471323155283332e+08 4.900408263937734365e+08 4.721408157566766434e-02 8.301066448688507080e+02
6.000000000000000000e+01 4.679471323155283332e+08 4.986748133683258295e+08 6.566485598650570465e-02 4.635761749029159546e+03
6.100000000000000000e+01 4.679471323155283332e+08 4.917514308752126098e+08 5.086963230631247335e-02 4.072271867036819458e+03
6.200000000000000000e+01 4.679471323155283332e+08 5.058767937525200248e+08 8.105544156089923569e-02 5.301720888137817383e+03
6.300000000000000000e+01 4.679471323155283332e+08 5.055739257296881080e+08 8.040821455187101285e-02 7.822377729415893555e+02
6.400000000000000000e+01 4.679471323155283332e+08 5.042896068305732608e+08 7.766363335792354772e-02 4.351254930496215820e+02
6.500000000000000000e+01 4.679471323155283332e+08 4.957737341442058086e+08 5.946526841821631049e-02 1.021045197963714600e+03
6.600000000000000000e+01 4.679471323155283332e+08 5.078694860238924026e+08 8.531381207705562852e-02 1.981612627983093262e+03
6.700000000000000000e+01 4.679471323155283332e+08 5.027912863346105814e+08 7.446173213342284491e-02 3.212465775012969971e+03
6.800000000000000000e+01 4.679471323155283332e+08 4.921154126409621835e+08 5.164745898931508844e-02 8.446046159267425537e+02
6.900000000000000000e+01 4.679471323155283332e+08 4.966253864995332956e+08 6.128524400202485511e-02 2.091630607128143311e+03
7.000000000000000000e+01 4.679471323155283332e+08 4.959065926956657171e+08 5.974918628475496540e-02 1.374240523099899292e+03
7.100000000000000000e+01 4.679471323155283332e+08 5.026589114378508329e+08 7.417884783385524095e-02 3.278001507997512817e+03
7.200000000000000000e+01 4.679471323155283332e+08 5.098914485203453302e+08 8.963473287519731214e-02 2.384692703008651733e+03
7.300000000000000000e+01 4.679471323155283332e+08 5.215009208991897702e+08 1.144441003808761015e-01 2.740181214094161987e+03
7.400000000000000000e+01 4.679471323155283332e+08 4.992922525991548896e+08 6.698431963568718395e-02 1.375190441846847534e+03
7.500000000000000000e+01 4.679471323155283332e+08 5.045533065771532655e+08 7.822715801352971010e-02 1.937013921022415161e+03
7.600000000000000000e+01 4.679471323155283332e+08 5.128828604944024086e+08 9.602736094678046563e-02 6.990437428951263428e+02
7.700000000000000000e+01 4.679471323155283332e+08 4.960056765602762103e+08 5.996092786359571991e-02 1.555280550003051758e+03
7.800000000000000000e+01 4.679471323155283332e+08 5.099339487436038852e+08 8.972555557785659441e-02 6.514590394973754883e+03
7.900000000000000000e+01 4.679471323155283332e+08 4.888325156135754585e+08 4.463192924102479114e-02 1.475156275033950806e+03
8.000000000000000000e+01 4.679471323155283332e+08 4.966986278679190874e+08 6.144176033331076592e-02 1.762119524002075195e+03
8.100000000000000000e+01 4.679471323155283332e+08 5.015276040933718681e+08 7.176125134409591655e-02 2.230953325033187866e+03
8.200000000000000000e+01 4.679471323155283332e+08 4.965414762649121881e+08 6.110592837248803727e-02 2.035384908914566040e+03
8.300000000000000000e+01 4.679471323155283332e+08 5.037829229795489907e+08 7.658085324018447382e-02 4.390654053926467896e+03
8.400000000000000000e+01 4.679471323155283332e+08 4.868076792820343971e+08 4.030486707585748812e-02 1.793752191066741943e+03
8.500000000000000000e+01 4.679471323155283332e+08 4.944248304938860536e+08 5.658267002799855644e-02 1.626894697904586792e+03
8.600000000000000000e+01 4.679471323155283332e+08 5.072511242951883674e+08 8.399237705587232761e-02 3.061945517063140869e+03
8.700000000000000000e+01 4.679471323155283332e+08 4.949402230760474205e+08 5.768406064794116828e-02 1.109240455150604248e+03
8.800000000000000000e+01 4.679471323155283332e+08 5.018825066270453930e+08 7.251967576678094995e-02 1.172041967153549194e+03
8.900000000000000000e+01 4.679471323155283332e+08 4.955671172809905410e+08 5.902372951574912097e-02 3.552251395940780640e+03
9.000000000000000000e+01 4.679471323155283332e+08 4.991828896899914145e+08 6.675061180501341840e-02 4.075696771860122681e+03
9.100000000000000000e+01 4.679471323155283332e+08 5.049459262698599696e+08 7.906618376151093586e-02 1.223838075876235962e+03
9.200000000000000000e+01 4.679471323155283332e+08 4.951526557518087626e+08 5.813802790426383926e-02 1.044059798955917358e+03
9.300000000000000000e+01 4.679471323155283332e+08 5.057653339976710677e+08 8.081725278453592842e-02 5.753673635005950928e+03
9.400000000000000000e+01 4.679471323155283332e+08 5.118749441606523991e+08 9.387345025015418620e-02 2.252598807096481323e+03
9.500000000000000000e+01 4.679471323155283332e+08 5.084081607201357484e+08 8.646495642444769480e-02 4.702928651094436646e+03
9.600000000000000000e+01 4.679471323155283332e+08 4.936963798971530199e+08 5.502597580673372624e-02 2.363789695024490356e+03
9.700000000000000000e+01 4.679471323155283332e+08 4.883017406330611706e+08 4.349766653513348347e-02 2.100840113162994385e+03
9.800000000000000000e+01 4.679471323155283332e+08 5.087167063881310225e+08 8.712431652452674868e-02 1.384469189167022705e+03
9.900000000000000000e+01 4.679471323155283332e+08 4.994449501347331405e+08 6.731063328317694883e-02 2.305582540035247803e+03
1.000000000000000000e+02 4.679471323155283332e+08 5.044713443746321797e+08 7.805200531601126646e-02 5.798551364898681641e+03
1.010000000000000000e+02 4.679471323155283332e+08 4.982572939004037380e+08 6.477261957967894723e-02 7.476715619087219238e+03
1.020000000000000000e+02 4.679471323155283332e+08 5.023840654771745205e+08 7.359150379070168724e-02 3.142540518999099731e+03
1.030000000000000000e+02 4.679471323155283332e+08 4.901484886671437025e+08 4.744415515863316390e-02 1.599045055866241455e+03
1.040000000000000000e+02 4.679471323155283332e+08 5.073789278363816738e+08 8.426549239811387260e-02 2.879543931961059570e+03
1.050000000000000000e+02 4.679471323155283332e+08 4.995538647382966280e+08 6.754338308767847410e-02 1.556886548995971680e+03
1.060000000000000000e+02 4.679471323155283332e+08 5.024351915429567099e+08 7.370075986313277816e-02 3.410332002162933350e+03
1.070000000000000000e+02 4.679471323155283332e+08 5.191247450491289496e+08 1.093662279333992710e-01 2.183763202905654907e+03
1.080000000000000000e+02 4.679471323155283332e+08 5.095421225345375538e+08 8.888822549929094319e-02 3.345748430967330933e+03
1.090000000000000000e+02 4.679471323155283332e+08 4.874643076875219345e+08 4.170807773822091113e-02 1.079127157926559448e+03
1.100000000000000000e+02 4.679471323155283332e+08 4.834227030785450339e+08 3.307119478740987856e-02 9.498602309226989746e+02
1.110000000000000000e+02 4.679471323155283332e+08 5.038430461881465316e+08 7.670933614871311423e-02 2.551551582098007202e+03
1.120000000000000000e+02 4.679471323155283332e+08 4.981144473457623720e+08 6.446735741483881899e-02 1.420708507061004639e+03
1.130000000000000000e+02 4.679471323155283332e+08 5.060262794871892929e+08 8.137489161058662768e-02 2.156970981121063232e+03
1.140000000000000000e+02 4.679471323155283332e+08 5.089081854054622650e+08 8.753350594809208851e-02 1.830996008872985840e+03
1.150000000000000000e+02 4.679471323155283332e+08 4.994081893871487975e+08 6.723207580297091424e-02 1.684606742143630981e+03
1.160000000000000000e+02 4.679471323155283332e+08 4.918390786047664285e+08 5.105693493838570074e-02 3.698638540983200073e+03
1.170000000000000000e+02 4.679471323155283332e+08 5.030221052214468122e+08 7.495499060408400416e-02 4.601693470478057861e+02
1.180000000000000000e+02 4.679471323155283332e+08 4.834909301848964691e+08 3.321699567310786028e-02 1.317914978981018066e+03
1.190000000000000000e+02 4.679471323155283332e+08 5.048760287868264318e+08 7.891681329162972269e-02 1.772599836111068726e+03
1.200000000000000000e+02 4.679471323155283332e+08 4.968645459729956985e+08 6.179632625244698557e-02 1.779399165153503418e+03
1.210000000000000000e+02 4.679471323155283332e+08 5.064946360854491591e+08 8.237576663666557053e-02 1.347222165822982788e+03
1.220000000000000000e+02 4.679471323155283332e+08 5.008366088153578639e+08 7.028459889706674402e-02 2.768258449077606201e+03
1.230000000000000000e+02 4.679471323155283332e+08 4.821504826026272178e+08 3.035246784570916345e-02 2.691915081977844238e+03
1.240000000000000000e+02 4.679471323155283332e+08 5.026686504316815138e+08 7.419966000078206947e-02 1.721558647871017456e+03
1.250000000000000000e+02 4.679471323155283332e+08 4.978054471241068244e+08 6.380702593652302912e-02 8.012979569435119629e+02
1.260000000000000000e+02 4.679471323155283332e+08 5.011110769747977257e+08 7.087113558141765191e-02 2.356718299150466919e+03
1.270000000000000000e+02 4.679471323155283332e+08 4.907961386750541925e+08 4.882817904335224474e-02 1.336350328922271729e+03
1.280000000000000000e+02 4.679471323155283332e+08 4.898987901001964808e+08 4.691055093348994037e-02 1.808875819206237793e+03
1.290000000000000000e+02 4.679471323155283332e+08 4.924929127057023048e+08 5.245417418996638909e-02 9.074581367969512939e+02
1.300000000000000000e+02 4.679471323155283332e+08 4.987135007995853424e+08 6.574753077728404116e-02 1.949843946218490601e+03
1.310000000000000000e+02 4.679471323155283332e+08 4.955110208647735119e+08 5.890385183653469581e-02 7.009033279418945312e+02
1.320000000000000000e+02 4.679471323155283332e+08 4.980123681757920384e+08 6.424921488778620460e-02 1.440335962057113647e+03
1.330000000000000000e+02 4.679471323155283332e+08 4.981301667998719215e+08 6.450094978676290669e-02 3.118109997987747192e+03
1.340000000000000000e+02 4.679471323155283332e+08 5.019220625181421638e+08 7.260420645062345968e-02 2.484256204128265381e+03
1.350000000000000000e+02 4.679471323155283332e+08 4.987571672869367599e+08 6.584084577877864775e-02 1.088381087064743042e+03
1.360000000000000000e+02 4.679471323155283332e+08 5.035299511573945880e+08 7.604025408980047418e-02 2.048503201961517334e+03
1.370000000000000000e+02 4.679471323155283332e+08 4.983362338264929652e+08 6.494131369197879422e-02 1.447348759889602661e+03
1.380000000000000000e+02 4.679471323155283332e+08 5.007954304573117495e+08 7.019660101183054779e-02 2.375241644859313965e+03
1.390000000000000000e+02 4.679471323155283332e+08 5.038277851685194373e+08 7.667672344831771847e-02 4.156096948146820068e+03
1.400000000000000000e+02 4.679471323155283332e+08 4.960460470738953352e+08 6.004719939050809363e-02 2.246251347064971924e+03
1.410000000000000000e+02 4.679471323155283332e+08 4.948056731671342850e+08 5.739652836144686771e-02 9.787127950191497803e+02
1.420000000000000000e+02 4.679471323155283332e+08 4.944369695948033333e+08 5.660861120827080650e-02 2.084775101184844971e+03
1.430000000000000000e+02 4.679471323155283332e+08 4.954368095418334603e+08 5.874526271862978710e-02 1.657495933055877686e+03
1.440000000000000000e+02 4.679471323155283332e+08 5.025819349061882496e+08 7.401434948276655601e-02 3.081103741884231567e+03
1.450000000000000000e+02 4.679471323155283332e+08 4.992754235439466834e+08 6.694835605338050888e-02 2.221966840982437134e+03
1.460000000000000000e+02 4.679471323155283332e+08 5.074392638756188154e+08 8.439443012434499902e-02 1.694112148046493530e+03
1.470000000000000000e+02 4.679471323155283332e+08 4.918282929347673059e+08 5.103388603124580508e-02 4.314307806015014648e+03
1.480000000000000000e+02 4.679471323155283332e+08 4.943219460644846559e+08 5.636280666674170492e-02 7.153453199863433838e+02
1.490000000000000000e+02 4.679471323155283332e+08 5.086001653675951362e+08 8.687526911620262193e-02 4.075650129079818726e+03
1.500000000000000000e+02 4.679471323155283332e+08 4.995641568260634542e+08 6.756537721277525166e-02 1.236666521072387695e+03
1.510000000000000000e+02 4.679471323155283332e+08 5.133942805854811668e+08 9.712026237893181535e-02 2.591595726013183594e+03
1.520000000000000000e+02 4.679471323155283332e+08 4.947695296869559884e+08 5.731928997770157491e-02 2.564170437097549438e+03
1.530000000000000000e+02 4.679471323155283332e+08 4.994642002897722721e+08 6.735177074018812438e-02 1.410313050985336304e+03
1.540000000000000000e+02 4.679471323155283332e+08 4.988916044232305884e+08 6.612813707091372284e-02 4.098213289022445679e+03
1.550000000000000000e+02 4.679471323155283332e+08 4.840336342375411391e+08 3.437675072911006852e-02 1.626207041025161743e+03
1.560000000000000000e+02 4.679471323155283332e+08 5.033934109339418411e+08 7.574846851398743530e-02 2.483097747802734375e+03
1.570000000000000000e+02 4.679471323155283332e+08 5.091878414797874093e+08 8.813112917305197802e-02 7.044741990566253662e+02
1.580000000000000000e+02 4.679471323155283332e+08 5.076476748556896448e+08 8.483980304294705399e-02 5.297374750852584839e+03
1.590000000000000000e+02 4.679471323155283332e+08 5.165119360650714636e+08 1.037826720066247904e-01 4.643484163999557495e+03
1.600000000000000000e+02 4.679471323155283332e+08 4.989487608391686678e+08 6.625027996268709196e-02 1.933438428878784180e+03
1.610000000000000000e+02 4.679471323155283332e+08 4.958289202102249861e+08 5.958320068493648536e-02 1.708183894157409668e+03
1.620000000000000000e+02 4.679471323155283332e+08 5.043359613885598779e+08 7.776269274900740602e-02 1.221567209959030151e+03
1.630000000000000000e+02 4.679471323155283332e+08 5.081425337804597020e+08 8.589731336964008535e-02 3.354043483018875122e+03
1.640000000000000000e+02 4.679471323155283332e+08 5.097978890954248905e+08 8.943479698830025804e-02 2.629854167938232422e+03
1.650000000000000000e+02 4.679471323155283332e+08 4.985203835104063749e+08 6.533484037735923233e-02 4.432832884788513184e+03
1.660000000000000000e+02 4.679471323155283332e+08 4.969400980970230699e+08 6.195778065361730313e-02 1.197269729137420654e+03
1.670000000000000000e+02 4.679471323155283332e+08 4.907415036610619426e+08 4.871142437125520336e-02 1.110035124063491821e+03
1.680000000000000000e+02 4.679471323155283332e+08 4.991136428166959882e+08 6.660263168394124633e-02 9.707398223876953125e+03
1.690000000000000000e+02 4.679471323155283332e+08 5.117267564449148774e+08 9.355677405854199991e-02 1.773502357006072998e+03
1.700000000000000000e+02 4.679471323155283332e+08 4.921074624999219179e+08 5.163046958924989716e-02 1.119721443891525269e+03
1.710000000000000000e+02 4.679471323155283332e+08 4.989335950713880062e+08 6.621787081487243154e-02 9.820190770626068115e+02
1.720000000000000000e+02 4.679471323155283332e+08 4.926372177060854435e+08 5.276255304393879381e-02 1.952208045959472656e+03
1.730000000000000000e+02 4.679471323155283332e+08 5.008954130576167703e+08 7.041026318304693943e-02 9.184558551311492920e+02
1.740000000000000000e+02 4.679471323155283332e+08 4.977383463947209716e+08 6.366363211112693876e-02 8.584381029605865479e+02
1.750000000000000000e+02 4.679471323155283332e+08 4.900808118487884402e+08 4.729953023482953017e-02 1.413263266086578369e+03
1.760000000000000000e+02 4.679471323155283332e+08 5.120932722486203909e+08 9.434001596429296421e-02 2.993259124040603638e+03
1.770000000000000000e+02 4.679471323155283332e+08 5.070605571774163842e+08 8.358513635577656531e-02 1.724849358797073364e+03
1.780000000000000000e+02 4.679471323155283332e+08 5.028682406188573837e+08 7.462618294192767399e-02 3.411101395130157471e+03
1.790000000000000000e+02 4.679471323155283332e+08 5.085771230983871222e+08 8.682602793570004529e-02 2.163165205001831055e+03
1.800000000000000000e+02 4.679471323155283332e+08 5.004186788452016115e+08 6.939148524961639974e-02 1.887297630071640015e+03
1.810000000000000000e+02 4.679471323155283332e+08 4.990080958209107518e+08 6.637707843551560183e-02 7.822199778556823730e+02
1.820000000000000000e+02 4.679471323155283332e+08 5.011553260999058485e+08 7.096569567603595863e-02 8.429170739650726318e+02
1.830000000000000000e+02 4.679471323155283332e+08 4.961571569642457962e+08 6.028464050869736246e-02 1.263472926139831543e+03
1.840000000000000000e+02 4.679471323155283332e+08 4.953810032414228320e+08 5.862600501502022998e-02 1.927886477947235107e+03
1.850000000000000000e+02 4.679471323155283332e+08 4.956841241882836819e+08 5.927377252106504069e-02 8.597975809574127197e+02
1.860000000000000000e+02 4.679471323155283332e+08 4.994200891829256415e+08 6.725750558970336468e-02 1.434328199863433838e+03
1.870000000000000000e+02 4.679471323155283332e+08 5.055589763521159291e+08 8.037626782853453389e-02 6.337444542884826660e+03
1.880000000000000000e+02 4.679471323155283332e+08 5.058725289342947602e+08 8.104632767189182130e-02 2.263319850921630859e+03
1.890000000000000000e+02 4.679471323155283332e+08 5.023916733618264794e+08 7.360776179107517136e-02 5.951361995935440063e+03
1.900000000000000000e+02 4.679471323155283332e+08 5.023871681674720049e+08 7.359813421983185666e-02 1.058316473007202148e+03
1.910000000000000000e+02 4.679471323155283332e+08 5.082305379038096666e+08 8.608537761295427526e-02 1.326120284080505371e+03
1.920000000000000000e+02 4.679471323155283332e+08 4.986651716681976318e+08 6.564425173559280957e-02 3.844373940944671631e+03
1.930000000000000000e+02 4.679471323155283332e+08 5.125788695831606388e+08 9.537773433247140331e-02 2.642173981904983521e+03
1.940000000000000000e+02 4.679471323155283332e+08 5.045401898220161796e+08 7.819912759250291501e-02 1.117543699026107788e+03
1.950000000000000000e+02 4.679471323155283332e+08 4.977897956108539104e+08 6.377357875377086260e-02 6.685444099903106689e+02
1.960000000000000000e+02 4.679471323155283332e+08 5.075159910934932828e+08 8.455839569347842199e-02 1.289845748901367188e+03
1.970000000000000000e+02 4.679471323155283332e+08 4.979321322023911476e+08 6.407775113075053763e-02 1.834900818109512329e+03
1.980000000000000000e+02 4.679471323155283332e+08 5.107198097287024260e+08 9.140493542833220963e-02 3.854548881053924561e+03
1.990000000000000000e+02 4.679471323155283332e+08 5.033630891850381494e+08 7.568367113238226584e-02 1.926523233890533447e+03
