# turbine row, NPA power, NPA power w/SM, our power, our power w/SM (1 rotor pts, 2016 model)
1.730000000000000000e+02 4.980485296610303592e-01 5.005150946520187105e-01 5.495171431682890351e-01 5.517336818983525903e-01
1.739045226130653248e+02 5.071247051584060195e-01 5.093976492028955416e-01 5.574961346169829968e-01 5.595314209747780376e-01
1.748090452261306496e+02 5.339643536424527603e-01 5.357442959592986220e-01 5.809542682161630278e-01 5.825302294684113757e-01
1.757135678391959743e+02 5.754083722128864320e-01 5.765335447127213353e-01 6.168838633227026191e-01 6.178665321232644780e-01
1.766180904522612991e+02 6.264440325740264770e-01 6.269666800673299178e-01 6.609355323314585196e-01 6.613866916070005875e-01
1.775226130653266239e+02 6.804004814694748493e-01 6.805812032244095144e-01 7.076357212676572805e-01 7.077910778928326874e-01
1.784271356783919487e+02 7.337436566815664918e-01 7.336248302560183232e-01 7.542601082144256841e-01 7.541547557686352210e-01
1.793316582914572734e+02 7.841296521528418051e-01 7.838539299676992034e-01 7.989613523115483007e-01 7.987122732731997132e-01
1.802361809045226266e+02 8.309708200037279058e-01 8.306076249759620778e-01 8.412447575668727806e-01 8.409068371849754975e-01
1.811407035175879514e+02 8.794455339004753069e-01 8.792171074332256753e-01 8.857494167634172300e-01 8.855251158240747822e-01
1.820452261306532762e+02 9.123072528317763830e-01 9.123890776936146585e-01 9.165710120669851024e-01 9.166305293482529537e-01
1.829497487437186010e+02 9.243934637898527651e-01 9.243790914580284346e-01 9.282223853893525334e-01 9.281847486942043091e-01
1.838542713567839257e+02 9.251511746728220409e-01 9.257489497734509021e-01 9.291953945311230978e-01 9.297025000003801276e-01
1.847587939698492505e+02 9.230027034169659972e-01 9.243371609892651053e-01 9.272999687141583181e-01 9.284855281029483764e-01
1.856633165829145753e+02 9.188747628655369315e-01 9.206929069614778749e-01 9.234945169539672261e-01 9.251286313227752300e-01
1.865678391959799001e+02 9.148143921727789341e-01 9.164940556946895578e-01 9.196957263668050775e-01 9.212126827446186494e-01
1.874723618090452248e+02 9.123399716477698096e-01 9.139058114000363497e-01 9.172939548960170608e-01 9.187112636142086286e-01
1.883768844221105496e+02 9.086928241365358483e-01 9.099841593184421207e-01 9.138083446599664095e-01 9.149812102030604466e-01
1.892814070351758744e+02 9.018774529481383695e-01 9.032823956033417812e-01 9.074592733595108207e-01 9.087388202518444924e-01
1.901859296482411992e+02 8.938480008823714851e-01 8.956963831612168025e-01 9.000739253180570776e-01 9.017531687358426584e-01
1.910904522613065240e+02 8.869583308692070567e-01 8.893646070389702452e-01 8.937932829158212744e-01 8.959708866375654113e-01
1.919949748743718487e+02 8.840576808855096225e-01 8.867358291586360242e-01 8.911549326573059426e-01 8.935746227687045851e-01
1.928994974874372019e+02 8.863324056856511923e-01 8.887421520107445794e-01 8.932030768255897479e-01 8.953830331395538078e-01
1.938040201005024983e+02 8.920728417571404112e-01 8.937023395547072369e-01 8.984096733749815655e-01 8.998848776621405365e-01
1.947085427135678515e+02 8.974476542439435711e-01 8.980652807017517336e-01 9.032856420019974575e-01 9.038386335110371039e-01
1.956130653266331763e+02 8.971664823106046960e-01 8.973751872711746014e-01 9.029258102538797459e-01 9.030978846149416706e-01
1.965175879396985010e+02 8.891213871975108818e-01 8.893399431999089444e-01 8.953892614622319668e-01 8.955753255199937479e-01
1.974221105527638258e+02 8.732646514416356753e-01 8.737242206479161055e-01 8.807596921651211774e-01 8.811753701928994875e-01
1.983266331658291506e+02 8.510619806797423692e-01 8.524326190926414526e-01 8.605854117474206477e-01 8.618205249152484093e-01
1.992311557788944754e+02 8.287686938395267822e-01 8.312832102561430458e-01 8.406116111690832282e-01 8.428496208999005646e-01
2.001356783919598001e+02 8.130097779336408204e-01 8.164330765321043959e-01 8.266342720364919794e-01 8.296573828762257019e-01
2.010402010050251249e+02 8.089789085215880471e-01 8.126660023253661214e-01 8.230761374180354251e-01 8.263261811519477806e-01
2.019447236180904497e+02 8.180379995111483060e-01 8.211793176042327946e-01 8.310861374360466458e-01 8.338662784070473011e-01
2.028492462311557745e+02 8.370937917976928322e-01 8.391677750802504221e-01 8.480497547482879206e-01 8.499031726984436208e-01
2.037537688442210992e+02 8.600753571102738304e-01 8.610580040391982992e-01 8.687518761241829202e-01 8.696408081933638679e-01
2.046582914572864240e+02 8.806326650876861173e-01 8.809973968651585441e-01 8.875417839326144032e-01 8.878697680575563522e-01
2.055628140703517488e+02 8.936801672572265431e-01 8.939541325779817305e-01 8.996710404636832914e-01 8.999077243920978741e-01
2.064673366834171020e+02 9.002352410171423625e-01 9.007609500884481424e-01 9.059020611309543947e-01 9.063657494593337915e-01
2.073718592964823983e+02 9.013437962144567051e-01 9.024318537534473661e-01 9.070884620752535099e-01 9.080677636177225676e-01
2.082763819095477515e+02 9.008460903781976281e-01 9.028008354833725324e-01 9.067300304267785771e-01 9.084947217881900183e-01
2.091809045226130763e+02 9.024394252918770398e-01 9.045276713834162763e-01 9.082260371761590179e-01 9.101159171437016582e-01
2.100854271356784011e+02 9.065801833685525057e-01 9.083901301300397746e-01 9.120301283976384177e-01 9.136707182935055460e-01
2.109899497487437259e+02 9.118927920091414174e-01 9.132332278590838959e-01 9.169254310091475846e-01 9.181352406664960997e-01
2.118944723618090507e+02 9.158817375842279729e-01 9.167303692604701348e-01 9.206192252536552489e-01 9.213667513256575958e-01
2.127989949748743754e+02 9.165884341204724173e-01 9.166632717154634680e-01 9.212083259596884899e-01 9.212432050435077624e-01
2.137035175879397002e+02 9.119281540617656390e-01 9.117261442048731901e-01 9.166370864560031695e-01 9.164236887571286516e-01
2.146080402010050250e+02 8.909788734893376860e-01 8.905148629591931320e-01 8.969339432331870920e-01 8.964830316777625541e-01
2.155125628140703498e+02 8.601071529757194911e-01 8.597459243650692473e-01 8.683587906585112925e-01 8.680159189803148267e-01
2.164170854271356745e+02 8.254586686746684387e-01 8.253875920007233136e-01 8.367909039902740043e-01 8.367234092138514656e-01
2.173216080402009993e+02 7.857072423499757985e-01 7.861003903507627344e-01 8.012149676662718711e-01 8.015616616902185854e-01
2.182261306532663241e+02 7.415947162800979875e-01 7.427189606867115046e-01 7.623646542796259640e-01 7.633421075556061641e-01
2.191306532663316489e+02 6.986139162805395930e-01 7.008107751174202926e-01 7.249612384948768140e-01 7.268583844947325012e-01
2.200351758793970021e+02 6.640925509057963305e-01 6.673004001918629857e-01 6.951038608779790406e-01 6.978721483061016695e-01
2.209396984924622984e+02 6.441237337306870980e-01 6.479491754861671504e-01 6.778605747457677744e-01 6.811665625002122360e-01
2.218442211055276516e+02 6.423189705726491949e-01 6.462350396245031270e-01 6.763043499352301424e-01 6.796880316170579306e-01
2.227487437185929764e+02 6.589561925443156998e-01 6.623113827275088905e-01 6.906683518609106898e-01 6.935626756867485643e-01
2.236532663316583012e+02 6.909084771232814060e-01 6.932441158234867729e-01 7.182779217913181080e-01 7.202945204351179909e-01
2.245577889447236259e+02 7.323430780520652217e-01 7.335530252553899011e-01 7.542743997606271567e-01 7.553272262175235729e-01
2.254623115577889507e+02 7.757582140191100484e-01 7.762669482286839173e-01 7.924200648134734903e-01 7.928700649715821891e-01
2.263668341708542755e+02 8.151146475236458189e-01 8.151066551429358986e-01 8.275393829205539564e-01 8.275292917184871033e-01
2.272713567839196003e+02 8.500969225345805791e-01 8.497445869095667792e-01 8.592908102786108726e-01 8.589580066048072560e-01
2.281758793969849251e+02 8.802150392061902640e-01 8.797412929825564332e-01 8.870797137645598518e-01 8.866219711294078820e-01
2.290804020100502498e+02 9.027807535097506220e-01 9.025943580891226947e-01 9.081869139672222868e-01 9.079884568719849280e-01
2.299849246231155746e+02 9.096368378494216200e-01 9.096345605927710354e-01 9.147659718057322698e-01 9.147313351123268488e-01
2.308894472361808994e+02 9.098228469066445001e-01 9.105096631607633162e-01 9.149970583293561832e-01 9.155961846617487465e-01
2.317939698492462242e+02 9.060465329863722772e-01 9.072369991609569029e-01 9.114983159249787636e-01 9.125709218731641315e-01
2.326984924623115489e+02 9.004319244660130561e-01 9.020956598772321700e-01 9.063214976597756545e-01 9.078296430276546758e-01
2.336030150753769021e+02 8.955198023661414819e-01 8.975002384601183936e-01 9.018141568434315802e-01 9.036063856316208787e-01
2.345075376884421985e+02 8.929296830480480951e-01 8.948731177712372364e-01 8.994169792423478693e-01 9.011705373705884980e-01
2.354120603015075517e+02 8.926349381874272293e-01 8.937825461174737640e-01 8.990629241097397584e-01 9.000952906823882493e-01
2.363165829145728765e+02 8.918680326856583962e-01 8.924348401957054033e-01 8.981976751645788237e-01 8.986990376806742731e-01
2.372211055276382012e+02 8.861438026820243063e-01 8.864461412818466224e-01 8.927367100765455366e-01 8.929980704803694991e-01
2.381256281407035260e+02 8.740426126817661956e-01 8.744388414807202636e-01 8.814749605627063556e-01 8.818290643417949770e-01
2.390301507537688508e+02 8.548314085797316109e-01 8.556136146146882115e-01 8.638875062878907940e-01 8.645955515137578873e-01
2.399346733668341756e+02 8.324049650123670485e-01 8.341013660873830560e-01 8.436470506864731655e-01 8.451663189711938751e-01
2.408391959798995003e+02 8.126415556809705176e-01 8.153130238610676317e-01 8.260243669275394440e-01 8.283919594759385774e-01
2.417437185929648251e+02 8.014230413582493773e-01 8.047000148907194061e-01 8.160949959656744745e-01 8.189842232394070054e-01
2.426482412060301499e+02 8.023001719931651676e-01 8.054983705619315204e-01 8.168646328252137101e-01 8.196863084923988740e-01
2.435527638190954747e+02 8.148097810064020008e-01 8.172912837752799309e-01 8.279394479198692869e-01 8.301431119506694767e-01
2.444572864321607994e+02 8.346657500198109148e-01 8.361406805556754751e-01 8.456751234418429242e-01 8.469995038426760825e-01
2.453618090452261526e+02 8.557322489699175083e-01 8.563453542354170223e-01 8.647348901027742674e-01 8.652884403913472244e-01
2.462663316582914490e+02 8.717659083969183653e-01 8.721424589577618791e-01 8.794480501516919180e-01 8.797771745305005275e-01
2.471708542713568022e+02 8.806607328570382753e-01 8.808977426124264820e-01 8.877068148754960752e-01 8.879049502835488772e-01
2.480753768844220986e+02 8.821870458083587163e-01 8.827419710981700973e-01 8.891783490768335740e-01 8.896727533813544309e-01
2.489798994974874518e+02 8.779582671646741776e-01 8.792782117596644742e-01 8.853310158244227512e-01 8.865258002774351054e-01
2.498844221105527481e+02 8.722574517436789687e-01 8.743509856327070784e-01 8.801490797959631296e-01 8.820431476374023250e-01
2.507889447236181013e+02 8.689256800717739537e-01 8.713759336062201211e-01 8.771407351068106761e-01 8.793527758278447681e-01
2.516934673366834261e+02 8.700569357751303246e-01 8.724118579980587596e-01 8.781755798922661338e-01 8.803017844896199318e-01
2.525979899497487509e+02 8.751719168288957240e-01 8.771390667354271864e-01 8.828313546505920373e-01 8.846111376115078917e-01
2.535025125628140756e+02 8.820531954746470005e-01 8.836335531238429519e-01 8.891356935659034955e-01 8.905678037035490435e-01
2.544070351758794004e+02 8.886194689811875991e-01 8.900310359169026908e-01 8.952049615919177583e-01 8.964829615732868850e-01
2.553115577889447252e+02 8.925643960859944714e-01 8.940879942332814467e-01 8.989164724916256510e-01 9.002933445012399893e-01
2.562160804020100500e+02 8.955749543668998225e-01 8.970627716803313279e-01 9.017584119713346613e-01 9.031016744263777873e-01
2.571206030150754032e+02 8.987442631382251967e-01 9.004865849917289555e-01 9.047217244502469002e-01 9.062889735657944090e-01
2.580251256281406995e+02 9.014734215565338715e-01 9.030677414922425594e-01 9.072495626924768075e-01 9.086735545334096997e-01
2.589296482412060527e+02 9.020001818781059333e-01 9.032006360412518919e-01 9.077070317677479183e-01 9.087620344155217245e-01
2.598341708542713491e+02 8.997683733236329084e-01 9.001169780637243711e-01 9.054933647704255240e-01 9.057829254197322655e-01
2.607386934673367023e+02 8.916006689761880599e-01 8.917270639600760607e-01 8.975840944666759746e-01 8.976883212659646505e-01
2.616432160804019986e+02 8.669456337705591098e-01 8.669052815894682240e-01 8.743567173739020815e-01 8.743068531308594293e-01
2.625477386934673518e+02 8.192930298407464784e-01 8.191963136092054176e-01 8.306682013689626887e-01 8.305692712148214918e-01
2.634522613065326482e+02 7.741429786623956755e-01 7.741152951238270408e-01 7.899123837312168606e-01 7.898811427430929566e-01
2.643567839195980014e+02 7.262800774126070280e-01 7.262768811537779756e-01 7.474149700415632092e-01 7.474101223068656541e-01
2.652613065326632977e+02 6.750174365918828467e-01 6.751357723279947098e-01 7.025532815556307931e-01 7.026552419096629976e-01
2.661658291457286509e+02 6.230190932124027858e-01 6.232795391611306579e-01 6.575106808784391133e-01 6.577347605582074541e-01
2.670703517587940041e+02 5.726716983606227052e-01 5.733389569844383749e-01 6.140671045111308901e-01 6.146477875189899631e-01
2.679748743718593005e+02 5.303407670150406261e-01 5.315052501882627789e-01 5.774378590753229679e-01 5.784652866589558018e-01
2.688793969849245968e+02 5.009571683224371963e-01 5.025452635943551405e-01 5.518317156823919767e-01 5.532503764349685493e-01
2.697839195979899500e+02 4.880291014712529463e-01 4.898221825386899209e-01 5.404986783884756507e-01 5.421098311600174302e-01
2.706884422110553032e+02 4.930561021810572209e-01 4.947620802369668280e-01 5.449262786824726756e-01 5.464538100926050745e-01
2.715929648241205996e+02 5.154296780759233254e-01 5.168017517314309472e-01 5.644940395176943904e-01 5.657087143661424511e-01
2.724974874371859528e+02 5.524451248025119554e-01 5.533190732259477551e-01 5.966084474972274121e-01 5.973713129222146812e-01
2.734020100502512491e+02 5.996041989003206840e-01 6.000263507081503578e-01 6.373077241396496451e-01 6.376720194901223104e-01
2.743065326633166023e+02 6.508980022308568092e-01 6.510902736798525048e-01 6.816208983473893701e-01 6.817867734443711081e-01
2.752110552763818987e+02 7.021836384451787261e-01 7.021985213912438351e-01 7.262704728319151481e-01 7.262826424376799261e-01
2.761155778894472519e+02 7.514393066971245538e-01 7.513802272345824207e-01 7.697067603085329113e-01 7.696502194359623461e-01
2.770201005025125482e+02 7.965780684838015269e-01 7.964866477422248847e-01 8.101403810096914349e-01 8.100479978814596471e-01
2.779246231155779014e+02 8.432328644823305908e-01 8.431757413527007916e-01 8.525824499673744228e-01 8.525150389015884178e-01
2.788291457286431978e+02 8.791230646128095350e-01 8.792039572761605193e-01 8.858670645771831165e-01 8.859274309851868923e-01
2.797336683417085510e+02 8.915438590364623828e-01 8.917546707148711338e-01 8.977676743230837975e-01 8.979415058666450067e-01
2.806381909547739042e+02 8.966123048911374127e-01 8.975305098810609783e-01 9.026666586061125042e-01 9.034656701781302868e-01
2.815427135678392006e+02 8.970274671328000160e-01 8.985146225404740949e-01 9.031143614570297240e-01 9.044349124871318146e-01
2.824472361809044969e+02 8.953392385904681561e-01 8.967056684053217319e-01 9.015339228502895486e-01 9.027596198014142814e-01
2.833517587939698501e+02 8.928908178416238295e-01 8.943789494167899701e-01 8.992108838836031515e-01 9.005523517779050469e-01
2.842562814070352033e+02 8.887145961677468398e-01 8.901807278615287977e-01 8.953004455953618157e-01 8.966266333605485972e-01
2.851608040201004997e+02 8.825352111505898600e-01 8.841901172761253980e-01 8.895872942988490850e-01 8.910869162508400221e-01
2.860653266331658529e+02 8.764420701879301889e-01 8.783848984992750353e-01 8.839933515015949705e-01 8.857526637069556008e-01
2.869698492462311492e+02 8.719449427151251264e-01 8.741234409430551633e-01 8.798854690030495362e-01 8.818548572736291113e-01
2.878743718592965024e+02 8.702637878555307127e-01 8.723889391270989169e-01 8.783402838075812236e-01 8.802599319422726998e-01
2.887788944723617988e+02 8.714185680267193534e-01 8.728044317710614841e-01 8.793518548524049683e-01 8.806060122317518335e-01
2.896834170854271520e+02 8.733579861987617043e-01 8.742367213137194337e-01 8.810388616663263894e-01 8.818306157631685682e-01
2.905879396984924483e+02 8.712283425704092643e-01 8.718513206896949530e-01 8.789957996629603754e-01 8.795525337575678115e-01
2.914924623115578015e+02 8.632998006289177573e-01 8.638578546920834267e-01 8.716610813341594266e-01 8.721628498680004116e-01
2.923969849246230979e+02 8.488429574271899591e-01 8.499166437488945292e-01 8.584719277310818297e-01 8.594419161116848560e-01
2.933015075376884511e+02 8.327602039359074393e-01 8.346638039802997122e-01 8.439603196835731014e-01 8.456675562570831195e-01
2.942060301507538043e+02 8.203232824924232558e-01 8.229721998395602700e-01 8.328433491034873404e-01 8.352021188050878786e-01
2.951105527638191006e+02 8.162209532391293543e-01 8.191330713499973548e-01 8.291956510459713714e-01 8.317827573503245864e-01
2.960150753768843970e+02 8.222168486075328575e-01 8.247800114650505332e-01 8.345336263287602696e-01 8.368184646853412678e-01
2.969195979899497502e+02 8.362927844420051660e-01 8.380864671371416330e-01 8.471368763551374581e-01 8.487492324526565435e-01
2.978241206030151034e+02 8.538000432197019318e-01 8.548141698822576684e-01 8.629745042441698821e-01 8.638944389323988116e-01
2.987286432160803997e+02 8.699241932275045830e-01 8.705235086973152070e-01 8.777469448145233111e-01 8.782889154123117992e-01
2.996331658291457529e+02 8.800291773474984147e-01 8.807281360308641949e-01 8.871800877039335287e-01 8.878035826139260012e-01
3.005376884422110493e+02 8.858461707597079515e-01 8.866840578850716525e-01 8.927239459153042400e-01 8.934698188482979031e-01
3.014422110552764025e+02 8.892832683430959007e-01 8.904601433411192257e-01 8.960193678217047708e-01 8.970706547067976988e-01
3.023467336683416988e+02 8.920445177994438257e-01 8.934237405347169592e-01 8.985836705537869618e-01 8.998121266192946610e-01
3.032512562814070520e+02 8.932701322966801749e-01 8.940100755996300830e-01 8.996446890101620353e-01 9.002924412444095470e-01
3.041557788944724052e+02 8.899640234385421955e-01 8.900944222720917898e-01 8.964125862110028375e-01 8.965072834368271737e-01
3.050603015075377016e+02 8.761904600131538157e-01 8.759866037584079779e-01 8.834714454691015018e-01 8.832596743161583719e-01
3.059648241206029979e+02 8.537396386461777453e-01 8.535915778022796774e-01 8.626573544283245853e-01 8.625075815036350457e-01
3.068693467336683511e+02 8.249959465473084563e-01 8.251448484213025347e-01 8.364416611188354445e-01 8.365721085798447643e-01
3.077738693467337043e+02 7.907465052895358282e-01 7.912776375142630547e-01 8.057148524518639165e-01 8.061860138649857843e-01
3.086783919597990007e+02 7.525157036520909726e-01 7.539172326708646343e-01 7.719331634219922522e-01 7.731589243361181030e-01
3.095829145728642970e+02 7.172862244085381755e-01 7.197559874482257758e-01 7.411683652154410495e-01 7.433087483554878805e-01
3.104874371859296502e+02 6.919063909721906436e-01 6.952602521934947433e-01 7.191529555810353136e-01 7.220494779785860961e-01
3.113919597989950034e+02 6.817769609789587903e-01 6.855280004596568943e-01 7.103881188899143773e-01 7.136255208920657678e-01
3.122964824120602998e+02 6.891745412087535438e-01 6.925584625435975417e-01 7.167848324388436110e-01 7.197066951416520864e-01
3.132010050251255961e+02 7.125455945740721830e-01 7.151075628335863410e-01 7.370403866014910710e-01 7.392593670209713919e-01
3.141055276381909493e+02 7.469533115527275946e-01 7.484570672040459227e-01 7.670464680625573850e-01 7.683602242529383730e-01
3.150100502512563025e+02 7.856448838388055966e-01 7.862450633445348114e-01 8.011744670588889505e-01 8.017063228228290539e-01
3.159145728643215989e+02 8.212016079409777403e-01 8.214007652034804874e-01 8.330110580462666281e-01 8.331873316971023513e-01
3.168190954773869521e+02 8.518759810863285598e-01 8.517533618449937283e-01 8.609271219656651208e-01 8.608016832805139851e-01
3.177236180904523053e+02 8.764568125066798387e-01 8.762423010298452386e-01 8.836676681153031732e-01 8.834454069406214582e-01
3.186281407035176017e+02 8.940089580771755084e-01 8.940725501570448985e-01 9.001007786167649627e-01 9.001328332708857793e-01
3.195326633165828980e+02 8.998014252813776315e-01 9.004468419026743220e-01 9.056606429770474032e-01 9.062201888051483190e-01
3.204371859296482512e+02 9.000977677733695836e-01 9.014909530894148482e-01 9.060123911236064309e-01 9.072515377272262205e-01
3.213417085427136044e+02 8.983619074590423192e-01 8.997662936476424900e-01 9.043963519766804460e-01 9.056524024539673867e-01
3.222462311557789008e+02 8.957663075498119021e-01 8.967827139421253868e-01 9.018846071521798846e-01 9.027931117333973798e-01
3.231507537688441971e+02 8.909896399581600512e-01 8.917828450804133888e-01 8.972930777326714180e-01 8.980022199461593635e-01
3.240552763819095503e+02 8.823207243878949946e-01 8.830292801912600353e-01 8.891433242296425954e-01 8.897838536792451736e-01
3.249597989949749035e+02 8.671980667539438414e-01 8.681936680557834629e-01 8.752343115564735765e-01 8.761388984639877364e-01
3.258643216080401999e+02 8.493354040627321133e-01 8.511687132732420613e-01 8.590325057945875642e-01 8.606834838876661342e-01
3.267688442211054962e+02 8.337413089316245696e-01 8.365015956172980882e-01 8.450468416570402486e-01 8.475101936065274622e-01
3.276733668341708494e+02 8.257619027455695981e-01 8.290350243632413907e-01 8.379393777204273697e-01 8.408478274997603918e-01
3.285778894472362026e+02 8.284122320000084638e-01 8.315074137369345975e-01 8.402961479187618377e-01 8.430505701795366624e-01
3.294824120603014990e+02 8.406861953968846057e-01 8.429842141493191221e-01 8.512592747952508754e-01 8.533184246236255044e-01
3.303869346733668522e+02 8.580011562850926587e-01 8.593053786819982998e-01 8.668692140586098382e-01 8.680486057322317484e-01
3.312914572864322054e+02 8.745281638080217856e-01 8.751153777412030710e-01 8.819480315541858850e-01 8.824789065456014603e-01
3.321959798994975017e+02 8.848269761097962149e-01 8.854616652026945367e-01 8.914786840654482791e-01 8.920464114318391591e-01
3.331005025125627981e+02 8.881589360110617726e-01 8.890152095376798735e-01 8.946716277793167471e-01 8.954409268776764019e-01
3.340050251256281513e+02 8.872010851393405950e-01 8.885640842961137764e-01 8.939111437745200783e-01 8.951443630807861540e-01
3.349095477386935045e+02 8.858310133283937571e-01 8.881000508769830715e-01 8.927264443090850987e-01 8.947773725594220240e-01
3.358140703517588008e+02 8.874379543340681353e-01 8.898127484542264209e-01 8.942151946562340026e-01 8.963649378779753318e-01
3.367185929648240972e+02 8.922917647633811233e-01 8.943746788836902661e-01 8.986543384156023828e-01 9.005453010157489224e-01
3.376231155778894504e+02 8.990603997871411401e-01 9.007555775469522352e-01 9.048775863952123188e-01 9.064199086097685099e-01
3.385276381909548036e+02 9.057608939065425746e-01 9.072394378684993654e-01 9.111008515389159568e-01 9.124434703038780681e-01
3.394321608040200999e+02 9.108424552335048219e-01 9.123510968749514172e-01 9.158796575038258281e-01 9.172429684898526503e-01
3.403366834170853963e+02 9.138048376250699212e-01 9.154043083165125383e-01 9.187209465535209896e-01 9.201589788906680001e-01
3.412412060301507495e+02 9.172165129515391646e-01 9.187347053897295668e-01 9.219121123377999050e-01 9.232631436411322667e-01
3.421457286432161027e+02 9.197576841231077660e-01 9.205826980967376505e-01 9.241832443626245563e-01 9.248963982429924124e-01
3.430502512562813990e+02 9.179424452132931567e-01 9.181669331796363798e-01 9.222647283486092862e-01 9.224458710002917394e-01
3.439547738693467522e+02 9.088257243762103421e-01 9.087242504728357817e-01 9.133629635970739180e-01 9.132513333284573154e-01
3.448592964824121054e+02 8.777144771427640713e-01 8.774786153899420960e-01 8.841858508842370679e-01 8.839521826375922320e-01
3.457638190954774018e+02 8.301225933476452656e-01 8.297576978788822055e-01 8.404986187034800826e-01 8.401574662494741830e-01
3.466683417085426981e+02 7.840863470182005690e-01 7.837887659830167220e-01 7.989264673135824113e-01 7.986572768274922129e-01
3.475728643216080513e+02 7.344082245661170960e-01 7.342704322997328781e-01 7.548390994081529692e-01 7.547174778364920122e-01
3.484773869346734045e+02 6.815414761461944249e-01 6.817272227659763040e-01 7.086227000726827985e-01 7.087830589954221550e-01
3.493819095477387009e+02 6.278903938538858975e-01 6.284127519231034187e-01 6.621852977730020573e-01 6.626355589402155299e-01
3.502864321608039972e+02 5.767606119537806997e-01 5.779169712679177451e-01 6.180520877489197318e-01 6.190596715840952502e-01
3.511909547738693504e+02 5.349915119140504771e-01 5.368065175446815607e-01 5.818351321376460383e-01 5.834398083192915418e-01
3.520954773869347036e+02 5.076298472371273407e-01 5.099266810057471178e-01 5.579066769369029899e-01 5.599639446182286262e-01
3.530000000000000000e+02 4.979120258613476957e-01 5.003785596893620680e-01 5.493497983558730535e-01 5.515711969674051973e-01
