# turbine row, NPA power, NPA power w/SM, our power, our power w/SM (100 rotor pts, 2016 model)
1.730000000000000000e+02 5.437324227918487463e-01 5.597611624746174908e-01 5.912516703133514628e-01 6.050985054309540034e-01
1.739045226130653248e+02 5.518694712774125932e-01 5.671576343237889617e-01 5.982830222120545383e-01 6.114774881549467356e-01
1.748090452261306496e+02 5.753979881295010479e-01 5.886672658360807553e-01 6.185766668701152549e-01 6.300076879762428472e-01
1.757135678391959743e+02 6.104597148142104635e-01 6.215184202981385297e-01 6.487692682759216289e-01 6.582927135144694963e-01
1.766180904522612991e+02 6.513479448644287073e-01 6.617575541748402790e-01 6.840149694194568308e-01 6.930086747415256099e-01
1.775226130653266239e+02 6.960061534016670493e-01 7.051766271020937227e-01 7.226958254162899609e-01 7.306807372340990980e-01
1.784271356783919487e+02 7.404004485700271809e-01 7.481556288381939757e-01 7.614795083967625944e-01 7.683127094780244359e-01
1.793316582914572734e+02 7.823922515692653956e-01 7.879665921221592484e-01 7.986075613365387627e-01 8.035754247072124379e-01
1.802361809045226266e+02 8.305779285164496262e-01 8.228834070893231711e-01 8.418111877659881781e-01 8.348951273311732146e-01
1.811407035175879514e+02 8.705821173324196360e-01 8.523335511673564291e-01 8.783295962360250231e-01 8.616356257930134488e-01
1.820452261306532762e+02 8.959671103949805593e-01 8.764332243961396873e-01 9.019331832769517110e-01 8.837662027017492150e-01
1.829497487437186010e+02 9.084148708925009474e-01 8.952632444493491271e-01 9.137498244376136558e-01 9.012383096930924875e-01
1.838542713567839257e+02 9.154800093598607358e-01 9.091645225938518315e-01 9.203776809121682057e-01 9.142771372012994391e-01
1.847587939698492505e+02 9.211080866534832046e-01 9.201539740562908465e-01 9.256428928282914859e-01 9.246475937457594441e-01
1.856633165829145753e+02 9.190356222249982387e-01 9.217167023039499751e-01 9.239274114125679560e-01 9.263051321922258774e-01
1.865678391959799001e+02 9.156042557759090927e-01 9.190297805337468429e-01 9.208331874374015014e-01 9.239031471351181191e-01
1.874723618090452248e+02 9.131329459978498875e-01 9.165067183559831854e-01 9.185146513943751589e-01 9.215527548327607787e-01
1.883768844221105496e+02 9.091404071048527769e-01 9.127569281079744856e-01 9.147762501933318635e-01 9.180481047131260341e-01
1.892814070351758744e+02 9.033974883467452699e-01 9.076589695885473041e-01 9.094564122883620483e-01 9.133222527340939534e-01
1.901859296482411992e+02 8.967090447034125056e-01 9.020431247624554061e-01 9.033277976649757290e-01 9.081613743589240784e-01
1.910904522613065240e+02 8.910098729404793971e-01 8.974389536608238238e-01 8.981438597790240008e-01 9.039556904884553656e-01
1.919949748743718487e+02 8.885678965137262519e-01 8.952913948402450028e-01 8.959226380445407534e-01 9.019931816341155706e-01
1.928994974874372019e+02 8.898870408161178025e-01 8.964152416726202111e-01 8.970994427758385292e-01 9.029913558116119399e-01
1.938040201005024983e+02 8.942276708888577952e-01 9.003604183497623259e-01 9.010048869676831051e-01 9.065310101384140840e-01
1.947085427135678515e+02 8.979164338235230414e-01 9.024363045585249710e-01 9.043021791921030950e-01 9.083569077912225787e-01
1.956130653266331763e+02 8.971350609112431762e-01 8.996529717671538640e-01 9.034893554139381555e-01 9.057346597967607105e-01
1.965175879396985010e+02 8.899611119279151605e-01 8.915227425527071370e-01 8.968214453088939608e-01 8.982141962307363947e-01
1.974221105527638258e+02 8.754743650060018423e-01 8.784429469890990827e-01 8.835447778634607507e-01 8.862226863609616867e-01
1.983266331658291506e+02 8.569017548509179072e-01 8.623784536098502151e-01 8.667203074087411752e-01 8.716432413698663728e-01
1.992311557788944754e+02 8.385376649539184601e-01 8.468849578960312430e-01 8.502701948732502846e-01 8.577183415762363872e-01
2.001356783919598001e+02 8.256623263491685849e-01 8.362006056728862324e-01 8.388304540657101072e-01 8.481845759555191044e-01
2.010402010050251249e+02 8.224266376468047923e-01 8.335543780105605371e-01 8.359670708170512388e-01 8.458319356807840750e-01
2.019447236180904497e+02 8.299120051135236986e-01 8.397382817981646763e-01 8.426017678287835988e-01 8.513383105777762028e-01
2.028492462311557745e+02 8.456186070820898015e-01 8.528729287713465723e-01 8.566010689164216263e-01 8.630918316557656400e-01
2.037537688442210992e+02 8.647093767271832876e-01 8.691886956759833360e-01 8.737797617302021091e-01 8.778151792756483385e-01
2.046582914572864240e+02 8.805126569171849438e-01 8.847175319255614623e-01 8.881823924165348494e-01 8.919738587075319858e-01
2.055628140703517488e+02 8.920024097064678248e-01 8.967826346423137807e-01 8.988076296190127268e-01 9.030927192441976503e-01
2.064673366834171020e+02 8.989046923467983730e-01 9.045063757518032599e-01 9.052932924707923767e-01 9.102923123837173280e-01
2.073718592964823983e+02 9.012425067582018334e-01 9.080171642249136310e-01 9.075746638745987305e-01 9.136426094183134339e-01
2.082763819095477515e+02 9.044255933530965796e-01 9.085244477831562193e-01 9.105274508735244909e-01 9.142208512307350432e-01
2.091809045226130763e+02 9.044838526946645807e-01 9.090013100396837631e-01 9.106466314802410533e-01 9.147207593673525317e-01
2.100854271356784011e+02 9.073497142212062494e-01 9.114867741422120195e-01 9.132711356939737790e-01 9.169998026876462482e-01
2.109899497487437259e+02 9.105297502619268402e-01 9.150618710211410045e-01 9.161714315047596591e-01 9.202217582773187798e-01
2.118944723618090507e+02 9.124561504762888076e-01 9.156705518828895940e-01 9.178880177190549272e-01 9.206482776596912609e-01
2.127989949748743754e+02 9.110244057718823729e-01 9.100190281288790262e-01 9.164134684862861313e-01 9.152616967492260835e-01
2.137035175879397002e+02 9.005459801259015906e-01 8.985663481553619603e-01 9.065189740434608234e-01 9.045457901204851936e-01
2.146080402010050250e+02 8.815826563640809521e-01 8.815871873209070175e-01 8.888951220140051124e-01 8.888229842486699006e-01
2.155125628140703498e+02 8.578284042950876653e-01 8.589179309932473139e-01 8.670872159434797055e-01 8.680487235140821323e-01
2.164170854271356745e+02 8.288682657736462511e-01 8.308233594107508058e-01 8.408664691000519165e-01 8.426077450827481607e-01
2.173216080402009993e+02 7.945905650171400936e-01 7.984930374925612862e-01 8.102559527555081020e-01 8.137076420280315858e-01
2.182261306532663241e+02 7.574957287385774007e-01 7.643447414764852343e-01 7.775581849904381615e-01 7.835569760949190332e-01
2.191306532663316489e+02 7.219971884897399272e-01 7.321865444320130312e-01 7.465948270690037081e-01 7.554483689129994906e-01
2.200351758793970021e+02 6.934285601923920739e-01 7.066244733846567261e-01 7.218463165730018005e-01 7.332576740657896774e-01
2.209396984924622984e+02 6.768323959533997236e-01 6.918569331493870100e-01 7.075179707287722053e-01 7.204844428313708082e-01
2.218442211055276516e+02 6.753565168078361491e-01 6.905608290702583973e-01 7.062446255728057620e-01 7.193642441407136490e-01
2.227487437185929764e+02 6.892319831438408206e-01 7.028446808133567147e-01 7.182187563397023355e-01 7.299844032501658919e-01
2.236532663316583012e+02 7.156985003711611171e-01 7.264059552586481505e-01 7.411254752369086374e-01 7.504202614979658126e-01
2.245577889447236259e+02 7.487812344333324432e-01 7.572371906548633902e-01 7.699332388582509346e-01 7.773312350664065562e-01
2.254623115577889507e+02 7.825996687192808832e-01 7.907263528101685646e-01 7.996574188515147563e-01 8.068439039640137311e-01
2.263668341708542755e+02 8.159776607959925432e-01 8.228687554200807552e-01 8.293540333762505767e-01 8.355104957562251577e-01
2.272713567839196003e+02 8.463081015595679268e-01 8.510423261948935059e-01 8.567460717726838038e-01 8.609575662243482697e-01
2.281758793969849251e+02 8.756057852748296844e-01 8.739215255609660282e-01 8.835594576408533074e-01 8.818655668977691819e-01
2.290804020100502498e+02 8.937558555677079797e-01 8.911466422698234302e-01 9.004381829960987904e-01 8.977654158831571696e-01
2.299849246231155746e+02 9.024254667753025538e-01 9.028892240765479249e-01 9.085827343953148949e-01 9.087108462122448493e-01
2.308894472361808994e+02 9.074846984257820548e-01 9.088071591135761240e-01 9.132186124645926828e-01 9.143197189608989195e-01
2.317939698492462242e+02 9.063173405448584630e-01 9.086745699537667198e-01 9.122174349753813249e-01 9.143254955959936314e-01
2.326984924623115489e+02 9.012657846848799448e-01 9.048451845077483124e-01 9.076501899580023958e-01 9.108760986272934623e-01
2.336030150753769021e+02 8.968202228624536643e-01 9.018102723534783260e-01 9.036067586081979464e-01 9.080998285833158379e-01
2.345075376884421985e+02 8.944754912239114564e-01 9.010617523208347412e-01 9.014368087036360722e-01 9.073515733214870815e-01
2.354120603015075517e+02 8.941807839567594840e-01 9.005968719387451582e-01 9.010634261270934475e-01 9.068138635895072186e-01
2.363165829145728765e+02 8.926572937090745397e-01 8.971513241984121478e-01 8.995115467706075174e-01 9.035297759151286190e-01
2.372211055276382012e+02 8.868920828297662817e-01 8.895581798701880372e-01 8.940772428794372395e-01 8.964597491570952537e-01
2.381256281407035260e+02 8.753645757542218853e-01 8.779323291758994730e-01 8.834395349772649064e-01 8.857462987654719511e-01
2.390301507537688508e+02 8.585634963770758521e-01 8.628443738447252320e-01 8.681309560432388661e-01 8.719822786053459396e-01
2.399346733668341756e+02 8.397800704688089812e-01 8.465733050936036230e-01 8.512088842233329622e-01 8.572874245243344848e-01
2.408391959798995003e+02 8.234276984989699066e-01 8.327107220783099839e-01 8.366193136092641147e-01 8.448744296970934764e-01
2.417437185929648251e+02 8.141775363739305327e-01 8.249549313961249686e-01 8.284168156068026923e-01 8.379674864652326693e-01
2.426482412060301499e+02 8.148662573359927164e-01 8.254560188111573771e-01 8.290243505455576756e-01 8.384116553897492663e-01
2.435527638190954747e+02 8.250999868620727540e-01 8.339093439870007840e-01 8.381029893610866255e-01 8.459430255960607159e-01
2.444572864321607994e+02 8.414190931670654239e-01 8.476348506047812759e-01 8.526835008010139605e-01 8.582482845285631656e-01
2.453618090452261526e+02 8.585689929388031771e-01 8.627004925870839225e-01 8.681646601526218365e-01 8.718741835212505675e-01
2.462663316582914490e+02 8.707275926450938064e-01 8.755385995505602370e-01 8.792861547054809934e-01 8.835922373684667042e-01
2.471708542713568022e+02 8.792196971222131507e-01 8.839796209241861380e-01 8.871131090518890039e-01 8.913529850187366099e-01
2.480753768844220986e+02 8.813967024469386846e-01 8.874280769696446525e-01 8.891657496336040634e-01 8.945497133737426720e-01
2.489798994974874518e+02 8.799309549099284533e-01 8.861478239734469353e-01 8.878392129184687898e-01 8.934261169195636398e-01
2.498844221105527481e+02 8.764910390613235291e-01 8.822414560535608574e-01 8.847279302454742478e-01 8.899134211124333227e-01
2.507889447236181013e+02 8.731406345950086800e-01 8.799216909148166454e-01 8.817226425436048842e-01 8.878321802626689685e-01
2.516934673366834261e+02 8.740975336314062982e-01 8.809590221503036389e-01 8.826004470499385635e-01 8.887833114175475169e-01
2.525979899497487509e+02 8.782966445888032991e-01 8.843967569106055970e-01 8.864155395717068231e-01 8.919181786506128473e-01
2.535025125628140756e+02 8.839467430515918211e-01 8.891458258701517847e-01 8.915749671639009444e-01 8.962668579624517573e-01
2.544070351758794004e+02 8.890252452071275568e-01 8.939273656347123120e-01 8.962547579553441501e-01 9.006711636021110801e-01
2.553115577889447252e+02 8.919861052323299067e-01 8.978886115053724692e-01 8.990285093640901781e-01 9.043354547113360287e-01
2.562160804020100500e+02 8.946457656947885972e-01 9.006321172747047132e-01 9.015011719805927637e-01 9.068679572660941490e-01
2.571206030150754032e+02 8.957344538599262274e-01 9.022971054670918534e-01 9.025136489276338603e-01 9.083580835111366714e-01
2.580251256281406995e+02 8.961007915796632695e-01 9.039172534752419885e-01 9.027936811118980609e-01 9.096343415136549648e-01
2.589296482412060527e+02 8.940535393461068736e-01 8.961093838256177779e-01 9.007579481342029570e-01 9.021918664999690751e-01
2.598341708542713491e+02 8.881914535924544385e-01 8.835935487000251554e-01 8.950715585131913121e-01 8.904600997007926511e-01
2.607386934673367023e+02 8.706411302875212144e-01 8.652651122754229096e-01 8.786201568353800839e-01 8.735024701005185133e-01
2.616432160804019986e+02 8.414176292655437539e-01 8.411537877390913298e-01 8.517795773257949010e-01 8.514257451294366952e-01
2.625477386934673518e+02 8.108487862145991043e-01 8.116366077770127418e-01 8.240208794653048896e-01 8.246890897020108246e-01
2.634522613065326482e+02 7.752371707153916658e-01 7.772185621001203026e-01 7.921102503011120399e-01 7.938583722960529387e-01
2.643567839195980014e+02 7.354956671860835016e-01 7.384606565311878645e-01 7.569404362042251311e-01 7.595404063104524983e-01
2.652613065326632977e+02 6.923097904756873033e-01 6.968371530440283790e-01 7.191453040689670395e-01 7.230823838736396558e-01
2.661658291457286509e+02 6.475894396841794798e-01 6.545156002947686291e-01 6.803548012305490333e-01 6.863400679409389360e-01
2.670703517587940041e+02 6.048780489865904775e-01 6.145538013020009904e-01 6.435134574704985955e-01 6.518472073711751857e-01
2.679748743718593005e+02 5.684247505874728823e-01 5.807799997116400714e-01 6.121242287667998383e-01 6.227646965670229351e-01
2.688793969849245968e+02 5.427198730571171081e-01 5.571627100684763967e-01 5.899628598214353703e-01 6.024222832855484766e-01
2.697839195979899500e+02 5.313265591282957390e-01 5.467466766766252428e-01 5.801211782819230001e-01 5.934404707030703774e-01
2.706884422110553032e+02 5.358949995112806119e-01 5.509142220508715937e-01 5.840705198216723515e-01 5.970358569743889898e-01
2.715929648241205996e+02 5.557249379144277857e-01 5.690934491349343149e-01 6.011828456807547516e-01 6.127023402061864132e-01
2.724974874371859528e+02 5.877600366329057691e-01 5.988094879100802626e-01 6.287747165879099542e-01 6.382873228756696937e-01
2.734020100502512491e+02 6.260711759090576978e-01 6.363804607183392026e-01 6.617759894262119635e-01 6.706704780337851002e-01
2.743065326633166023e+02 6.684246967881507517e-01 6.777562816829291181e-01 6.983867316853079599e-01 7.064882688018678802e-01
2.752110552763818987e+02 7.112167139871550248e-01 7.195739202074227236e-01 7.356416188875549711e-01 7.429657258322052149e-01
2.761155778894472519e+02 7.509714560421137941e-01 7.593230048441463875e-01 7.706168408359885813e-01 7.779883031857596221e-01
2.770201005025125482e+02 7.957216377911434657e-01 7.953878926527344628e-01 8.104795940791025277e-01 8.101213665642658102e-01
2.779246231155779014e+02 8.354032701172775521e-01 8.267604252474303195e-01 8.464151470611785966e-01 8.383865656851701154e-01
2.788291457286431978e+02 8.603527076649143401e-01 8.528195910743485708e-01 8.694324362195453570e-01 8.621177002234211573e-01
2.797336683417085510e+02 8.754217052139370292e-01 8.732011714177246864e-01 8.835044949739023767e-01 8.808706860162259789e-01
2.806381909547739042e+02 8.876458981237025370e-01 8.876171430636794479e-01 8.947397538227013225e-01 8.942852347192485896e-01
2.815427135678392006e+02 8.933424410186585618e-01 8.965805321164016517e-01 9.000545307441197851e-01 9.027638356904329475e-01
2.824472361809044969e+02 8.954385080994863300e-01 8.990432598952908805e-01 9.020425240693994429e-01 9.052428494582878127e-01
2.833517587939698501e+02 8.933637468042416874e-01 8.961169636759043211e-01 9.001960007101081906e-01 9.026625933627966392e-01
2.842562814070352033e+02 8.886247594731643273e-01 8.925495158446291599e-01 8.958706562084638447e-01 8.994004741388985646e-01
2.851608040201004997e+02 8.834120095733963840e-01 8.885220978449979157e-01 8.910928844424180761e-01 8.956988442642208614e-01
2.860653266331658529e+02 8.784634576891804381e-01 8.843753637049289740e-01 8.865710202242994553e-01 8.919010202971051626e-01
2.869698492462311492e+02 8.750625603568827904e-01 8.810887386702975776e-01 8.834671803501040754e-01 8.888976145968968678e-01
2.878743718592965024e+02 8.731273631805457347e-01 8.809338000609148178e-01 8.816963979351318814e-01 8.887175817165868796e-01
2.887788944723617988e+02 8.744140573943086636e-01 8.819342523248239196e-01 8.828081112184025248e-01 8.895730910432144700e-01
2.896834170854271520e+02 8.755518287449961523e-01 8.809087610431519666e-01 8.837619707397561530e-01 8.885749337661107417e-01
2.905879396984924483e+02 8.731708139722380579e-01 8.763765216832311022e-01 8.815127731727290250e-01 8.843861413526618032e-01
2.914924623115578015e+02 8.649103814789002032e-01 8.684679048839817339e-01 8.739431704884644825e-01 8.771365764125561570e-01
2.923969849246230979e+02 8.526939807185549558e-01 8.578351080484184488e-01 8.628435190772173469e-01 8.674606750107500819e-01
2.933015075376884511e+02 8.394543036512842615e-01 8.467443914299603858e-01 8.509187843261006856e-01 8.574440454047312921e-01
2.942060301507538043e+02 8.293564919278062497e-01 8.384994162765677661e-01 8.418907435917033499e-01 8.500441560691103238e-01
2.951105527638191006e+02 8.261183833587665282e-01 8.359370247086731487e-01 8.390076868962346168e-01 8.477526995942658017e-01
2.960150753768843970e+02 8.311448600366460049e-01 8.401367254176034249e-01 8.434876321719209091e-01 8.515123792115966150e-01
2.969195979899497502e+02 8.428276312456300934e-01 8.499134482677384028e-01 8.539486493377016485e-01 8.603002370491833473e-01
2.978241206030151034e+02 8.574783370538301419e-01 8.624553332286106766e-01 8.671765364360738415e-01 8.716557545765166726e-01
2.987286432160803997e+02 8.697937317806662127e-01 8.746980218666797757e-01 8.784350991998514102e-01 8.828430243519808096e-01
2.996331658291457529e+02 8.780388680766804121e-01 8.845830999203496692e-01 8.861141570455346450e-01 8.919643366029661458e-01
3.005376884422110493e+02 8.839932814643095549e-01 8.913016112815808079e-01 8.917181990575204775e-01 8.982184166377562562e-01
3.014422110552764025e+02 8.877902463711582204e-01 8.943804677010176452e-01 8.952808076949302363e-01 9.011212927033674935e-01
3.023467336683416988e+02 8.901115178017743323e-01 8.953961590200463228e-01 8.973922426417398901e-01 9.020462070999576421e-01
3.032512562814070520e+02 8.904137799839613177e-01 8.940813461573100529e-01 8.975403375982914378e-01 9.006752174291919877e-01
3.041557788944724052e+02 8.848405216288899311e-01 8.867146941086468948e-01 8.922265459956290057e-01 8.937614669066272777e-01
3.050603015075377016e+02 8.722258770144740714e-01 8.738045063183197403e-01 8.804620921045570592e-01 8.818134930178993525e-01
3.059648241206029979e+02 8.533180745319246530e-01 8.551463490967708969e-01 8.630975953408653867e-01 8.647164901893239497e-01
3.068693467336683511e+02 8.287436525457217984e-01 8.311999989751389650e-01 8.408189750580261634e-01 8.430049340111507306e-01
3.077738693467337043e+02 7.987251243689327262e-01 8.033660269939539855e-01 8.139518979995318260e-01 8.180647802352816189e-01
3.086783919597990007e+02 7.667999956199025302e-01 7.744350672868378638e-01 7.857274612432499916e-01 7.924365845384964135e-01
3.095829145728642970e+02 7.376507193280895658e-01 7.484958747273597890e-01 7.602130524306648374e-01 7.696730794764627959e-01
3.104874371859296502e+02 7.166710501156262625e-01 7.300584117228324788e-01 7.419688526279732965e-01 7.535945863999172767e-01
3.113919597989950034e+02 7.083426274245593346e-01 7.228213058459880269e-01 7.347481486683220542e-01 7.473025315123928980e-01
3.122964824120602998e+02 7.146087489909368484e-01 7.282536834909700829e-01 7.401777394046348268e-01 7.520229237299344005e-01
3.132010050251255961e+02 7.341275387201734448e-01 7.454360388248545410e-01 7.571388931638267650e-01 7.669961025840064117e-01
3.141055276381909493e+02 7.627044977268134796e-01 7.709132875513761141e-01 7.821245179718326890e-01 7.893312190369523584e-01
3.150100502512563025e+02 7.931356187125813140e-01 8.002130184897254805e-01 8.089781329265145482e-01 8.152542746732578394e-01
3.159145728643215989e+02 8.226587614146068095e-01 8.290951283840194419e-01 8.353423937490326301e-01 8.411016028401517852e-01
3.168190954773869521e+02 8.486185907896683922e-01 8.545202882054904192e-01 8.588651756115885938e-01 8.641291432058876287e-01
3.177236180904523053e+02 8.723249047933806510e-01 8.748899280957764812e-01 8.806319121606888123e-01 8.827778231818036447e-01
3.186281407035176017e+02 8.876745584669034628e-01 8.896516494000713537e-01 8.949112340873512927e-01 8.964210648369738133e-01
3.195326633165828980e+02 8.951244614027765722e-01 8.990269631042655529e-01 9.019039984885703909e-01 9.051845150510708926e-01
3.204371859296482512e+02 8.993531408077954925e-01 9.026495855276924773e-01 9.057984275366357529e-01 9.086775423044046729e-01
3.213417085427136044e+02 8.983131833171335012e-01 9.021355297586456379e-01 9.048772550353186839e-01 9.082610479189006103e-01
3.222462311557789008e+02 8.957815084443495612e-01 9.001984907396145541e-01 9.024703090327534927e-01 9.064070633032526025e-01
3.231507537688441971e+02 8.917041151829446788e-01 8.948843255783327510e-01 8.985752085244553822e-01 9.014236374742404800e-01
3.240552763819095503e+02 8.831443893783994525e-01 8.861479632654999383e-01 8.906171287845588980e-01 8.933258837973164779e-01
3.249597989949749035e+02 8.700935740157355047e-01 8.745042911183649181e-01 8.786718682438103833e-01 8.826537296065607441e-01
3.258643216080401999e+02 8.552313514901485059e-01 8.618344683984462407e-01 8.652234501582444226e-01 8.711576129884421871e-01
3.267688442211054962e+02 8.424547871293487367e-01 8.512573833311799509e-01 8.537670091859780319e-01 8.616367929763963929e-01
3.276733668341708494e+02 8.359932631462047015e-01 8.459870595485275979e-01 8.480050018425940861e-01 8.569157518807749563e-01
3.285778894472362026e+02 8.382244623187995458e-01 8.477864328958223394e-01 8.499922163042245016e-01 8.585260515478297938e-01
3.294824120603014990e+02 8.483211058593707055e-01 8.560100856498263910e-01 8.590166185082003247e-01 8.659074254423936301e-01
3.303869346733668522e+02 8.626304010482537254e-01 8.679073088392731394e-01 8.719012172028260954e-01 8.766538184833077008e-01
3.312914572864322054e+02 8.761157957121885609e-01 8.798692784496682240e-01 8.841643840197933590e-01 8.875484832130074997e-01
3.321959798994975017e+02 8.841891072928710349e-01 8.891388663745349863e-01 8.916140147267359595e-01 8.960658698389036836e-01
3.331005025125627981e+02 8.876690342369304432e-01 8.947111752660988904e-01 8.949157829170710787e-01 9.012393673422238738e-01
3.340050251256281513e+02 8.882507337106330114e-01 8.967164595002617977e-01 8.955430632000571656e-01 9.031599074959307805e-01
3.349095477386935045e+02 8.907204483675923434e-01 8.961135940886880702e-01 8.978159062035049320e-01 9.026862484677281584e-01
3.358140703517588008e+02 8.908830957227543701e-01 8.966358842539949858e-01 8.980093963380073596e-01 9.032073031574648914e-01
3.367185929648240972e+02 8.947284160122317420e-01 9.003076039784380091e-01 9.015242431064620643e-01 9.065729116777990759e-01
3.376231155778894504e+02 9.003506856493734833e-01 9.050004622807300558e-01 9.066725980198858670e-01 9.108836562168064477e-01
3.385276381909548036e+02 9.060036668040772900e-01 9.095315470762828092e-01 9.118837599138760464e-01 9.150710235159911221e-01
3.394321608040200999e+02 9.088173209803417363e-01 9.130526356121021481e-01 9.145365472291061559e-01 9.183354568991721756e-01
3.403366834170853963e+02 9.097634507140339721e-01 9.164165664676412471e-01 9.154722214037362971e-01 9.213669870974696696e-01
3.412412060301507495e+02 9.113194733528225955e-01 9.163314173062501178e-01 9.168330460381866054e-01 9.211010598898643487e-01
3.421457286432161027e+02 9.102814208070617585e-01 9.061908250353487571e-01 9.156628058955764704e-01 9.115314334224106085e-01
3.430502512562813990e+02 9.026982533151939325e-01 8.926712356913903967e-01 9.083364568146834461e-01 8.988562726564560679e-01
3.439547738693467522e+02 8.814139141411962974e-01 8.741631491847092761e-01 8.884766820846904389e-01 8.816960317545257109e-01
3.448592964824121054e+02 8.522922917190328684e-01 8.503526898503077636e-01 8.616826198470194376e-01 8.598454119414276065e-01
3.457638190954774018e+02 8.212632059150091202e-01 8.212782243101959256e-01 8.334656321220084152e-01 8.334591202348146100e-01
3.466683417085426981e+02 7.852766919154087200e-01 7.868058540881046614e-01 8.011892028597127347e-01 8.025476762301747558e-01
3.475728643216080513e+02 7.448524868183218350e-01 7.475521276511134516e-01 7.654122052139155086e-01 7.677831596969351136e-01
3.484773869346734045e+02 7.004163451470709623e-01 7.050659829138017365e-01 7.265407308889200166e-01 7.305842539239710831e-01
3.493819095477387009e+02 6.545869151418484133e-01 6.619958587361736146e-01 6.868147958791032126e-01 6.932146200773166012e-01
3.502864321608039972e+02 6.114819753656217660e-01 6.219358878869043483e-01 6.496496317707631807e-01 6.586522998232505755e-01
3.511909547738693504e+02 5.757791666374103556e-01 5.890445875401668641e-01 6.189041749559641703e-01 6.303319378931088179e-01
3.520954773869347036e+02 5.520530926223452539e-01 5.673402208025565274e-01 5.984388848876908140e-01 6.116331595043476010e-01
3.530000000000000000e+02 5.436271052419185956e-01 5.596542533430428623e-01 5.911566739652577285e-01 6.050037526835642110e-01
