# turbine row, NPA power, NPA power w/SM, our power, our power w/SM (4 rotor pts, 2016 model)
0.000000000000000000e+00 1.000000000000000000e+00 1.000000000000000000e+00 1.000000000000000000e+00 1.000000000000000000e+00
1.000000000000000000e+00 4.281439792167561209e-01 4.407611961907598741e-01 4.889796174985037713e-01 4.999833577354976799e-01
2.000000000000000000e+00 4.693642366574685698e-01 4.794743742836296563e-01 5.248087006669236443e-01 5.335524920409225880e-01
3.000000000000000000e+00 4.857007632082782078e-01 4.938296279235982467e-01 5.389314137803199456e-01 5.459473653370009449e-01
4.000000000000000000e+00 4.865784447048995820e-01 4.935396118132591714e-01 5.396891464829948193e-01 5.456970957304360104e-01
5.000000000000000000e+00 4.875376579607457184e-01 4.937995411626175390e-01 5.405170275890333054e-01 5.459210963540633843e-01
6.000000000000000000e+00 4.854422074308417101e-01 4.912445276271182881e-01 5.387080116078505343e-01 5.437167663134970796e-01
7.000000000000000000e+00 4.825829301362252188e-01 4.880319746728008501e-01 5.362384676112269544e-01 5.409439815563268361e-01
8.000000000000000000e+00 4.779635435085169970e-01 4.831265111174150584e-01 5.322468920612887233e-01 5.367081128866175721e-01
9.000000000000000000e+00 4.756996243886377762e-01 4.806283581500705449e-01 5.302897691920506196e-01 5.345499913378780610e-01
