# turbine row, NPA power, NPA power w/SM, our power, our power w/SM (4 rotor pts, 2016 model)
1.730000000000000000e+02 5.407287630559185487e-01 5.470372173140970462e-01 5.885371855915374484e-01 5.939961643250051271e-01
1.739045226130653248e+02 5.487694230992873345e-01 5.547322949061641584e-01 5.954885407615526649e-01 6.006425204981309385e-01
1.748090452261306496e+02 5.722858482465932317e-01 5.772745268379162464e-01 6.157792078411024050e-01 6.200806400854512734e-01
1.757135678391959743e+02 6.080351561832559870e-01 6.118190744718001728e-01 6.465684630193024862e-01 6.498273270661297785e-01
1.766180904522612991e+02 6.514170811382131721e-01 6.540377713840843654e-01 6.839684685231333106e-01 6.862304448081155694e-01
1.775226130653266239e+02 6.968254312698396458e-01 6.992029788261728829e-01 7.233118904232007651e-01 7.253800527839798784e-01
1.784271356783919487e+02 7.416315610585376694e-01 7.440422757742719551e-01 7.624762466627656998e-01 7.646017748171584083e-01
1.793316582914572734e+02 7.841235397633083970e-01 7.854249063355961402e-01 8.000639885280145247e-01 8.012296882076503923e-01
1.802361809045226266e+02 8.231832113566645015e-01 8.213795541424282476e-01 8.350979057364630309e-01 8.334692320539158761e-01
1.811407035175879514e+02 8.622931916682273767e-01 8.519665607434385723e-01 8.706782068818835763e-01 8.612542081930126825e-01
1.820452261306532762e+02 8.927515486825933211e-01 8.767442780634752131e-01 8.988574148227490568e-01 8.840475198444054383e-01
1.829497487437186010e+02 9.084899592091687515e-01 8.969964709479115728e-01 9.137245521491136335e-01 9.028986497508609821e-01
1.838542713567839257e+02 9.142054333814716438e-01 9.147898978126088876e-01 9.193158177210823956e-01 9.195599230954100145e-01
1.847587939698492505e+02 9.163491173434653581e-01 9.194381451022271001e-01 9.214606816844296278e-01 9.241433047849982874e-01
1.856633165829145753e+02 9.165392375131391489e-01 9.178773373103111810e-01 9.216790830957201086e-01 9.228699418907813090e-01
1.865678391959799001e+02 9.136031921406596590e-01 9.168499358267444554e-01 9.190092295491296692e-01 9.219144137722573573e-01
1.874723618090452248e+02 9.118652476216488889e-01 9.148497095529575240e-01 9.173357313375088973e-01 9.200228439623673315e-01
1.883768844221105496e+02 9.089765200581435556e-01 9.109124130026523547e-01 9.145886164908125782e-01 9.163386678167535493e-01
1.892814070351758744e+02 9.032050006424885424e-01 9.054221309308041477e-01 9.092394881855773159e-01 9.112498565086065705e-01
1.901859296482411992e+02 8.964323879405836637e-01 8.992299492325591670e-01 9.030321311921692962e-01 9.055656782070500288e-01
1.910904522613065240e+02 8.906439461215226450e-01 8.940864477300753954e-01 8.977662755329958166e-01 9.008756941572070298e-01
1.919949748743718487e+02 8.880564520811295992e-01 8.917658536051692453e-01 8.954140723310178851e-01 8.987600295595583599e-01
1.928994974874372019e+02 8.898937643769448957e-01 8.928512789237369462e-01 8.970547240332288341e-01 8.997264058758622784e-01
1.938040201005024983e+02 8.934696389113253590e-01 8.969561663442301436e-01 9.002790694499773760e-01 9.034150368679036980e-01
1.947085427135678515e+02 8.970094539904061026e-01 9.002924003440639922e-01 9.034505647362318648e-01 9.063836990563600704e-01
1.956130653266331763e+02 8.960403168579113009e-01 8.986768635646149583e-01 9.024634103225256387e-01 9.048187210439562200e-01
1.965175879396985010e+02 8.888318618306872976e-01 8.902960067045888604e-01 8.957523109150565821e-01 8.970646016536281131e-01
1.974221105527638258e+02 8.752074569285818173e-01 8.764303241511578468e-01 8.832487830619853986e-01 8.843523381885148860e-01
1.983266331658291506e+02 8.564142855011857014e-01 8.589413755116986904e-01 8.662217598703982890e-01 8.684935663245761939e-01
1.992311557788944754e+02 8.377927926927039026e-01 8.418364217945946137e-01 8.495411316761359855e-01 8.531458606093621500e-01
2.001356783919598001e+02 8.246992581878017647e-01 8.299179376344716363e-01 8.379090231685184520e-01 8.425343833437916041e-01
2.010402010050251249e+02 8.213545727892089809e-01 8.269041329092107206e-01 8.349497652731715513e-01 8.398614235615805557e-01
2.019447236180904497e+02 8.288746514256234432e-01 8.337263056993892141e-01 8.416137960788301342e-01 8.459212252817740474e-01
2.028492462311557745e+02 8.447444698511128447e-01 8.482216011401955136e-01 8.557559887576737800e-01 8.588648460828949283e-01
2.037537688442210992e+02 8.640680214197282716e-01 8.660426093363360334e-01 8.731427312291513143e-01 8.749223944108356354e-01
2.046582914572864240e+02 8.817105253252326413e-01 8.828142033639280184e-01 8.892072701833664272e-01 8.902023414783374333e-01
2.055628140703517488e+02 8.931576423056318825e-01 8.954175433085107549e-01 8.997894757130554533e-01 9.018173734330386937e-01
2.064673366834171020e+02 8.994016732690313098e-01 9.028337144076519216e-01 9.056821542853510376e-01 9.087466048793364504e-01
2.073718592964823983e+02 9.014339805836989461e-01 9.052825556396190132e-01 9.076986360698380274e-01 9.111411844791726944e-01
2.082763819095477515e+02 9.019711443430120656e-01 9.052669772373350687e-01 9.082859991370590969e-01 9.112465898939556830e-01
2.091809045226130763e+02 9.038016278155900363e-01 9.064741298093856869e-01 9.099924817782744091e-01 9.124004095518102320e-01
2.100854271356784011e+02 9.069934404740025435e-01 9.092920822243620860e-01 9.129097466139809436e-01 9.149809193077566016e-01
2.109899497487437259e+02 9.112115082808553979e-01 9.123372584858427947e-01 9.167378539486282785e-01 9.177485271478720286e-01
2.118944723618090507e+02 9.121422508892996772e-01 9.144633349208742823e-01 9.175749754229075572e-01 9.196002790048253273e-01
2.127989949748743754e+02 9.100350767001517127e-01 9.102298227246480300e-01 9.155279426549350896e-01 9.155161905936473055e-01
2.137035175879397002e+02 9.027414672855980093e-01 8.987706370374122233e-01 9.085643157511088530e-01 9.047452828911843881e-01
2.146080402010050250e+02 8.831664809317130160e-01 8.813364364177233012e-01 8.903222192472612928e-01 8.885656616323750479e-01
2.155125628140703498e+02 8.567557895043730332e-01 8.581566758115761751e-01 8.660615458330871430e-01 8.673085381144260975e-01
2.164170854271356745e+02 8.269166596408759062e-01 8.289223516610054743e-01 8.390379673116643566e-01 8.408380535488144680e-01
2.173216080402009993e+02 7.932312773827085994e-01 7.950694971160979785e-01 8.089695210264103986e-01 8.105962935443949968e-01
2.182261306532663241e+02 7.562473568619082487e-01 7.589965942086825956e-01 7.763773377416720578e-01 7.787820959877451710e-01
2.191306532663316489e+02 7.203736685109822790e-01 7.246714212345405359e-01 7.450918994575943533e-01 7.488212509550118412e-01
2.200351758793970021e+02 6.914722862162034911e-01 6.972846206640619382e-01 7.200589500165630596e-01 7.250800766753409121e-01
2.209396984924622984e+02 6.746296784718213146e-01 6.813323232527961348e-01 7.055194248379852429e-01 7.112993640508328275e-01
2.218442211055276516e+02 6.730262051638185028e-01 6.798420753124166938e-01 7.041361935536285532e-01 7.100129565366619655e-01
2.227487437185929764e+02 6.869125820778596569e-01 6.929526131122994981e-01 7.161182218053564474e-01 7.213335422946330899e-01
2.236532663316583012e+02 7.135322146673221955e-01 7.180778103643427057e-01 7.391523479836334953e-01 7.430934465807990108e-01
2.245577889447236259e+02 7.480067087931835390e-01 7.509704371098639974e-01 7.691691524054455886e-01 7.717588581523763258e-01
2.254623115577889507e+02 7.843096856299763830e-01 7.863885559961910632e-01 8.010915625042553945e-01 8.029288171526497431e-01
2.263668341708542755e+02 8.175652590430680933e-01 8.201286649340561175e-01 8.306985619077495997e-01 8.329928875187334603e-01
2.272713567839196003e+02 8.476263494503090135e-01 8.496094207279359933e-01 8.578347603243925423e-01 8.596100495214487047e-01
2.281758793969849251e+02 8.733477662501188954e-01 8.730514966135302091e-01 8.813957517672363906e-01 8.810395146980585235e-01
2.290804020100502498e+02 8.937110552256956053e-01 8.908525639805352503e-01 9.002912277757558757e-01 8.975002694206739573e-01
2.299849246231155746e+02 9.026710996672061560e-01 9.025793155067348694e-01 9.087534476742277212e-01 9.084828210634063872e-01
2.308894472361808994e+02 9.054401407236162269e-01 9.076372398294153543e-01 9.114039062334111652e-01 9.133076675205357153e-01
2.317939698492462242e+02 9.049081521784858584e-01 9.059084966995124555e-01 9.109235452893952312e-01 9.118201104827258208e-01
2.326984924623115489e+02 9.004569746669752739e-01 9.026351261693846828e-01 9.068832424129845693e-01 9.088444863892924941e-01
2.336030150753769021e+02 8.966026179382536876e-01 8.992800331791399593e-01 9.033667002548947389e-01 9.057771815730495391e-01
2.345075376884421985e+02 8.940489482931821552e-01 8.973377432649393137e-01 9.010096160698882750e-01 9.039615524107185163e-01
2.354120603015075517e+02 8.929259315740352143e-01 8.973699414656117757e-01 8.998998190036563427e-01 9.038729422420266335e-01
2.363165829145728765e+02 8.911898187168724172e-01 8.951096308136573532e-01 8.981600094968636983e-01 9.016555003379234101e-01
2.372211055276382012e+02 8.855996899743239226e-01 8.881857172786852272e-01 8.928682078769212271e-01 8.951819151787320239e-01
2.381256281407035260e+02 8.748463782989167603e-01 8.761253797857794234e-01 8.829182928063543656e-01 8.840671148796545031e-01
2.390301507537688508e+02 8.582124198330086662e-01 8.599998809912785536e-01 8.677540934433498609e-01 8.693637810519295739e-01
2.399346733668341756e+02 8.391977217488816310e-01 8.423024390107990422e-01 8.506220988607567923e-01 8.534000326897895894e-01
2.408391959798995003e+02 8.226082566454695488e-01 8.270116401249771876e-01 8.358217375589438447e-01 8.397337242810494207e-01
2.417437185929648251e+02 8.131875378797099874e-01 8.183869151923739427e-01 8.274691938748963693e-01 8.320704344806300057e-01
2.426482412060301499e+02 8.138267024570349228e-01 8.189303225739807957e-01 8.280326301655565047e-01 8.325507836682196627e-01
2.435527638190954747e+02 8.241464075526646615e-01 8.283133978335556202e-01 8.371856060611883033e-01 8.408911914401088206e-01
2.444572864321607994e+02 8.406552792939002705e-01 8.434751378185810777e-01 8.519335825260213602e-01 8.544587774930531010e-01
2.453618090452261526e+02 8.583840478498924176e-01 8.599383932472273173e-01 8.679349364857020799e-01 8.693318588851816076e-01
2.462663316582914490e+02 8.720654300088609423e-01 8.736820598481355171e-01 8.804290779407939471e-01 8.818727821441640913e-01
2.471708542713568022e+02 8.798979195531088093e-01 8.825580247069285678e-01 8.876598293822488550e-01 8.900326822691696504e-01
2.480753768844220986e+02 8.817308454454053646e-01 8.849372781247674125e-01 8.894060552939522246e-01 8.922652494432229409e-01
2.489798994974874518e+02 8.789790695481868310e-01 8.826534446540464929e-01 8.869340812369529425e-01 8.902307770510552443e-01
2.498844221105527481e+02 8.754793301391956550e-01 8.781534198594757035e-01 8.837667937492599268e-01 8.861805135934283095e-01
2.507889447236181013e+02 8.726112494375780626e-01 8.762148015239691334e-01 8.811927923370794780e-01 8.844378618810264658e-01
2.516934673366834261e+02 8.736882129354587301e-01 8.772423460216970392e-01 8.821779781682649313e-01 8.853789649521226490e-01
2.525979899497487509e+02 8.779349895716961338e-01 8.810503972877944401e-01 8.860366765871983130e-01 8.888457638295259589e-01
2.535025125628140756e+02 8.836598007924180154e-01 8.862826332872372204e-01 8.912651073844385374e-01 8.936313652625845760e-01
2.544070351758794004e+02 8.891693702096286067e-01 8.914419010718814818e-01 8.963343008008818336e-01 8.983818008621342610e-01
2.553115577889447252e+02 8.922651084754779083e-01 8.956184152184268887e-01 8.992340989043616784e-01 9.022474823107624609e-01
2.562160804020100500e+02 8.943912556282198612e-01 8.979420979170403827e-01 9.012263804158180402e-01 9.044102355127330295e-01
2.571206030150754032e+02 8.965541651662893852e-01 8.983602116668365500e-01 9.031957390594894663e-01 9.048072484355418332e-01
2.580251256281406995e+02 8.956433654067771366e-01 8.995009991595579457e-01 9.023422037084281033e-01 9.057422866341577894e-01
2.589296482412060527e+02 8.923460908160363303e-01 8.980708687051328631e-01 8.992210314264807991e-01 9.041416338007074449e-01
2.598341708542713491e+02 8.856637464450273223e-01 8.842137073747863285e-01 8.928749477171175064e-01 8.911133103936343947e-01
2.607386934673367023e+02 8.733758059781320249e-01 8.653052375012002528e-01 8.812643462538811701e-01 8.735443592788623146e-01
2.616432160804019986e+02 8.491566425162121456e-01 8.410134883921319693e-01 8.587858340459995077e-01 8.512579661452505109e-01
2.625477386934673518e+02 8.108625747895489289e-01 8.107005254376047354e-01 8.239867829080523842e-01 8.237784573731534721e-01
2.634522613065326482e+02 7.734904185270298216e-01 7.753798292011305771e-01 7.904706163664390051e-01 7.921407530714467127e-01
2.643567839195980014e+02 7.329419267153396422e-01 7.352625128912954056e-01 7.545890843868474640e-01 7.566341902995683544e-01
2.652613065326632977e+02 6.896590179995407688e-01 6.918982121808299190e-01 7.167274096043803056e-01 7.186785251267303609e-01
2.661658291457286509e+02 6.457037612913213431e-01 6.479484565540022389e-01 6.786138522795155392e-01 6.805523809108446898e-01
2.670703517587940041e+02 6.026794647818318751e-01 6.059602816483714571e-01 6.415043608562702726e-01 6.443298871552238793e-01
2.679748743718593005e+02 5.659475200419079588e-01 5.703000363558873298e-01 6.098721763690385655e-01 6.136228767000134754e-01
2.688793969849245968e+02 5.400157065968671510e-01 5.453143935553251831e-01 5.875090741499602309e-01 5.920857170094124822e-01
2.697839195979899500e+02 5.284524176947371643e-01 5.341763262193744977e-01 5.775163662485983673e-01 5.824682031055692377e-01
2.706884422110553032e+02 5.329135673501893544e-01 5.384639813720233370e-01 5.813748412640981078e-01 5.861730430486343790e-01
2.715929648241205996e+02 5.527117066750695251e-01 5.574978422352036000e-01 5.984663200395868854e-01 6.025941091162689833e-01
2.724974874371859528e+02 5.849874482518845342e-01 5.887497119362352649e-01 6.262707552088440099e-01 6.295102498088973597e-01
2.734020100502512491e+02 6.254633851334266970e-01 6.281892504136324940e-01 6.611406498851829516e-01 6.634907882645363353e-01
2.743065326633166023e+02 6.689481241753242324e-01 6.712576563207981462e-01 6.987393393162594224e-01 7.007424142000466816e-01
2.752110552763818987e+02 7.122117720797223051e-01 7.147956077959979337e-01 7.364181883053481092e-01 7.386845315653305377e-01
2.761155778894472519e+02 7.538901880001112055e-01 7.561620049701833768e-01 7.730941984479631213e-01 7.751034868172200776e-01
2.770201005025125482e+02 7.919562995453524046e-01 7.933392236842043976e-01 8.070133779678337893e-01 8.082125363367951287e-01
2.779246231155779014e+02 8.293044626947829734e-01 8.256272722964828059e-01 8.407351266430821424e-01 8.373088747936819898e-01
2.788291457286431978e+02 8.603552151490192479e-01 8.522735085388819520e-01 8.692163858591271941e-01 8.616039237219366154e-01
2.797336683417085510e+02 8.758959269975821194e-01 8.725916138595944949e-01 8.838000751395015397e-01 8.803660072351014998e-01
2.806381909547739042e+02 8.851126329721792363e-01 8.889446162037888399e-01 8.925052233179799899e-01 8.956274610472629849e-01
2.815427135678392006e+02 8.899051283341676832e-01 8.944460797871081059e-01 8.970153538202559895e-01 9.009855345192138154e-01
2.824472361809044969e+02 8.919699400943049694e-01 8.948328987644537102e-01 8.989294656048920640e-01 9.014739577842232343e-01
2.833517587939698501e+02 8.910188183528813255e-01 8.934337697023161384e-01 8.980553472339235510e-01 9.002156506009945103e-01
2.842562814070352033e+02 8.880079450400070185e-01 8.902062038478636419e-01 8.952699746827902372e-01 8.972455741093481318e-01
2.851608040201004997e+02 8.831704691189472545e-01 8.858153279442406713e-01 8.908255905732626045e-01 8.932088673178564253e-01
2.860653266331658529e+02 8.782276409808348339e-01 8.812641454391642037e-01 8.863064905232779234e-01 8.890436323797806795e-01
2.869698492462311492e+02 8.744579485321085643e-01 8.777179829475151296e-01 8.828711253298907602e-01 8.858074501647170695e-01
2.878743718592965024e+02 8.729315477026549086e-01 8.763990452164771572e-01 8.814657615797488743e-01 8.845850561570780535e-01
2.887788944723617988e+02 8.729460302048971387e-01 8.780931234094128124e-01 8.814428304892919508e-01 8.860613013431796192e-01
2.896834170854271520e+02 8.739145088159341324e-01 8.784247087174040791e-01 8.822428135403520555e-01 8.862894341979848933e-01
2.905879396984924483e+02 8.716312365908657211e-01 8.743174251024128374e-01 8.800765714073679469e-01 8.824842021747073550e-01
2.914924623115578015e+02 8.646768291790386529e-01 8.661458186199318954e-01 8.736747721867167416e-01 8.749936484947652415e-01
2.923969849246230979e+02 8.523375719504584502e-01 8.545954684093532983e-01 8.624607086168248893e-01 8.644900765219536432e-01
2.933015075376884511e+02 8.389100980632404614e-01 8.422931406055084169e-01 8.503657106732447346e-01 8.533940128643034972e-01
2.942060301507538043e+02 8.286363008956920684e-01 8.330011972118197550e-01 8.411806608861533974e-01 8.450706121394080395e-01
2.951105527638191006e+02 8.252993196675308951e-01 8.300205894161118980e-01 8.382099376909980526e-01 8.424111933450854073e-01
2.960150753768843970e+02 8.303406059037583553e-01 8.346186559936538130e-01 8.427025179745767369e-01 8.465181859824206789e-01
2.969195979899497502e+02 8.421429930230139860e-01 8.454133187029624352e-01 8.532696300395870015e-01 8.562018520382974618e-01
2.978241206030151034e+02 8.569692850606143164e-01 8.591295669607044161e-01 8.666560559630542837e-01 8.686028350022378941e-01
2.987286432160803997e+02 8.709040104734373511e-01 8.723683166791333932e-01 8.793713248171842745e-01 8.806899156264018647e-01
2.996331658291457529e+02 8.797066649475835387e-01 8.827366986961947548e-01 8.875465596147679159e-01 8.902574122086963637e-01
3.005376884422110493e+02 8.848605177033620484e-01 8.892362608125400358e-01 8.924326092880232597e-01 8.963272710889242934e-01
3.014422110552764025e+02 8.880766221670197691e-01 8.915560149098777920e-01 8.954859362260656486e-01 8.985677960726969893e-01
3.023467336683416988e+02 8.898515031163136690e-01 8.926980041398264731e-01 8.971165584689885231e-01 8.996296628879288937e-01
3.032512562814070520e+02 8.892063531256013675e-01 8.923846247629219075e-01 8.964427333577796864e-01 8.991830336707030691e-01
3.041557788944724052e+02 8.843284559864342809e-01 8.859407314772036468e-01 8.917824819188951979e-01 8.930648720222739145e-01
3.050603015075377016e+02 8.712059284419833016e-01 8.730274101480876014e-01 8.795454681458674262e-01 8.810813582398201449e-01
3.059648241206029979e+02 8.518812286619400487e-01 8.540805391685870607e-01 8.617469128373501652e-01 8.637068671147614118e-01
3.068693467336683511e+02 8.270391454294895306e-01 8.290203932719947266e-01 8.392145067152732008e-01 8.409889374865162637e-01
3.077738693467337043e+02 7.979071931800421069e-01 7.997421103481290316e-01 8.131458854426815153e-01 8.147725667029421803e-01
3.086783919597990007e+02 7.657174957683823280e-01 7.688355426247835966e-01 7.846904687765396957e-01 7.874280145149071819e-01
3.095829145728642970e+02 7.362193440322384319e-01 7.409363641027525427e-01 7.588747455026687572e-01 7.629841975037277013e-01
3.104874371859296502e+02 7.149488243185380121e-01 7.209230429664065243e-01 7.403810487981863364e-01 7.455622659002489883e-01
3.113919597989950034e+02 7.064372236324437671e-01 7.129670087139481360e-01 7.330029460663843865e-01 7.386575023723522815e-01
3.122964824120602998e+02 7.126597580214029115e-01 7.187333117053873455e-01 7.383936584068698794e-01 7.436590612934771416e-01
3.132010050251255961e+02 7.322835069587863011e-01 7.372045274480634180e-01 7.554417663991872534e-01 7.597256542303554294e-01
3.141055276381909493e+02 7.611617877958469780e-01 7.645012501880897871e-01 7.806841305962936017e-01 7.836129609056282641e-01
3.150100502512563025e+02 7.938141309844273241e-01 7.957961159207062041e-01 8.095053658595466883e-01 8.112604427799491313e-01
3.159145728643215989e+02 8.241216438230475339e-01 8.262479559619456682e-01 8.365826228414606769e-01 8.384860768540675080e-01
3.168190954773869521e+02 8.506938870186823154e-01 8.529426375702482410e-01 8.606414769370152040e-01 8.626541096360337280e-01
3.177236180904523053e+02 8.720620312760698489e-01 8.738359821505982117e-01 8.802765512881474130e-01 8.817884743405681736e-01
3.186281407035176017e+02 8.881311335939284790e-01 8.888776140141494420e-01 8.952195896217510773e-01 8.957194888899627783e-01
3.195326633165828980e+02 8.953129356047067056e-01 8.976787038862821255e-01 9.020206505032306588e-01 9.040049766579936197e-01
3.204371859296482512e+02 8.976701735576152474e-01 9.005673145802259860e-01 9.042751135915704230e-01 9.068274793103566767e-01
3.213417085427136044e+02 8.970942195806544950e-01 8.997017521646452076e-01 9.037528735632877064e-01 9.060618912976602379e-01
3.222462311557789008e+02 8.946360118224593316e-01 8.982901501247554377e-01 9.014080651754708962e-01 9.046617700976965493e-01
3.231507537688441971e+02 8.903663666452465986e-01 8.934100271379479263e-01 8.973293739722988382e-01 9.000553984162944499e-01
3.240552763819095503e+02 8.828311187603007371e-01 8.843158820999968972e-01 8.902834588329807675e-01 8.916224959325786958e-01
3.249597989949749035e+02 8.698040657913197471e-01 8.717764078682236351e-01 8.783539069254521214e-01 8.801362030729261710e-01
3.258643216080401999e+02 8.547481541418499029e-01 8.579022737121957398e-01 8.647284049724347499e-01 8.675628991883689300e-01
3.267688442211054962e+02 8.417703178114267493e-01 8.461120461043553087e-01 8.530915505057101722e-01 8.569698340315535789e-01
3.276733668341708494e+02 8.351701479940264461e-01 8.401625520640420008e-01 8.472065233076304658e-01 8.516523984345675258e-01
3.285778894472362026e+02 8.373771317796901981e-01 8.421401303673933247e-01 8.491718877464636828e-01 8.534179229243196163e-01
3.294824120603014990e+02 8.475708969534730963e-01 8.513178524387050583e-01 8.582819540980515249e-01 8.616380524087049464e-01
3.303869346733668522e+02 8.620559315173240700e-01 8.645133341438354657e-01 8.713242841340499423e-01 8.735381762368225056e-01
3.312914572864322054e+02 8.761420304214586618e-01 8.775627492328943458e-01 8.841311679494334719e-01 8.854126035838747466e-01
3.321959798994975017e+02 8.851694058732462178e-01 8.872946933734207065e-01 8.924428490976111794e-01 8.943533878555842698e-01
3.331005025125627981e+02 8.884675929963417040e-01 8.928288162757415103e-01 8.955754929644682560e-01 8.994944601231580350e-01
3.340050251256281513e+02 8.884899787070934529e-01 8.933924989226590396e-01 8.957043770459315324e-01 9.001104465026611434e-01
3.349095477386935045e+02 8.882273152126786142e-01 8.920675056220065402e-01 8.955290888227969148e-01 8.989870100736339076e-01
3.358140703517588008e+02 8.902269518705070439e-01 8.934727160856907879e-01 8.973714451070354814e-01 9.003015801135956231e-01
3.367185929648240972e+02 8.944177877809494914e-01 8.974273032546076223e-01 9.011973117515452714e-01 9.039192690247462858e-01
3.376231155778894504e+02 9.000639122558451444e-01 9.025783034377006242e-01 9.063690756678960403e-01 9.086451972631491847e-01
3.385276381909548036e+02 9.054314886837248055e-01 9.075461727328492101e-01 9.113268322159085999e-01 9.132353371448290735e-01
3.394321608040200999e+02 9.092857370622527968e-01 9.111834896483029800e-01 9.149165722210342855e-01 9.166186895359725861e-01
3.403366834170853963e+02 9.114354488904315987e-01 9.131569922625619729e-01 9.169126677420789129e-01 9.184396025589867119e-01
3.412412060301507495e+02 9.107368586389802401e-01 9.144894739444091591e-01 9.162783723018887994e-01 9.195555839737107329e-01
3.421457286432161027e+02 9.090913596369024630e-01 9.111579932446957075e-01 9.146092410399391248e-01 9.161958804105447829e-01
3.430502512562813990e+02 9.027123799800248483e-01 8.944150612094601271e-01 9.084446145125087968e-01 9.005247589537705988e-01
3.439547738693467522e+02 8.894825658765995735e-01 8.747606282191673355e-01 8.958793070907998812e-01 8.822407183277127807e-01
3.448592964824121054e+02 8.603809308296155312e-01 8.504655149813113990e-01 8.689588124737511743e-01 8.599018630248835837e-01
3.457638190954774018e+02 8.220028066474627249e-01 8.204230734470764341e-01 8.340506340388229578e-01 8.326183649395041408e-01
3.466683417085426981e+02 7.837192471035209218e-01 7.850297135585155850e-01 7.997081451599764579e-01 8.008839232127836771e-01
3.475728643216080513e+02 7.419068230855474511e-01 7.442831747078153537e-01 7.627167819827461726e-01 7.648152027202048675e-01
3.484773869346734045e+02 6.975916786897807809e-01 6.999409673250892583e-01 7.239765825859170167e-01 7.260220027393913256e-01
3.493819095477387009e+02 6.525398998836944298e-01 6.551225718097125617e-01 6.849382010801974285e-01 6.871676211272929047e-01
3.502864321608039972e+02 6.091505536185364278e-01 6.129476960989883594e-01 6.475291374067947414e-01 6.507991867816708131e-01
3.511909547738693504e+02 5.731699411891306717e-01 5.781681425286033793e-01 6.165402275391070885e-01 6.208495200017717375e-01
3.520954773869347036e+02 5.492186408611602344e-01 5.551917098087407743e-01 5.958737348274456558e-01 6.010366276642951089e-01
3.530000000000000000e+02 5.406271382026056616e-01 5.469361271775482480e-01 5.884447622104987952e-01 5.939052294163701395e-01
