# turbine row, NPA power, NPA power w/SM, our power, our power w/SM (1 rotor pts, 2014 model)
1.730000000000000000e+02 5.358739818685435141e-01 5.384765875834957027e-01 5.826819253004195120e-01 5.849613663324559898e-01
1.739045226130653248e+02 5.442007545228007004e-01 5.465997074522056520e-01 5.899050561756321587e-01 5.920024680077135004e-01
1.748090452261306496e+02 5.686102811516888789e-01 5.704922269853985872e-01 6.110271191304046390e-01 6.126639413493797370e-01
1.757135678391959743e+02 6.058003974999176533e-01 6.070098469387820161e-01 6.431216386846468902e-01 6.441675944771320106e-01
1.766180904522612991e+02 6.509713773663424741e-01 6.515681984437570184e-01 6.821226210901000231e-01 6.826367911775972352e-01
1.775226130653266239e+02 6.980968163799685655e-01 6.983471372658224263e-01 7.230301130268487197e-01 7.232464309840015426e-01
1.784271356783919487e+02 7.442985528253063254e-01 7.442535375284587973e-01 7.635421579917567314e-01 7.635016795681692781e-01
1.793316582914572734e+02 7.879251007842242860e-01 7.877278374979445053e-01 8.023235369510564041e-01 8.021449962428277569e-01
1.802361809045226266e+02 8.283283581971762066e-01 8.280337011457117313e-01 8.388020152023355491e-01 8.385278569359472245e-01
1.811407035175879514e+02 8.709904299706696662e-01 8.707753595776609457e-01 8.779087683405732978e-01 8.776983269052542891e-01
1.820452261306532762e+02 9.036038116931018882e-01 9.036520523251365677e-01 9.083775562624221145e-01 9.084059112733358088e-01
1.829497487437186010e+02 9.178515146624608434e-01 9.177473719435595978e-01 9.220175168661698395e-01 9.218955645821261813e-01
1.838542713567839257e+02 9.208858939948909583e-01 9.213044648385543267e-01 9.251391149139392978e-01 9.254744023063468106e-01
1.847587939698492505e+02 9.207884019169882972e-01 9.219290922075946693e-01 9.251786531213416209e-01 9.261785725454741991e-01
1.856633165829145753e+02 9.182811924690710281e-01 9.199232884354016093e-01 9.228936627077545252e-01 9.243614780077969995e-01
1.865678391959799001e+02 9.152695723096578861e-01 9.168327520185276525e-01 9.200731832637299989e-01 9.214815970004209822e-01
1.874723618090452248e+02 9.132752272708508645e-01 9.147726636075848017e-01 9.181235212232602416e-01 9.194782915374603016e-01
1.883768844221105496e+02 9.100528293754652776e-01 9.113449741747511323e-01 9.150388496001570227e-01 9.162132166145828815e-01
1.892814070351758744e+02 9.040269559897040619e-01 9.054564577197465880e-01 9.094176622369606333e-01 9.107209640143765217e-01
1.901859296482411992e+02 8.970458825768499178e-01 8.988781014685734982e-01 9.029826879947869811e-01 9.046502469235706556e-01
1.910904522613065240e+02 8.911101132363690169e-01 8.934200370522693557e-01 8.975554462133159550e-01 8.996511161768416809e-01
1.919949748743718487e+02 8.884893490894369972e-01 8.910167843840940405e-01 8.951622688967488806e-01 8.974518632590952061e-01
1.928994974874372019e+02 8.900456233736275813e-01 8.923180473215235331e-01 8.965610935268555348e-01 8.986209938153574273e-01
1.938040201005024983e+02 8.943010583653403511e-01 8.958633966364756285e-01 9.004194381779461187e-01 9.018352033196113116e-01
1.947085427135678515e+02 8.981327472221791730e-01 8.987615466736852410e-01 9.038779500462198468e-01 9.044424099018660845e-01
1.956130653266331763e+02 8.972512328228678946e-01 8.975339908194477356e-01 9.029627210047461716e-01 9.032054269088689580e-01
1.965175879396985010e+02 8.900140478721068060e-01 8.903461483765868767e-01 8.961767172082836241e-01 8.964691639632593745e-01
1.974221105527638258e+02 8.761612610190027128e-01 8.767087082003346410e-01 8.833838953946523409e-01 8.838809821995882166e-01
1.983266331658291506e+02 8.568769875378567935e-01 8.582798455387816716e-01 8.658233933585773867e-01 8.670912257967500203e-01
1.992311557788944754e+02 8.377112033639279032e-01 8.401609251136670231e-01 8.485887335816354460e-01 8.507787109793870650e-01
2.001356783919598001e+02 8.242273385185187040e-01 8.274997558568527589e-01 8.365740159174362978e-01 8.394788053479612655e-01
2.010402010050251249e+02 8.207887390527291993e-01 8.243003378245176149e-01 8.335237787789824271e-01 8.366355442854648272e-01
2.019447236180904497e+02 8.285450064024126871e-01 8.315642373222921213e-01 8.404156919010991045e-01 8.431010917995609422e-01
2.028492462311557745e+02 8.448992523348699546e-01 8.469518182066266831e-01 8.550374661169969359e-01 8.568790617812894750e-01
2.037537688442210992e+02 8.647697835212968531e-01 8.658209915473937812e-01 8.729933169020366313e-01 8.739468012154514298e-01
2.046582914572864240e+02 8.828146305754741574e-01 8.832838043494837255e-01 8.895147366849120996e-01 8.899398744167839048e-01
2.055628140703517488e+02 8.943632198588260529e-01 8.947300515182865510e-01 9.002633095997175650e-01 9.005876355995643401e-01
2.064673366834171020e+02 9.006309812715275198e-01 9.011784275954692891e-01 9.062233438235856031e-01 9.067087796252005782e-01
2.073718592964823983e+02 9.025652568755728744e-01 9.035920671968392659e-01 9.081669664041942536e-01 9.090912483036692748e-01
2.082763819095477515e+02 9.029234055784922663e-01 9.047337184476916816e-01 9.085949933673196366e-01 9.102297913775725391e-01
2.091809045226130763e+02 9.046448913515731105e-01 9.065828527766596201e-01 9.102145070146294703e-01 9.119686933793041961e-01
2.100854271356784011e+02 9.080774586928780368e-01 9.097671850687275574e-01 9.133758907469523569e-01 9.149058925214207383e-01
2.109899497487437259e+02 9.120846024709577948e-01 9.133282962579167830e-01 9.170666175614323734e-01 9.181848450901713976e-01
2.118944723618090507e+02 9.145170731504682626e-01 9.152669797368080395e-01 9.193030866241109766e-01 9.199564499406297502e-01
2.127989949748743754e+02 9.136397327203006347e-01 9.136460400583226171e-01 9.183985005433006332e-01 9.183690325243488717e-01
2.137035175879397002e+02 9.074671206291318182e-01 9.072366914190954645e-01 9.124206204292873990e-01 9.121819376281605773e-01
2.146080402010050250e+02 8.869261947417342862e-01 8.865215269148091215e-01 8.931379256687352886e-01 8.927444719220157809e-01
2.155125628140703498e+02 8.595579408351514683e-01 8.593141134416989457e-01 8.678127010168149580e-01 8.675794741110444130e-01
2.164170854271356745e+02 8.291202964536465991e-01 8.291780476123574717e-01 8.400673353624920070e-01 8.401169374286371339e-01
2.173216080402009993e+02 7.945019275913340895e-01 7.950095182550311890e-01 8.090167958493883482e-01 8.094665063723603948e-01
2.182261306532663241e+02 7.560872083667113941e-01 7.572963261506528987e-01 7.750589527016252811e-01 7.761151531688409433e-01
2.191306532663316489e+02 7.186376490227427416e-01 7.208644066613764112e-01 7.423377458198228140e-01 7.442668426793654923e-01
2.200351758793970021e+02 6.884478255238373201e-01 6.916359177769664246e-01 7.161515037011370044e-01 7.189037309153980537e-01
2.209396984924622984e+02 6.708959438691760591e-01 6.746757904518150273e-01 7.009772626511275861e-01 7.042376802427865456e-01
2.218442211055276516e+02 6.692914767982638402e-01 6.731593146019495544e-01 6.995906192559220305e-01 7.029265788646709145e-01
2.227487437185929764e+02 6.838887278314804696e-01 6.872191192250143299e-01 7.122027448598161614e-01 7.150770526875096511e-01
2.236532663316583012e+02 7.118071042922877734e-01 7.141689281165372050e-01 7.363912904577035734e-01 7.384370883049125034e-01
2.245577889447236259e+02 7.478767230554071999e-01 7.491722918614611704e-01 7.678519983894621648e-01 7.689844049942776705e-01
2.254623115577889507e+02 7.856245217344248744e-01 7.862470350636695526e-01 8.011447363758481544e-01 8.016974423873038935e-01
2.263668341708542755e+02 8.197867001581423674e-01 8.199067140757466676e-01 8.317036952003452610e-01 8.318099497276356669e-01
2.272713567839196003e+02 8.504252629769378791e-01 8.501911719400553347e-01 8.595373013031789577e-01 8.593145224189315812e-01
2.281758793969849251e+02 8.769162488325684679e-01 8.765126136375058774e-01 8.839814758163559993e-01 8.835908334742008652e-01
2.290804020100502498e+02 8.983510195713274582e-01 8.981405934973638594e-01 9.040120911765823219e-01 9.037925210604288440e-01
2.299849246231155746e+02 9.064739717624263893e-01 9.064114273874452898e-01 9.117629129295670154e-01 9.116719842987197620e-01
2.308894472361808994e+02 9.081779380110551747e-01 9.087717309406079247e-01 9.134232362943696115e-01 9.139338634535882910e-01
2.317939698492462242e+02 9.059618285588544317e-01 9.070622176720202212e-01 9.113855778889008441e-01 9.123726316745530696e-01
2.326984924623115489e+02 9.017219978289173765e-01 9.032780408397527161e-01 9.074783816974671957e-01 9.088869199127750376e-01
2.336030150753769021e+02 8.976598428295510246e-01 8.995034669851420528e-01 9.037429443821933805e-01 9.054113701058956742e-01
2.345075376884421985e+02 8.951259748332841548e-01 8.969285514172236073e-01 9.013887420382830085e-01 9.030156971918843478e-01
2.354120603015075517e+02 8.941233147693091743e-01 8.951997193052811941e-01 9.003826946043425039e-01 9.013510596706477696e-01
2.363165829145728765e+02 8.924980066078445073e-01 8.930699098958390092e-01 8.987300432266356331e-01 8.992376807507815872e-01
2.372211055276382012e+02 8.869022909185284576e-01 8.872806533151711417e-01 8.933918611896888295e-01 8.937254092136645012e-01
2.381256281407035260e+02 8.760958527971346443e-01 8.765864128979279357e-01 8.833234261762238360e-01 8.837658192047594952e-01
2.390301507537688508e+02 8.591762004044172230e-01 8.600284302973949524e-01 8.678101223695736666e-01 8.685837571520376166e-01
2.399346733668341756e+02 8.397247368900028208e-01 8.414186063432993468e-01 8.502044335432455968e-01 8.517271743871339673e-01
2.408391959798995003e+02 8.227229670376692283e-01 8.253006093830690393e-01 8.349823377890274179e-01 8.372778987767973691e-01
2.417437185929648251e+02 8.130789279552187443e-01 8.162035873378381545e-01 8.264061813672683998e-01 8.291756599332805733e-01
2.426482412060301499e+02 8.137654887345642241e-01 8.168195357940470913e-01 8.270116360808651423e-01 8.297201386460992811e-01
2.435527638190954747e+02 8.243870090353460078e-01 8.267935341953517314e-01 8.364591498413971316e-01 8.386059760598834067e-01
2.444572864321607994e+02 8.413434825724643851e-01 8.428325867540825689e-01 8.516635670974495032e-01 8.530049319902283100e-01
2.453618090452261526e+02 8.594949413093150303e-01 8.601813155406156097e-01 8.681270368069891052e-01 8.687486512429447583e-01
2.462663316582914490e+02 8.733979160450453527e-01 8.738704975833818667e-01 8.809011997878340994e-01 8.813204645964329842e-01
2.471708542713568022e+02 8.812613423610998753e-01 8.815664234953149991e-01 8.882105324720388495e-01 8.884737351377735015e-01
2.480753768844220986e+02 8.830248394732969075e-01 8.835980324253795981e-01 8.899057063527524569e-01 8.904182479982880594e-01
2.489798994974874518e+02 8.800681551142123249e-01 8.813453156660734367e-01 8.872294292862418219e-01 8.883864762237930757e-01
2.498844221105527481e+02 8.758260175735330666e-01 8.778122988878053201e-01 8.833721519088277851e-01 8.851723873058267023e-01
2.507889447236181013e+02 8.733734898901636123e-01 8.756943571083141142e-01 8.811556606908821365e-01 8.832561080887806337e-01
2.516934673366834261e+02 8.744778563849111563e-01 8.767386916681662035e-01 8.821696730571785272e-01 8.842159533785444170e-01
2.525979899497487509e+02 8.788483244156252150e-01 8.807862063027180888e-01 8.861603366016325145e-01 8.879170217233119944e-01
2.535025125628140756e+02 8.847603308100420172e-01 8.863531425319511881e-01 8.915896210175826564e-01 8.930349681705658238e-01
2.544070351758794004e+02 8.905026919695109289e-01 8.919155872825995646e-01 8.969061082261938767e-01 8.981864165396304944e-01
2.553115577889447252e+02 8.938919332049829469e-01 8.953641105673519895e-01 9.001030508284949549e-01 9.014333286144421420e-01
2.562160804020100500e+02 8.962925711075971913e-01 8.976918965962346064e-01 9.023807267717114389e-01 9.036417376871067608e-01
2.571206030150754032e+02 8.985163821281435537e-01 9.001215534148881980e-01 9.044669241802004711e-01 9.059050083948356757e-01
2.580251256281406995e+02 8.997493332879965555e-01 9.011819841173748236e-01 9.056007396167778944e-01 9.068703306553259624e-01
2.589296482412060527e+02 8.983873338438214118e-01 8.994196826307789827e-01 9.042883139372525081e-01 9.051823170912636218e-01
2.598341708542713491e+02 8.940333477863172673e-01 8.942860716871563476e-01 9.000824239709889207e-01 9.002814432339675266e-01
2.607386934673367023e+02 8.836689895464800992e-01 8.837688787707231874e-01 8.901422559191979333e-01 8.902216836897566266e-01
2.616432160804019986e+02 8.583021683805057700e-01 8.582667157959705806e-01 8.663519357357115647e-01 8.663073050590945900e-01
2.625477386934673518e+02 8.159173359956068960e-01 8.158620215832103062e-01 8.275563636487840435e-01 8.274964593698160842e-01
2.634522613065326482e+02 7.772039824298485611e-01 7.772264873700684973e-01 7.926093501968991539e-01 7.926239127948923047e-01
2.643567839195980014e+02 7.358002393967415511e-01 7.358476363940774645e-01 7.557863007495625451e-01 7.558262742613387486e-01
2.652613065326632977e+02 6.914976431918566924e-01 6.916663393036834862e-01 7.169012833846089006e-01 7.170474233626075167e-01
2.661658291457286509e+02 6.463023253204287499e-01 6.466155924986171089e-01 6.776331017756466180e-01 6.779026601074285008e-01
2.670703517587940041e+02 6.019329306512867239e-01 6.026584529024366921e-01 6.393079004148912725e-01 6.399344480695836612e-01
2.679748743718593005e+02 5.640974909902596313e-01 5.653317863520881392e-01 6.066710407485238488e-01 6.077429296047215379e-01
2.688793969849245968e+02 5.374555996064355190e-01 5.391332679331906075e-01 5.836425410560841520e-01 5.851077816439392842e-01
2.697839195979899500e+02 5.256147231036342182e-01 5.275089585414881599e-01 5.733824956432378439e-01 5.750416157716191634e-01
2.706884422110553032e+02 5.302265160554112677e-01 5.320278960019615422e-01 5.773865258281788426e-01 5.789616301431408374e-01
2.715929648241205996e+02 5.506070513240206576e-01 5.520557988086558510e-01 5.950277644580459491e-01 5.962877923097114063e-01
2.724974874371859528e+02 5.838782520794051356e-01 5.848142816197107186e-01 6.237420794983418171e-01 6.245513480729910638e-01
2.734020100502512491e+02 6.256524417310966868e-01 6.261308985137489236e-01 6.597787460642409174e-01 6.601909697357055684e-01
2.743065326633166023e+02 6.704480499620510958e-01 6.706924113396595111e-01 6.985746576474680669e-01 6.987862596611605914e-01
2.752110552763818987e+02 7.147848431143336567e-01 7.148544421473690402e-01 7.372961811293522461e-01 7.373565327169627759e-01
2.761155778894472519e+02 7.573337198999665620e-01 7.573285153623252608e-01 7.749035038018662336e-01 7.748955172243021661e-01
2.770201005025125482e+02 7.963092251328151017e-01 7.962667483363382592e-01 8.098414014815381590e-01 8.097946181029981316e-01
2.779246231155779014e+02 8.363889971114290001e-01 8.363483586899865818e-01 8.462812975296657436e-01 8.462303628897009933e-01
2.788291457286431978e+02 8.705837260545409295e-01 8.706434386409694914e-01 8.779052382145940969e-01 8.779461041302473179e-01
2.797336683417085510e+02 8.848514772080313673e-01 8.850119490133496747e-01 8.914805392176983201e-01 8.916069067694928352e-01
2.806381909547739042e+02 8.921438459832553569e-01 8.929130831477444241e-01 8.984531632209394880e-01 8.991101322850109101e-01
2.815427135678392006e+02 8.945872427305027186e-01 8.958980956502992088e-01 9.007988530594848164e-01 9.019512851741304793e-01
2.824472361809044969e+02 8.944242140328099167e-01 8.956701369931295842e-01 9.006428093801709389e-01 9.017539538755156014e-01
2.833517587939698501e+02 8.930739610982643129e-01 8.944741474504901424e-01 8.993416514561654029e-01 9.006007566348309679e-01
2.842562814070352033e+02 8.898270107886881997e-01 8.912594465843554081e-01 8.962935897536651320e-01 8.975886239185005833e-01
2.851608040201004997e+02 8.846302781245343194e-01 8.862643229599047601e-01 8.914824776675283058e-01 8.929639497911134871e-01
2.860653266331658529e+02 8.794172680810773413e-01 8.813114445160047383e-01 8.866867213270613890e-01 8.884041010385588244e-01
2.869698492462311492e+02 8.754593450317059711e-01 8.775434260383554452e-01 8.830609925731521814e-01 8.849482444975871331e-01
2.878743718592965024e+02 8.736814983624257014e-01 8.756947756033953700e-01 8.814227578471738322e-01 8.832443800610116913e-01
2.887788944723617988e+02 8.740799124098687090e-01 8.754063469622174187e-01 8.817460072769263135e-01 8.829478840676762141e-01
2.896834170854271520e+02 8.751700502573387386e-01 8.760560311362687314e-01 8.826589136438725003e-01 8.834588106338964186e-01
2.905879396984924483e+02 8.729338404796737061e-01 8.736254727133797582e-01 8.805189322280805309e-01 8.811404186614711920e-01
2.914924623115578015e+02 8.659375092202322710e-01 8.665763473629600755e-01 8.740363259897139248e-01 8.746135035353205245e-01
2.923969849246230979e+02 8.533813114297619240e-01 8.544980140337095076e-01 8.625617141844826863e-01 8.635730283309474009e-01
2.933015075376884511e+02 8.396731384337823290e-01 8.415397528517132297e-01 8.501567258273423633e-01 8.518365864716439528e-01
2.942060301507538043e+02 8.291783718260636871e-01 8.317121542301812998e-01 8.407384471538766890e-01 8.430047602679685559e-01
2.951105527638191006e+02 8.257763649520233340e-01 8.285460242680500187e-01 8.376998186496913412e-01 8.401721388602619855e-01
2.960150753768843970e+02 8.309340552723214479e-01 8.333947927755072094e-01 8.423120309883831425e-01 8.445153203267744546e-01
2.969195979899497502e+02 8.429848067611229734e-01 8.447587875914165378e-01 8.531439508780623848e-01 8.547441088399080344e-01
2.978241206030151034e+02 8.580818215364566237e-01 8.591471763533736761e-01 8.668403834740326941e-01 8.678090718783028068e-01
2.987286432160803997e+02 8.722049339368139753e-01 8.728700539989947549e-01 8.798031238130549214e-01 8.804067881854893418e-01
2.996331658291457529e+02 8.810707366965835341e-01 8.817950566701270310e-01 8.880964985334741657e-01 8.887448847495833526e-01
3.005376884422110493e+02 8.863514639451567367e-01 8.871425949592036675e-01 8.931418294356060494e-01 8.938454198981807819e-01
3.014422110552764025e+02 8.896319445501732481e-01 8.906893223094386469e-01 8.962895950773956955e-01 8.972306336167215068e-01
3.023467336683416988e+02 8.917676341599611867e-01 8.929824206623259153e-01 8.982767388857820778e-01 8.993524211132152280e-01
3.032512562814070520e+02 8.918468160074017881e-01 8.924833308322149827e-01 8.982739557153409660e-01 8.988249303621302921e-01
3.041557788944724052e+02 8.873629317896959412e-01 8.874645534745672082e-01 8.939488001550288665e-01 8.940174298096119632e-01
3.050603015075377016e+02 8.738420307975236501e-01 8.736908991437992711e-01 8.812529052411858244e-01 8.810921286672549479e-01
3.059648241206029979e+02 8.540433411756791493e-01 8.540021781612503471e-01 8.628862116425942697e-01 8.628365071255030827e-01
3.068693467336683511e+02 8.288686574770792737e-01 8.291294656813946728e-01 8.399064075369619964e-01 8.401393087202821963e-01
3.077738693467337043e+02 7.990937278158137813e-01 7.997211439271922906e-01 8.131327433754294010e-01 8.136916082067096045e-01
3.086783919597990007e+02 7.658901311538610646e-01 7.673432893919990283e-01 7.836838023360155336e-01 7.849607962234013137e-01
3.095829145728642970e+02 7.353578682557767587e-01 7.378097828326778407e-01 7.569056897262356198e-01 7.590399753803538374e-01
3.104874371859296502e+02 7.133397211745684530e-01 7.166183431006208915e-01 7.377313612511736673e-01 7.405718890607971838e-01
3.113919597989950034e+02 7.045585031055049408e-01 7.082109370541680438e-01 7.301080300085303065e-01 7.332681457391696522e-01
3.122964824120602998e+02 7.110479890165439798e-01 7.143526652834557567e-01 7.357371609644286492e-01 7.385993811258392272e-01
3.132010050251255961e+02 7.314171583570171498e-01 7.339532699686961426e-01 7.534594729798157475e-01 7.556655677091573819e-01
3.141055276381909493e+02 7.613320971145769445e-01 7.628797828870016451e-01 7.796620343703007938e-01 7.810206697163759593e-01
3.150100502512563025e+02 7.950113537542363717e-01 7.957040414984157817e-01 8.094855431943640545e-01 8.101018565683025807e-01
3.159145728643215989e+02 8.259716171135305096e-01 8.262799998502515786e-01 8.372775187663565877e-01 8.375536780110088841e-01
3.168190954773869521e+02 8.528488931331584810e-01 8.528321771084655945e-01 8.617643948038880009e-01 8.617379263856808080e-01
3.177236180904523053e+02 8.745660708169610276e-01 8.744209868579335687e-01 8.818644887363870088e-01 8.817087489782710064e-01
3.186281407035176017e+02 8.911860098188361112e-01 8.912307557048830819e-01 8.974267678305773988e-01 8.974421763356689175e-01
3.195326633165828980e+02 8.980506460371165955e-01 8.986020587626286638e-01 9.039810801542621510e-01 9.044525732767633164e-01
3.204371859296482512e+02 8.995537153268216013e-01 9.007748634480808869e-01 9.054566681490262559e-01 9.065355487873005824e-01
3.213417085427136044e+02 8.985467941872767872e-01 8.998031423535092221e-01 9.045166520872367499e-01 9.056359485348819405e-01
3.222462311557789008e+02 8.961065516016837318e-01 8.970536176275680784e-01 9.021534295738434794e-01 9.029986157405706093e-01
3.231507537688441971e+02 8.916333763569007642e-01 8.924408357867598118e-01 8.978500519290765203e-01 8.985736705479058228e-01
3.240552763819095503e+02 8.839941432728840587e-01 8.847725850398618919e-01 8.906538147371518832e-01 8.913598441161597608e-01
3.249597989949749035e+02 8.707392975657550771e-01 8.718032685830900963e-01 8.784429192034988176e-01 8.794116498717132746e-01
3.258643216080401999e+02 8.553499639376789254e-01 8.571801174273215862e-01 8.644475634524864116e-01 8.661009360603394436e-01
3.267688442211054962e+02 8.420555006191449143e-01 8.447146477655335106e-01 8.524796668413473499e-01 8.548629673082750458e-01
3.276733668341708494e+02 8.352905593824201391e-01 8.384033880909745884e-01 8.464273070657361009e-01 8.492065572819599284e-01
3.285778894472362026e+02 8.375537103032523190e-01 8.405052139440529757e-01 8.484492272555106407e-01 8.510879079092529276e-01
3.294824120603014990e+02 8.480013148740799256e-01 8.502382041536986623e-01 8.578200852487299910e-01 8.598319849329336684e-01
3.303869346733668522e+02 8.628288076192327516e-01 8.641682611183904017e-01 8.712297173259733185e-01 8.724440368162684756e-01
3.312914572864322054e+02 8.771977192607315343e-01 8.778755204092497655e-01 8.843639968051040245e-01 8.849792530063277374e-01
3.321959798994975017e+02 8.863037113589636862e-01 8.870328748404850971e-01 8.928018185201899160e-01 8.934582928919162503e-01
3.331005025125627981e+02 8.895452544596720301e-01 8.904294729508472894e-01 8.959074824883710431e-01 8.967042648187603104e-01
3.340050251256281513e+02 8.894376802771111201e-01 8.907475741208275011e-01 8.959223484658630499e-01 8.971089986305712527e-01
3.349095477386935045e+02 8.889984291003708572e-01 8.911373044915891217e-01 8.955862524298349170e-01 8.975227202959602524e-01
3.358140703517588008e+02 8.908608801767995411e-01 8.931133365394686718e-01 8.973137883121488079e-01 8.993565504264587895e-01
3.367185929648240972e+02 8.952390005745178847e-01 8.972551057761680715e-01 9.013306041414408387e-01 9.031635281633216827e-01
3.376231155778894504e+02 9.011203395809191941e-01 9.027945939155676003e-01 9.067504452705692497e-01 9.082746617158968805e-01
3.385276381909548036e+02 9.068589759961354080e-01 9.083131215236374123e-01 9.120884552578502058e-01 9.134085314797062427e-01
3.394321608040200999e+02 9.110855670343938062e-01 9.124843642353688278e-01 9.160679150121670000e-01 9.173292442999593232e-01
3.403366834170853963e+02 9.131883427525356867e-01 9.146463875147818889e-01 9.180995650148194853e-01 9.194039622704586190e-01
3.412412060301507495e+02 9.152050714792315800e-01 9.165195603609322950e-01 9.199808760654567541e-01 9.211380589126381135e-01
3.421457286432161027e+02 9.157453324594417854e-01 9.163765988589912537e-01 9.203688054241266903e-01 9.208968501201679757e-01
3.430502512562813990e+02 9.115814125167573945e-01 9.117209542851482107e-01 9.162424165948070964e-01 9.163430330956304770e-01
3.439547738693467522e+02 9.002858479208274423e-01 9.001455095680183094e-01 9.053296960642001068e-01 9.051827612075065144e-01
3.448592964824121054e+02 8.692450321116962364e-01 8.690260187145316673e-01 8.763336137347156329e-01 8.761171989795299986e-01
3.457638190954774018e+02 8.272881455409805129e-01 8.269997461630613778e-01 8.378795807493757408e-01 8.376096930742443769e-01
3.466683417085426981e+02 7.876389249386144265e-01 7.874265041380401620e-01 8.020717300772342018e-01 8.018793153551816433e-01
3.475728643216080513e+02 7.446767613646499973e-01 7.446209216873855841e-01 7.638724680719010118e-01 7.638229218899251771e-01
3.484773869346734045e+02 6.989451785758418190e-01 6.992086873576005557e-01 7.237665307472803677e-01 7.239950558971325334e-01
3.493819095477387009e+02 6.521549034138601764e-01 6.527571942767782520e-01 6.831468400371878413e-01 6.836656861690808551e-01
3.502864321608039972e+02 6.069426136613759182e-01 6.081878506579917465e-01 6.441073590022287076e-01 6.451832862626771803e-01
3.511909547738693504e+02 5.694872437656136599e-01 5.714064530955192955e-01 6.117803981913629841e-01 6.134485865858604337e-01
3.520954773869347036e+02 5.446086390351733142e-01 5.470349514863915852e-01 5.902462528306032796e-01 5.923679415198541687e-01
3.530000000000000000e+02 5.356962158310734079e-01 5.383021011124879962e-01 5.825092990304530094e-01 5.847941223620940487e-01
