# turbine row, NPA power, NPA power w/SM, our power, our power w/SM (100 rotor pts, 2014 model)
1.730000000000000000e+02 5.753853544644225160e-01 5.911729223428765501e-01 6.185729499423909816e-01 6.321677422731104556e-01
1.739045226130653248e+02 5.828281978700136090e-01 5.978807782672042048e-01 6.249827259183097228e-01 6.379415660703561253e-01
1.748090452261306496e+02 6.042635222295960062e-01 6.173227166692520917e-01 6.434351134650028170e-01 6.546776752452820869e-01
1.757135678391959743e+02 6.359606255809880926e-01 6.468502984655530863e-01 6.707358953434494619e-01 6.801268636420276792e-01
1.766180904522612991e+02 6.724864029984501945e-01 6.827839973281967234e-01 7.022856504966896729e-01 7.112086693390804459e-01
1.775226130653266239e+02 7.120364234125241554e-01 7.213271152871486569e-01 7.366473220403836342e-01 7.447648892027133316e-01
1.784271356783919487e+02 7.508665150888452766e-01 7.593214531743265328e-01 7.706738833072201977e-01 7.781455112873342239e-01
1.793316582914572734e+02 7.865269992526761067e-01 7.944927139675175276e-01 8.022740271559756220e-01 8.093822939078675338e-01
1.802361809045226266e+02 8.288634933811596106e-01 8.254716715129604143e-01 8.402547350974716167e-01 8.372147974415832250e-01
1.811407035175879514e+02 8.662135216002080362e-01 8.518810211657654730e-01 8.743078176988213768e-01 8.612059729319370138e-01
1.820452261306532762e+02 8.908549062598620782e-01 8.738458065247959317e-01 8.971707727460245252e-01 8.813661425423778839e-01
1.829497487437186010e+02 9.036515083014613481e-01 8.914905849506128410e-01 9.092795149688678302e-01 8.977183821297504140e-01
1.838542713567839257e+02 9.113669987822675678e-01 9.050440069340577320e-01 9.165006336669676568e-01 9.104076396939141391e-01
1.847587939698492505e+02 9.179610582817604447e-01 9.165075781597513682e-01 9.226590446108651200e-01 9.212024823527998896e-01
1.856633165829145753e+02 9.174189721405948683e-01 9.196559995390752862e-01 9.223695009002198519e-01 9.243343641035806080e-01
1.865678391959799001e+02 9.151535008012464667e-01 9.181203296586232243e-01 9.203656021295785195e-01 9.230127994356313037e-01
1.874723618090452248e+02 9.133741350233431922e-01 9.164677557422407084e-01 9.186979613100196840e-01 9.214784273924695457e-01
1.883768844221105496e+02 9.100567030756415710e-01 9.135422437959513919e-01 9.155909370292740768e-01 9.187431938418489930e-01
1.892814070351758744e+02 9.051491719128446078e-01 9.093130554345656424e-01 9.110406058305063892e-01 9.148197567222114968e-01
1.901859296482411992e+02 8.994175151618376551e-01 9.045764571637791018e-01 9.057797820818725976e-01 9.104603102215472754e-01
1.910904522613065240e+02 8.945174284401041787e-01 9.006315521923495826e-01 9.013117259990600649e-01 9.068485365940385234e-01
1.919949748743718487e+02 8.922918067967143818e-01 8.986271957521350107e-01 8.992803707058231177e-01 9.050111786828949345e-01
1.928994974874372019e+02 8.930472891911246380e-01 8.992185312635644356e-01 8.999471459642383042e-01 9.055251436961010425e-01
1.938040201005024983e+02 8.962284915114905326e-01 9.021584272164212548e-01 9.028023951068157027e-01 9.081516962816539307e-01
1.947085427135678515e+02 8.988276446666568775e-01 9.034891361382412223e-01 9.051052429550016099e-01 9.092966378911450098e-01
1.956130653266331763e+02 8.977352269873107860e-01 9.005747031765511945e-01 9.040087500047636615e-01 9.065538967294027861e-01
1.965175879396985010e+02 8.913221995252726959e-01 8.931241892633124957e-01 8.980408358748421804e-01 8.996579985077955977e-01
1.974221105527638258e+02 8.784509720506280539e-01 8.815942168342157936e-01 8.862337032249339996e-01 8.890755723482498540e-01
1.983266331658291506e+02 8.622215500355655537e-01 8.676823272837150824e-01 8.715020817810692488e-01 8.764229673341041860e-01
1.992311557788944754e+02 8.463046834075128588e-01 8.543790154317979502e-01 8.571993441473946262e-01 8.644285781566668492e-01
2.001356783919598001e+02 8.351903416080176390e-01 8.452459646512706648e-01 8.472859146889820670e-01 8.562471970925458198e-01
2.010402010050251249e+02 8.324061779692601970e-01 8.429960798745922412e-01 8.448119095017299074e-01 8.542385738323075017e-01
2.019447236180904497e+02 8.388759284539344385e-01 8.482929695804819481e-01 8.505701898157337348e-01 8.589748882028426236e-01
2.028492462311557745e+02 8.524782410389180054e-01 8.595694203281615264e-01 8.627381618439423638e-01 8.691027526531530656e-01
2.037537688442210992e+02 8.691131366734401453e-01 8.736671599825313050e-01 8.777480857311455997e-01 8.818604028218084423e-01
2.046582914572864240e+02 8.828210465823917996e-01 8.872616775932634647e-01 8.902650629820056949e-01 8.942780327577778410e-01
2.055628140703517488e+02 8.928996773207840132e-01 8.980772661491802644e-01 8.996004225670702903e-01 9.042559247160895097e-01
2.064673366834171020e+02 8.994925558512824049e-01 9.052762800416175315e-01 9.057958666766242617e-01 9.109703297020501633e-01
2.073718592964823983e+02 9.023456387012743773e-01 9.087713676076067948e-01 9.085445418932571737e-01 9.143021628970217085e-01
2.082763819095477515e+02 9.058547256396256575e-01 9.095946129561042204e-01 9.117983799819397994e-01 9.151667796045780401e-01
2.091809045226130763e+02 9.060469011646733462e-01 9.101744738757655551e-01 9.120394600811329022e-01 9.157593231549004953e-01
2.100854271356784011e+02 9.082931295395839655e-01 9.120640673986747382e-01 9.140988108444844107e-01 9.174914538447794810e-01
2.109899497487437259e+02 9.103957680452585688e-01 9.145212075144157904e-01 9.160066487770370802e-01 9.196794928332323593e-01
2.118944723618090507e+02 9.110992045466117517e-01 9.139177949101521259e-01 9.165856262081008010e-01 9.189809864491202962e-01
2.127989949748743754e+02 9.085748198808961673e-01 9.079228608724845273e-01 9.140963043652324815e-01 9.132799262059109191e-01
2.137035175879397002e+02 8.979390108899718559e-01 8.969723090332337723e-01 9.040710740912817345e-01 9.030410293469984806e-01
2.146080402010050250e+02 8.806256349522343374e-01 8.813151246623169843e-01 8.879829577786131356e-01 8.885470509326713895e-01
2.155125628140703498e+02 8.592725426482904494e-01 8.608018512403409206e-01 8.683768118482372289e-01 8.697414623301622516e-01
2.164170854271356745e+02 8.335390943122855667e-01 8.357566427635482187e-01 8.450488600769526792e-01 8.470300109729813620e-01
2.173216080402009993e+02 8.031374088426265212e-01 8.072010795598527633e-01 8.178326920895262475e-01 8.214384003106592891e-01
2.182261306532663241e+02 7.703285007892559655e-01 7.771717009038408008e-01 7.888134438324226894e-01 7.948299525338130556e-01
2.191306532663316489e+02 7.389282744362877242e-01 7.489102696254402725e-01 7.613199930603511412e-01 7.700270578577315117e-01
2.200351758793970021e+02 7.136005350073487685e-01 7.264112483935055709e-01 7.393006867600689924e-01 7.504172753027086307e-01
2.209396984924622984e+02 6.988444148312487059e-01 7.133799564325056242e-01 7.265226235318225090e-01 7.391047432282822349e-01
2.218442211055276516e+02 6.975160117188069497e-01 7.122207979945066603e-01 7.253733348376417700e-01 7.380997115626126703e-01
2.227487437185929764e+02 7.098257388436854942e-01 7.230255562853309392e-01 7.360275057094857187e-01 7.474752228339115456e-01
2.236532663316583012e+02 7.332642527655997000e-01 7.437269373776702608e-01 7.563848416186950141e-01 7.655021980928954362e-01
2.245577889447236259e+02 7.624158007552229721e-01 7.707815589260816891e-01 7.818664075727178586e-01 7.892134537292527785e-01
2.254623115577889507e+02 7.919462661548103410e-01 8.001805313863963320e-01 8.079116800188365088e-01 8.152164979191711680e-01
2.263668341708542755e+02 8.210044121805939454e-01 8.285010820283881250e-01 8.338297753137176027e-01 8.405437101375861086e-01
2.272713567839196003e+02 8.469659246063271363e-01 8.535269342476800025e-01 8.573151723256626777e-01 8.631844040883475122e-01
2.281758793969849251e+02 8.733942708620822115e-01 8.741265003672221701e-01 8.815042153265210123e-01 8.820214182477191800e-01
2.290804020100502498e+02 8.909637379284518488e-01 8.898916133648090421e-01 8.978194596413092698e-01 8.965734459237491016e-01
2.299849246231155746e+02 9.001046401045323941e-01 9.009779736089502666e-01 9.063877783503828667e-01 9.069035566024888917e-01
2.308894472361808994e+02 9.058772181184935324e-01 9.070696598756025075e-01 9.116886840258302538e-01 9.126704466114236025e-01
2.317939698492462242e+02 9.058651215886326380e-01 9.079832339059117352e-01 9.117608764488667195e-01 9.136470536009996257e-01
2.326984924623115489e+02 9.020368825963976933e-01 9.053040883875116407e-01 9.083213546682981088e-01 9.112603589198102760e-01
2.336030150753769021e+02 8.983790208426724044e-01 9.029568453076626255e-01 9.049949327656585663e-01 9.091139393034197713e-01
2.345075376884421985e+02 8.961630612907681703e-01 9.021940512158331815e-01 9.029384700920790596e-01 9.083533130372708486e-01
2.354120603015075517e+02 8.953867150981800194e-01 9.014347615412969805e-01 9.021262761196402469e-01 9.075478977224495925e-01
2.363165829145728765e+02 8.934564652398713225e-01 8.979935126704690074e-01 9.002062639511655417e-01 9.042705591974885548e-01
2.372211055276382012e+02 8.880291943596408943e-01 8.908699188918020040e-01 8.950857846908945037e-01 8.976337020757139129e-01
2.381256281407035260e+02 8.776247463176556352e-01 8.803804376134520826e-01 8.854742579378829248e-01 8.879577642928856429e-01
2.390301507537688508e+02 8.627345599495048756e-01 8.671048849104199263e-01 8.718858785677839895e-01 8.758267966374909674e-01
2.399346733668341756e+02 8.463242335502330072e-01 8.529926151389027877e-01 8.570639991552266856e-01 8.630482049974090852e-01
2.408391959798995003e+02 8.321296568473497413e-01 8.410466596928899419e-01 8.443557878433278763e-01 8.523141490880516979e-01
2.417437185929648251e+02 8.240994640757857148e-01 8.343608882280402206e-01 8.372068116602472410e-01 8.463363470400246946e-01
2.426482412060301499e+02 8.246345553434210052e-01 8.347251620015794238e-01 8.376809795336969122e-01 8.466608018719335993e-01
2.435527638190954747e+02 8.333945355559880808e-01 8.418792636211511748e-01 8.454830474449335220e-01 8.530601622241676951e-01
2.444572864321607994e+02 8.474403447439293746e-01 8.535760895037072249e-01 8.580739041476864726e-01 8.635815411746634584e-01
2.453618090452261526e+02 8.622659750207807283e-01 8.665170680223207578e-01 8.714879067811648339e-01 8.753133102088028750e-01
2.462663316582914490e+02 8.725623201739406420e-01 8.777128912121546778e-01 8.809235967310122817e-01 8.855464534229616769e-01
2.471708542713568022e+02 8.801330718314029911e-01 8.853138708711368876e-01 8.879084184298596805e-01 8.925412173980540320e-01
2.480753768844220986e+02 8.824382869368987414e-01 8.887292085124245400e-01 8.900812424833571823e-01 8.957105216347981402e-01
2.489798994974874518e+02 8.819271674522928262e-01 8.880273718744231548e-01 8.896290468121258455e-01 8.951169496973595541e-01
2.498844221105527481e+02 8.795627407457659030e-01 8.850311023991422887e-01 8.874929811773087929e-01 8.924305703397437117e-01
2.507889447236181013e+02 8.769401397634776218e-01 8.833550029230455847e-01 8.851417502188461128e-01 8.909313421576705583e-01
2.516934673366834261e+02 8.778703033879893258e-01 8.844006353414352040e-01 8.859977429528662629e-01 8.918922955887894632e-01
2.525979899497487509e+02 8.814376235284659966e-01 8.873210367224356743e-01 8.892474711207399851e-01 8.945617509765019237e-01
2.535025125628140756e+02 8.862097565970863400e-01 8.912715014154526383e-01 8.936137008070469401e-01 8.981853405060556961e-01
2.544070351758794004e+02 8.904737553198266431e-01 8.951937524294543147e-01 8.975486547871437404e-01 9.018016445617795807e-01
2.553115577889447252e+02 8.927765873955978426e-01 8.982943709871693549e-01 8.997131930235078290e-01 9.046702285290855183e-01
2.562160804020100500e+02 8.946927577233466655e-01 9.001201944688353995e-01 9.014957333416494523e-01 9.063506894171233785e-01
2.571206030150754032e+02 8.948279942691530486e-01 9.007149336853029764e-01 9.016257170785468844e-01 9.068423794546327521e-01
2.580251256281406995e+02 8.939545545117795200e-01 9.007332003724080050e-01 9.007553773203392788e-01 9.066307380008918892e-01
2.589296482412060527e+02 8.905681215638101555e-01 8.920446112594651034e-01 8.974774928453761458e-01 8.983875060419206360e-01
2.598341708542713491e+02 8.835646353347388349e-01 8.797193395301071694e-01 8.907465634641952290e-01 8.868562866894581509e-01
2.607386934673367023e+02 8.660512162837136207e-01 8.624308025682618783e-01 8.743723851002778158e-01 8.708811309008634982e-01
2.616432160804019986e+02 8.396900164604420569e-01 8.403306447648815070e-01 8.501771064565023517e-01 8.506586672341105437e-01
2.625477386934673518e+02 8.123661825594910013e-01 8.137549648436850358e-01 8.253653716456121892e-01 8.265799341024402391e-01
2.634522613065326482e+02 7.807785422341373405e-01 7.831595875661548911e-01 7.970281077852777729e-01 7.991364323697127681e-01
2.643567839195980014e+02 7.457629435950943186e-01 7.489355680638479784e-01 7.659701548945340166e-01 7.687601196496166578e-01
2.652613065326632977e+02 7.076216197178233358e-01 7.122248652210212416e-01 7.324878007807773539e-01 7.365036066834680373e-01
2.661658291457286509e+02 6.678933020326772718e-01 6.747649346398350012e-01 6.979198402696128456e-01 7.038748269814742997e-01
2.670703517587940041e+02 6.296589032462530655e-01 6.391661425448172951e-01 6.648658256855776161e-01 6.730674604053897836e-01
2.679748743718593005e+02 5.967357051585152616e-01 6.088497394063676627e-01 6.365010438244647073e-01 6.469308097949123537e-01
2.688793969849245968e+02 5.733330427866365486e-01 5.875024100237443703e-01 6.163554758928876387e-01 6.285531159009452029e-01
2.697839195979899500e+02 5.629017175736434897e-01 5.780403990896701982e-01 6.073725452252762835e-01 6.204086232902690234e-01
2.706884422110553032e+02 5.670752950358741717e-01 5.818147300903807606e-01 6.109674149845091273e-01 6.236575687317865713e-01
2.715929648241205996e+02 5.851597085998299086e-01 5.982667989129096808e-01 6.265367301334523464e-01 6.378188632982557671e-01
2.724974874371859528e+02 6.141673635718849500e-01 6.250035902804035315e-01 6.515125108310413360e-01 6.608498013938010063e-01
2.734020100502512491e+02 6.484016195160339224e-01 6.585601529377644869e-01 6.810472357846012459e-01 6.898335499771169887e-01
2.743065326633166023e+02 6.858760806110366648e-01 6.952520091062691643e-01 7.135291612099284864e-01 7.216952165745404990e-01
2.752110552763818987e+02 7.233221436540179239e-01 7.321513538223410889e-01 7.462273319358059265e-01 7.539883745978481766e-01
2.761155778894472519e+02 7.571210457120157722e-01 7.671852697659260478e-01 7.760351573576516060e-01 7.849418236796347204e-01
2.770201005025125482e+02 7.953557852188412047e-01 7.991147998192712487e-01 8.101377402159757324e-01 8.134420150439626296e-01
2.779246231155779014e+02 8.318681092147585110e-01 8.271760033701586190e-01 8.431797328023090676e-01 8.387428621475441215e-01
2.788291457286431978e+02 8.557977507714742416e-01 8.508318324059390703e-01 8.652188876272373097e-01 8.602808688439950169e-01
2.797336683417085510e+02 8.710179195192412349e-01 8.697802438396572411e-01 8.793987400713831892e-01 8.776989567818974658e-01
2.806381909547739042e+02 8.837328503592704054e-01 8.836739501011087183e-01 8.910751903477902580e-01 8.906079967626199245e-01
2.815427135678392006e+02 8.904138848175920939e-01 8.929363932774615487e-01 8.972918464339858513e-01 8.993459355890386364e-01
2.824472361809044969e+02 8.936084871101088734e-01 8.967746573044867997e-01 9.002979599259268717e-01 9.030936390256566471e-01
2.833517587939698501e+02 8.927285823512725038e-01 8.952410318278212209e-01 8.995656730865755346e-01 9.018100764181776752e-01
2.842562814070352033e+02 8.891265059832562656e-01 8.928156489241009242e-01 8.962935242693071958e-01 8.996074319089716331e-01
2.851608040201004997e+02 8.849192787144736227e-01 8.897894898706378841e-01 8.924395731388036213e-01 8.968285876641354237e-01
2.860653266331658529e+02 8.808310552045063302e-01 8.864584868032016063e-01 8.886996773930802007e-01 8.937759915531383603e-01
2.869698492462311492e+02 8.779477684853541630e-01 8.836486583240135140e-01 8.860615961242687133e-01 8.912039268973052097e-01
2.878743718592965024e+02 8.760216693352157469e-01 8.834061793376217775e-01 8.842954877988640217e-01 8.909443921459351268e-01
2.887788944723617988e+02 8.767690155563427901e-01 8.840388099317318948e-01 8.849194853695279139e-01 8.914661130223401342e-01
2.896834170854271520e+02 8.774069458003825872e-01 8.827860380734209311e-01 8.854208364893292327e-01 8.902612098002590235e-01
2.905879396984924483e+02 8.750885287105665267e-01 8.784425037827283678e-01 8.832294898151340501e-01 8.862435698987659594e-01
2.914924623115578015e+02 8.676407757523996178e-01 8.713591158529693237e-01 8.763965491813350273e-01 8.797423958210783823e-01
2.923969849246230979e+02 8.569844350340076744e-01 8.621554439829628436e-01 8.666981990368080035e-01 8.713520629745976631e-01
2.933015075376884511e+02 8.456271855253489900e-01 8.527234221025188354e-01 8.564427151785911629e-01 8.628114270532791785e-01
2.942060301507538043e+02 8.370459170916600966e-01 8.457875156642012948e-01 8.487447263020402310e-01 8.565656881341316975e-01
2.951105527638191006e+02 8.343445032011723717e-01 8.436822883067806034e-01 8.463303684397800453e-01 8.546759993831528623e-01
2.960150753768843970e+02 8.386973877331757032e-01 8.472963272695867021e-01 8.502243599095946625e-01 8.579232948842097084e-01
2.969195979899497502e+02 8.487614013861098927e-01 8.556502480137143651e-01 8.592655559879354144e-01 8.654569060425728599e-01
2.978241206030151034e+02 8.614462779063797315e-01 8.664127835517927423e-01 8.707476316080091649e-01 8.752265544873057967e-01
2.987286432160803997e+02 8.720763809823225410e-01 8.770149935025866039e-01 8.804860394242803867e-01 8.849324774825818585e-01
2.996331658291457529e+02 8.791313121902417649e-01 8.856613494696501387e-01 8.870758858620813037e-01 8.929208659969741779e-01
3.005376884422110493e+02 8.845002069705334424e-01 8.915245692621196483e-01 8.921371316128723361e-01 8.983850118192693301e-01
3.014422110552764025e+02 8.879556237504735439e-01 8.939853881767723109e-01 8.953823188581526704e-01 9.007144934827419069e-01
3.023467336683416988e+02 8.896865273754207548e-01 8.944311527922998994e-01 8.969512963806958172e-01 9.011118515109113325e-01
3.032512562814070520e+02 8.891589707626196271e-01 8.927719782597238751e-01 8.963384186821858890e-01 8.994275240449967068e-01
3.041557788944724052e+02 8.832676537795137728e-01 8.857239374589599423e-01 8.907380771005737330e-01 8.928144291688581147e-01
3.050603015075377016e+02 8.718039914540138824e-01 8.738612165704473522e-01 8.800368170501696730e-01 8.818336974318068400e-01
3.059648241206029979e+02 8.548933182813995835e-01 8.570547181150377503e-01 8.644984630117884539e-01 8.664244247897125994e-01
3.068693467336683511e+02 8.331448667017683496e-01 8.358240307905855371e-01 8.447567054206922554e-01 8.471483405747413098e-01
3.077738693467337043e+02 8.066376121881929651e-01 8.113870548044587183e-01 8.209762433244649493e-01 8.251979877179181910e-01
3.086783919597990007e+02 7.785722759623407985e-01 7.861187728562714083e-01 7.960808977579708623e-01 8.027366737075648517e-01
3.095829145728642970e+02 7.529770950499238280e-01 7.635065971934961171e-01 7.735898628114576958e-01 7.828115358094968057e-01
3.104874371859296502e+02 7.345489945302733359e-01 7.474398538364142031e-01 7.575010485962543338e-01 7.687402730230832315e-01
3.113919597989950034e+02 7.272495184990215300e-01 7.411550476917957431e-01 7.511482987240922782e-01 7.632528807637294355e-01
3.122964824120602998e+02 7.328139308379665318e-01 7.459382594299280855e-01 7.559882466168762472e-01 7.674270222673960085e-01
3.132010050251255961e+02 7.500446522646323499e-01 7.609949222788431333e-01 7.710207160412286820e-01 7.806045987714411716e-01
3.141055276381909493e+02 7.752219538286391209e-01 7.832906019121977925e-01 7.931215558907769303e-01 8.002322510075423612e-01
3.150100502512563025e+02 8.018471187205664652e-01 8.089565115279472307e-01 8.166984923705472577e-01 8.230222557525662674e-01
3.159145728643215989e+02 8.275639657611163491e-01 8.343675922163356073e-01 8.397212083492977541e-01 8.458234067603510598e-01
3.168190954773869521e+02 8.499276881834617603e-01 8.569317624007571910e-01 8.600186282958584005e-01 8.662917914652411566e-01
3.177236180904523053e+02 8.710898747240052309e-01 8.752698817594372072e-01 8.794632375010082992e-01 8.830927990810562012e-01
3.186281407035176017e+02 8.859193305119633655e-01 8.888032136798187377e-01 8.932480457316417377e-01 8.956041806222889701e-01
3.195326633165828980e+02 8.937948507009604304e-01 8.976825979449895021e-01 9.006281661363683133e-01 9.039029843669256215e-01
3.204371859296482512e+02 8.985909736719441820e-01 9.014874232660992082e-01 9.050466415174961421e-01 9.075595638319373659e-01
3.213417085427136044e+02 8.981589484802887657e-01 9.015536828704147077e-01 9.046872677975204002e-01 9.076809555996508960e-01
3.222462311557789008e+02 8.959549239010931032e-01 9.001521005317209001e-01 9.025890591490618453e-01 9.063272005215649019e-01
3.231507537688441971e+02 8.924017253710747610e-01 8.955735170724595795e-01 8.991839958944430888e-01 9.020281240121481581e-01
3.240552763819095503e+02 8.848651977584358619e-01 8.879555930417323273e-01 8.921670931939431615e-01 8.949590532338034254e-01
3.249597989949749035e+02 8.734422935265231391e-01 8.778948049012922361e-01 8.816952569068775558e-01 8.857223100039126606e-01
3.258643216080401999e+02 8.606021116042517072e-01 8.670657683998339582e-01 8.700488988222876419e-01 8.758724299459589302e-01
3.267688442211054962e+02 8.496529910089982707e-01 8.580944033594033460e-01 8.601997994867762731e-01 8.677711340377464166e-01
3.276733668341708494e+02 8.441484437286201903e-01 8.536504595745554314e-01 8.552729896677634391e-01 8.637756479411169419e-01
3.285778894472362026e+02 8.460781353773858537e-01 8.551950641107390894e-01 8.569983307719980514e-01 8.651631998251152478e-01
3.294824120603014990e+02 8.547476626126316868e-01 8.621931078636323464e-01 8.647742438247090213e-01 8.714662140628749443e-01
3.303869346733668522e+02 8.670957596936705869e-01 8.723756259732011742e-01 8.759231787695533900e-01 8.806890016859230119e-01
3.312914572864322054e+02 8.788372885830808556e-01 8.827587459795781522e-01 8.866200503320101900e-01 8.901635640597933552e-01
3.321959798994975017e+02 8.858376404581841390e-01 8.910430022014169671e-01 8.930917994676295102e-01 8.977848961911851777e-01
3.331005025125627981e+02 8.891469576814552411e-01 8.963288678408045662e-01 8.962333265720759945e-01 9.026953053497135393e-01
3.340050251256281513e+02 8.903176423768645043e-01 8.985357591959837187e-01 8.973946309973970248e-01 9.047980195147313776e-01
3.349095477386935045e+02 8.932775952739760994e-01 8.983640167722724001e-01 9.001175410657942244e-01 9.047158881024770505e-01
3.358140703517588008e+02 8.936654608194199989e-01 8.990812345039411735e-01 9.005168210695464470e-01 9.054154685186641682e-01
3.367185929648240972e+02 8.970615487256139442e-01 9.023494271257760380e-01 9.036292805537503581e-01 9.084173845659754276e-01
3.376231155778894504e+02 9.018315037218765928e-01 9.062587967593580540e-01 9.080034639733344237e-01 9.120122491134160514e-01
3.385276381909548036e+02 9.065010405229948498e-01 9.098178325577535031e-01 9.123083328234445899e-01 9.153009156013324210e-01
3.394321608040200999e+02 9.084869798424434206e-01 9.122814940130949957e-01 9.141860143910629510e-01 9.175785666920286410e-01
3.403366834170853963e+02 9.085502172126944664e-01 9.143430252057678231e-01 9.142934917247976800e-01 9.193902539393938866e-01
3.412412060301507495e+02 9.088573130412210821e-01 9.127871349898379894e-01 9.144897475601397874e-01 9.177547151834158923e-01
3.421457286432161027e+02 9.064100056631366753e-01 9.020884073928224778e-01 9.120110306084177054e-01 9.076816086369799974e-01
3.430502512562813990e+02 8.977344094476835679e-01 8.889080362090869825e-01 9.036911272262292405e-01 8.953469482426569259e-01
3.439547738693467522e+02 8.770187662150478181e-01 8.715643565637020140e-01 8.844007514317957508e-01 8.792860800150725797e-01
3.448592964824121054e+02 8.508000105278413772e-01 8.498763867680508843e-01 8.602952936338599255e-01 8.593935392966051134e-01
3.457638190954774018e+02 8.231631794945299951e-01 8.238247803577339878e-01 8.351602969602925919e-01 8.357398099999936436e-01
3.466683417085426981e+02 7.913386805393627377e-01 7.932663440885443507e-01 8.065775054841998193e-01 8.082946410612811272e-01
3.475728643216080513e+02 7.557476729449049691e-01 7.586347717108852251e-01 7.749983208857392780e-01 7.775418854868784146e-01
3.484773869346734045e+02 7.164086633954986905e-01 7.211264194126986160e-01 7.404728423666702142e-01 7.445898926785299299e-01
3.493819095477387009e+02 6.755751822928024453e-01 6.829356967520122668e-01 7.049636768165722378e-01 7.113401720541034923e-01
3.502864321608039972e+02 6.368859516832128254e-01 6.471952595979012512e-01 6.715339160653083228e-01 6.804245557334315242e-01
3.511909547738693504e+02 6.045883209120982427e-01 6.176479991487401344e-01 6.437146504332535990e-01 6.549577419110715892e-01
3.520954773869347036e+02 5.829817281614814162e-01 5.980369714794028235e-01 6.251143068960908211e-01 6.380757536723858925e-01
3.530000000000000000e+02 5.752789834538343250e-01 5.910685131620047050e-01 6.184802948060068584e-01 6.320774246369745830e-01
