# TurbineX (m), TurbineY (m)
2.500000000000000000e+03 2.500000000000000000e+03
3.145599999999999909e+03 2.500000000000000000e+03
2.822800000000000182e+03 3.059106000683233560e+03
2.177200000000000273e+03 3.059106000683233560e+03
1.854400000000000091e+03 2.500000000000000000e+03
2.177199999999999818e+03 1.940893999316766440e+03
2.822799999999999727e+03 1.940893999316765985e+03
3.791199999999999818e+03 2.500000000000000000e+03
3.618212001366467121e+03 3.145599999999999909e+03
3.145599999999999909e+03 3.618212001366467121e+03
2.500000000000000000e+03 3.791199999999999818e+03
1.854400000000000318e+03 3.618212001366467121e+03
1.381787998633533107e+03 3.145600000000000364e+03
1.208799999999999955e+03 2.500000000000000000e+03
1.381787998633532652e+03 1.854400000000000318e+03
1.854399999999999636e+03 1.381787998633533107e+03
2.500000000000000000e+03 1.208799999999999955e+03
3.145599999999999000e+03 1.381787998633532425e+03
3.618212001366466666e+03 1.854399999999999636e+03
4.436799999999999272e+03 2.500000000000000000e+03
4.331858833725789736e+03 3.128877931955631084e+03
4.028407338598934984e+03 3.689607181937348287e+03
3.559329192651516678e+03 4.121424035098865716e+03
2.975456291494299876e+03 4.377534435071294865e+03
2.340060323689186589e+03 4.430184846055318303e+03
1.721996301532128882e+03 4.273669779065515286e+03
1.188241052075265088e+03 3.924950070191721352e+03
7.966352386632721618e+02 3.421814910834204056e+03
5.896154275696075047e+02 2.818786802455725592e+03
5.896154275696072773e+02 2.181213197544274408e+03
7.966352386632719345e+02 1.578185089165795944e+03
1.188241052075263951e+03 1.075049929808279558e+03
1.721996301532128200e+03 7.263302209344850553e+02
2.340060323689185680e+03 5.698151539446819243e+02
2.975456291494298966e+03 6.224655649287047936e+02
3.559329192651515768e+03 8.785759649011342844e+02
4.028407338598934984e+03 1.310392818062651031e+03
4.331858833725789736e+03 1.871122068044368689e+03
