# alpso results: id, AEP init (Whr), AEP final (Whr), fcalls total
0.000000000000000000e+00 1.533390139744620972e+11 1.638550512416380005e+11 2.103000000000000000e+04
1.000000000000000000e+00 1.295619299413525085e+11 1.624383307866531982e+11 2.103000000000000000e+04
2.000000000000000000e+00 1.285076507444450226e+11 1.632580766725144043e+11 2.103000000000000000e+04
3.000000000000000000e+00 1.370795951011385498e+11 1.619811460493094177e+11 2.103000000000000000e+04
4.000000000000000000e+00 1.360097631636491089e+11 1.611421341737912903e+11 2.103000000000000000e+04
5.000000000000000000e+00 1.314642500784345856e+11 1.611671135312958069e+11 2.103000000000000000e+04
6.000000000000000000e+00 1.311704942747435303e+11 1.617779128486731873e+11 2.103000000000000000e+04
7.000000000000000000e+00 1.331455594190173340e+11 1.607741005171748047e+11 2.103000000000000000e+04
8.000000000000000000e+00 1.317808626282849274e+11 1.613554854871883850e+11 2.103000000000000000e+04
9.000000000000000000e+00 1.300735607836976929e+11 1.619288785831075134e+11 2.103000000000000000e+04
1.000000000000000000e+01 1.352004367268597260e+11 1.574827339044060974e+11 2.103000000000000000e+04
1.100000000000000000e+01 1.295632032412664795e+11 1.622033224889707947e+11 2.103000000000000000e+04
1.200000000000000000e+01 1.346700166141996460e+11 1.601797977980241089e+11 2.103000000000000000e+04
1.300000000000000000e+01 1.258637070024488678e+11 1.597813256578092041e+11 2.103000000000000000e+04
1.400000000000000000e+01 1.291629060135164795e+11 1.598949351631386108e+11 2.103000000000000000e+04
1.500000000000000000e+01 1.291151882804242859e+11 1.610251575484895935e+11 2.103000000000000000e+04
1.600000000000000000e+01 1.359521151598657532e+11 1.597930821455330811e+11 2.103000000000000000e+04
1.700000000000000000e+01 1.311791844401716309e+11 1.601405256938457947e+11 2.103000000000000000e+04
1.800000000000000000e+01 1.273687011075628204e+11 1.591599253189404907e+11 2.103000000000000000e+04
1.900000000000000000e+01 1.387477968614086914e+11 1.604500231704892273e+11 2.103000000000000000e+04
2.000000000000000000e+01 1.339450092914439697e+11 1.623940998065478821e+11 2.103000000000000000e+04
2.100000000000000000e+01 1.330622974566752777e+11 1.609462218685415955e+11 2.103000000000000000e+04
2.200000000000000000e+01 1.368964821305337524e+11 1.614212654146748962e+11 2.103000000000000000e+04
2.300000000000000000e+01 1.304405570395938110e+11 1.604914316931714172e+11 2.103000000000000000e+04
2.400000000000000000e+01 1.303188152729832306e+11 1.624714750791373901e+11 2.103000000000000000e+04
2.500000000000000000e+01 1.305697724197355042e+11 1.620737426948753967e+11 2.103000000000000000e+04
2.600000000000000000e+01 1.318120665511826935e+11 1.601211421086775818e+11 2.103000000000000000e+04
2.700000000000000000e+01 1.333580535498808899e+11 1.613131248164383850e+11 2.103000000000000000e+04
2.800000000000000000e+01 1.358991776494616241e+11 1.628347993786332092e+11 2.103000000000000000e+04
2.900000000000000000e+01 1.373561241274531860e+11 1.608700865252370911e+11 2.103000000000000000e+04
3.000000000000000000e+01 1.348616969452922668e+11 1.586097565602265930e+11 2.103000000000000000e+04
3.100000000000000000e+01 1.295466536011721649e+11 1.605666531035118103e+11 2.103000000000000000e+04
3.200000000000000000e+01 1.324579887815756531e+11 1.607025155488984070e+11 2.103000000000000000e+04
3.300000000000000000e+01 1.309999882329913025e+11 1.597522271369002991e+11 2.103000000000000000e+04
3.400000000000000000e+01 1.307502185336024017e+11 1.619286162618885193e+11 2.103000000000000000e+04
3.500000000000000000e+01 1.279050686861706238e+11 1.612091275521088867e+11 2.103000000000000000e+04
3.600000000000000000e+01 1.345306585947497253e+11 1.618622987995764160e+11 2.103000000000000000e+04
3.700000000000000000e+01 1.400571842597610779e+11 1.620758058125137024e+11 2.103000000000000000e+04
3.800000000000000000e+01 1.306746989684546204e+11 1.608793758362088013e+11 2.103000000000000000e+04
3.900000000000000000e+01 1.339265670666113434e+11 1.616424166648775940e+11 2.103000000000000000e+04
4.000000000000000000e+01 1.347393267378887787e+11 1.601277611422233887e+11 2.103000000000000000e+04
4.100000000000000000e+01 1.347259026652666016e+11 1.601686136452835999e+11 2.103000000000000000e+04
4.200000000000000000e+01 1.366204699115237274e+11 1.613784171621031799e+11 2.103000000000000000e+04
4.300000000000000000e+01 1.296238951237811737e+11 1.629961484268177185e+11 2.103000000000000000e+04
4.400000000000000000e+01 1.349241215149184875e+11 1.619460301621535034e+11 2.103000000000000000e+04
4.500000000000000000e+01 1.352124852722090607e+11 1.625705299214606018e+11 2.103000000000000000e+04
4.600000000000000000e+01 1.326454032877826080e+11 1.610060234759559021e+11 2.103000000000000000e+04
4.700000000000000000e+01 1.318119624142630920e+11 1.623780080047734985e+11 2.103000000000000000e+04
4.800000000000000000e+01 1.322391893253500061e+11 1.607157538590032043e+11 2.103000000000000000e+04
4.900000000000000000e+01 1.343116764892688293e+11 1.605730397061518250e+11 2.103000000000000000e+04
5.000000000000000000e+01 1.320857980769679108e+11 1.621754044323413086e+11 2.103000000000000000e+04
5.100000000000000000e+01 1.349056836508889465e+11 1.599810561629270020e+11 2.103000000000000000e+04
5.200000000000000000e+01 1.329383190674436798e+11 1.633448445929958801e+11 2.103000000000000000e+04
5.300000000000000000e+01 1.303731735460772705e+11 1.629507713293605957e+11 2.103000000000000000e+04
5.400000000000000000e+01 1.328358677061952209e+11 1.614450770132626953e+11 2.103000000000000000e+04
5.500000000000000000e+01 1.357479575146516571e+11 1.594300481676594849e+11 2.103000000000000000e+04
5.600000000000000000e+01 1.341892256951734924e+11 1.618221060044010010e+11 2.103000000000000000e+04
5.700000000000000000e+01 1.372481865080830383e+11 1.620560173837196960e+11 2.103000000000000000e+04
5.800000000000000000e+01 1.337561347650076447e+11 1.615600823074685059e+11 2.103000000000000000e+04
5.900000000000000000e+01 1.320589562567523499e+11 1.621578949533394775e+11 2.103000000000000000e+04
6.000000000000000000e+01 1.334265982104864960e+11 1.605630148768088989e+11 2.103000000000000000e+04
6.100000000000000000e+01 1.376707775355710449e+11 1.624809563430149841e+11 2.103000000000000000e+04
6.200000000000000000e+01 1.385537248899561157e+11 1.612815713962839966e+11 2.103000000000000000e+04
6.300000000000000000e+01 1.328717204532525330e+11 1.598949311668757935e+11 2.103000000000000000e+04
6.400000000000000000e+01 1.264519693887743378e+11 1.601123741327951050e+11 2.103000000000000000e+04
6.500000000000000000e+01 1.295279465090803528e+11 1.603928896889008179e+11 2.103000000000000000e+04
6.600000000000000000e+01 1.386987713685267639e+11 1.631961307081239929e+11 2.103000000000000000e+04
6.700000000000000000e+01 1.348196124658019562e+11 1.604191511898179932e+11 2.103000000000000000e+04
6.800000000000000000e+01 1.341840323999063568e+11 1.615751107725441895e+11 2.103000000000000000e+04
6.900000000000000000e+01 1.314810741205542297e+11 1.592927229951610718e+11 2.103000000000000000e+04
7.000000000000000000e+01 1.307472314934651184e+11 1.613870289408025208e+11 2.103000000000000000e+04
7.100000000000000000e+01 1.271785389037184906e+11 1.609075932719671021e+11 2.103000000000000000e+04
7.200000000000000000e+01 1.353409121736965790e+11 1.608349981571761169e+11 2.103000000000000000e+04
7.300000000000000000e+01 1.337684194169633026e+11 1.610491114936065063e+11 2.103000000000000000e+04
7.400000000000000000e+01 1.373385797116086121e+11 1.602486719515930786e+11 2.103000000000000000e+04
7.500000000000000000e+01 1.360574994160883789e+11 1.599403767362581177e+11 2.103000000000000000e+04
7.600000000000000000e+01 1.321788306546946106e+11 1.619403435112083130e+11 2.103000000000000000e+04
7.700000000000000000e+01 1.360007501242707214e+11 1.610930954301246033e+11 2.103000000000000000e+04
7.800000000000000000e+01 1.350827815215594177e+11 1.607665898693035889e+11 2.103000000000000000e+04
7.900000000000000000e+01 1.331480252059898987e+11 1.601677865636743164e+11 2.103000000000000000e+04
8.000000000000000000e+01 1.260279221843246307e+11 1.599552823933078918e+11 2.103000000000000000e+04
8.100000000000000000e+01 1.389317411155026245e+11 1.612828533850621033e+11 2.103000000000000000e+04
8.200000000000000000e+01 1.366643819625511017e+11 1.614736124750192871e+11 2.103000000000000000e+04
8.300000000000000000e+01 1.354827744265988770e+11 1.625108051119141846e+11 2.103000000000000000e+04
8.400000000000000000e+01 1.363780303821896362e+11 1.605425752461996155e+11 2.103000000000000000e+04
8.500000000000000000e+01 1.324030754085644379e+11 1.614312122543819885e+11 2.103000000000000000e+04
8.600000000000000000e+01 1.275251189217265625e+11 1.624217324844370117e+11 2.103000000000000000e+04
8.700000000000000000e+01 1.367734071200947113e+11 1.610261660732528992e+11 2.103000000000000000e+04
8.800000000000000000e+01 1.334265963467357178e+11 1.617274377735769958e+11 2.103000000000000000e+04
8.900000000000000000e+01 1.331525450823083801e+11 1.612175295796321106e+11 2.103000000000000000e+04
9.000000000000000000e+01 1.343683348099146576e+11 1.621234946265865173e+11 2.103000000000000000e+04
9.100000000000000000e+01 1.364333697783539276e+11 1.619958062196904907e+11 2.103000000000000000e+04
9.200000000000000000e+01 1.329565497798619537e+11 1.623893831392562866e+11 2.103000000000000000e+04
9.300000000000000000e+01 1.367394850303303375e+11 1.607224355195234985e+11 2.103000000000000000e+04
9.400000000000000000e+01 1.326719694031057129e+11 1.617913346416842041e+11 2.103000000000000000e+04
9.500000000000000000e+01 1.330825264867765808e+11 1.601482920411096802e+11 2.103000000000000000e+04
9.600000000000000000e+01 1.379720127607906189e+11 1.607290690421343994e+11 2.103000000000000000e+04
9.700000000000000000e+01 1.337653779570225220e+11 1.612988605721206055e+11 2.103000000000000000e+04
9.800000000000000000e+01 1.323278085939794617e+11 1.601802802387833862e+11 2.103000000000000000e+04
9.900000000000000000e+01 1.367954413368946228e+11 1.614385478517861023e+11 2.103000000000000000e+04
1.000000000000000000e+02 1.364331891794251251e+11 1.616783657804111938e+11 2.103000000000000000e+04
1.010000000000000000e+02 1.348164408360273590e+11 1.621680214241877747e+11 2.103000000000000000e+04
1.020000000000000000e+02 1.339962749838096619e+11 1.610481909897137756e+11 2.103000000000000000e+04
1.030000000000000000e+02 1.282738044079990845e+11 1.621198300070602112e+11 2.103000000000000000e+04
1.040000000000000000e+02 1.386108539299563599e+11 1.598187594155372009e+11 2.103000000000000000e+04
1.050000000000000000e+02 1.372077872715809631e+11 1.611140153074409180e+11 2.103000000000000000e+04
1.060000000000000000e+02 1.268854580822440491e+11 1.628792160921493225e+11 2.103000000000000000e+04
1.070000000000000000e+02 1.350796261022532196e+11 1.595049735760243225e+11 2.103000000000000000e+04
1.080000000000000000e+02 1.352885808211193237e+11 1.606433800171950989e+11 2.103000000000000000e+04
1.090000000000000000e+02 1.269378984595021210e+11 1.620201345984899902e+11 2.103000000000000000e+04
1.100000000000000000e+02 1.305111787627122192e+11 1.618551750605724182e+11 2.103000000000000000e+04
1.110000000000000000e+02 1.259330020143000946e+11 1.596125920364896851e+11 2.103000000000000000e+04
1.120000000000000000e+02 1.323506466513163452e+11 1.593458598882751160e+11 2.103000000000000000e+04
1.130000000000000000e+02 1.321104039936306000e+11 1.599160961298341064e+11 2.103000000000000000e+04
1.140000000000000000e+02 1.395763372246738281e+11 1.633646361895396118e+11 2.103000000000000000e+04
1.150000000000000000e+02 1.315018047249899750e+11 1.596076832925709839e+11 2.103000000000000000e+04
1.160000000000000000e+02 1.377644111192908020e+11 1.619554959213545227e+11 2.103000000000000000e+04
1.170000000000000000e+02 1.310141917867961121e+11 1.613992753602576904e+11 2.103000000000000000e+04
1.180000000000000000e+02 1.331529434451057129e+11 1.605097585704220886e+11 2.103000000000000000e+04
1.190000000000000000e+02 1.322427284923307343e+11 1.625134585978119812e+11 2.103000000000000000e+04
1.200000000000000000e+02 1.354695729377106476e+11 1.623999026562482910e+11 2.103000000000000000e+04
1.210000000000000000e+02 1.389098024065226440e+11 1.608118000982178040e+11 2.103000000000000000e+04
1.220000000000000000e+02 1.326625710011562347e+11 1.617412347034927979e+11 2.103000000000000000e+04
1.230000000000000000e+02 1.350065032596589813e+11 1.612335893606101990e+11 2.103000000000000000e+04
1.240000000000000000e+02 1.278090170245954742e+11 1.615226086316748047e+11 2.103000000000000000e+04
1.250000000000000000e+02 1.348402867038979950e+11 1.599196928850794067e+11 2.103000000000000000e+04
1.260000000000000000e+02 1.332230320705039368e+11 1.619903598078483887e+11 2.103000000000000000e+04
1.270000000000000000e+02 1.332698609548356171e+11 1.631451068484817200e+11 2.103000000000000000e+04
1.280000000000000000e+02 1.323092500774390564e+11 1.620196402623733826e+11 2.103000000000000000e+04
1.290000000000000000e+02 1.339224734454903259e+11 1.605411074190545044e+11 2.103000000000000000e+04
1.300000000000000000e+02 1.303170074600643311e+11 1.597975941087180176e+11 2.103000000000000000e+04
1.310000000000000000e+02 1.301105278370649567e+11 1.598603381004877014e+11 2.103000000000000000e+04
1.320000000000000000e+02 1.313878795683342438e+11 1.603674193793005981e+11 2.103000000000000000e+04
1.330000000000000000e+02 1.318937808994181519e+11 1.622812248881851196e+11 2.103000000000000000e+04
1.340000000000000000e+02 1.301521630552962952e+11 1.607819205287160950e+11 2.103000000000000000e+04
1.350000000000000000e+02 1.390471799519575195e+11 1.606838347498526001e+11 2.103000000000000000e+04
1.360000000000000000e+02 1.354210975301354370e+11 1.621883998751813049e+11 2.103000000000000000e+04
1.370000000000000000e+02 1.385888269697278137e+11 1.617989530366263733e+11 2.103000000000000000e+04
1.380000000000000000e+02 1.373892899473571625e+11 1.602093786800392761e+11 2.103000000000000000e+04
1.390000000000000000e+02 1.353750007987733459e+11 1.605811193863312073e+11 2.103000000000000000e+04
1.400000000000000000e+02 1.270407122563885498e+11 1.624886052003725891e+11 2.103000000000000000e+04
1.410000000000000000e+02 1.355290570257217560e+11 1.599784212731585083e+11 2.103000000000000000e+04
1.420000000000000000e+02 1.299658987845369415e+11 1.596554200644588013e+11 2.103000000000000000e+04
1.430000000000000000e+02 1.329818647362211761e+11 1.614646348153838196e+11 2.103000000000000000e+04
1.440000000000000000e+02 1.354880133548166656e+11 1.598541765802740784e+11 2.103000000000000000e+04
1.450000000000000000e+02 1.311350881466673737e+11 1.603843210910097046e+11 2.103000000000000000e+04
1.460000000000000000e+02 1.385931020604154358e+11 1.607808197797272034e+11 2.103000000000000000e+04
1.470000000000000000e+02 1.354838215397365112e+11 1.610721466236892090e+11 2.103000000000000000e+04
1.480000000000000000e+02 1.309046391100168152e+11 1.612282089384506836e+11 2.103000000000000000e+04
1.490000000000000000e+02 1.361283005798567810e+11 1.622315352519146729e+11 2.103000000000000000e+04
1.500000000000000000e+02 1.294286504288313751e+11 1.606481551494882812e+11 2.103000000000000000e+04
1.510000000000000000e+02 1.300020237913912811e+11 1.595360711219689941e+11 2.103000000000000000e+04
1.520000000000000000e+02 1.348079978834531250e+11 1.623850481266075134e+11 2.103000000000000000e+04
1.530000000000000000e+02 1.309857623990257263e+11 1.615731019218057251e+11 2.103000000000000000e+04
1.540000000000000000e+02 1.279516252326561432e+11 1.600473617496694946e+11 2.103000000000000000e+04
1.550000000000000000e+02 1.286701623754238892e+11 1.606930385707124939e+11 2.103000000000000000e+04
1.560000000000000000e+02 1.376340078945332642e+11 1.607226749951083984e+11 2.103000000000000000e+04
1.570000000000000000e+02 1.348734184922113495e+11 1.612888240505954895e+11 2.103000000000000000e+04
1.580000000000000000e+02 1.341173720144850006e+11 1.617772895584138184e+11 2.103000000000000000e+04
1.590000000000000000e+02 1.315045753216224213e+11 1.616488092036573792e+11 2.103000000000000000e+04
1.600000000000000000e+02 1.361172923089963226e+11 1.613288019254894104e+11 2.103000000000000000e+04
1.610000000000000000e+02 1.352722782881089478e+11 1.617012951719984131e+11 2.103000000000000000e+04
1.620000000000000000e+02 1.355155636705131683e+11 1.603621011160000000e+11 2.103000000000000000e+04
1.630000000000000000e+02 1.358855407400818787e+11 1.620357208340139160e+11 2.103000000000000000e+04
1.640000000000000000e+02 1.340752268836639099e+11 1.608200735250954895e+11 2.103000000000000000e+04
1.650000000000000000e+02 1.303560679662277222e+11 1.612679370616961975e+11 2.103000000000000000e+04
1.660000000000000000e+02 1.379439392252698669e+11 1.621547820770314941e+11 2.103000000000000000e+04
1.670000000000000000e+02 1.391660313676660156e+11 1.600108319292639160e+11 2.103000000000000000e+04
1.680000000000000000e+02 1.372512749479860229e+11 1.623093291339232788e+11 2.103000000000000000e+04
1.690000000000000000e+02 1.342092194153587036e+11 1.610693432101958313e+11 2.103000000000000000e+04
1.700000000000000000e+02 1.323037488073294678e+11 1.590427643665799255e+11 2.103000000000000000e+04
1.710000000000000000e+02 1.318596224626245422e+11 1.594088928772680054e+11 2.103000000000000000e+04
1.720000000000000000e+02 1.313308665733533173e+11 1.618816839519665833e+11 2.103000000000000000e+04
1.730000000000000000e+02 1.359343647000352173e+11 1.602717053924440918e+11 2.103000000000000000e+04
1.740000000000000000e+02 1.324358727549350281e+11 1.614705532457358093e+11 2.103000000000000000e+04
1.750000000000000000e+02 1.364188805236315155e+11 1.624518866158906860e+11 2.103000000000000000e+04
1.760000000000000000e+02 1.386970751033601990e+11 1.597882543348312073e+11 2.103000000000000000e+04
1.770000000000000000e+02 1.347770035823041992e+11 1.601669220734396057e+11 2.103000000000000000e+04
1.780000000000000000e+02 1.303572757329550323e+11 1.619263894026040955e+11 2.103000000000000000e+04
1.790000000000000000e+02 1.432180931489332886e+11 1.624048145258799744e+11 2.103000000000000000e+04
1.800000000000000000e+02 1.307242710628466492e+11 1.613423380615696106e+11 2.103000000000000000e+04
1.810000000000000000e+02 1.309100065952627258e+11 1.593440526728291931e+11 2.103000000000000000e+04
1.820000000000000000e+02 1.267018463386579590e+11 1.587655916351687012e+11 2.103000000000000000e+04
1.830000000000000000e+02 1.297814346691154175e+11 1.614474320932015076e+11 2.103000000000000000e+04
1.840000000000000000e+02 1.283029952918147278e+11 1.630467255916847839e+11 2.103000000000000000e+04
1.850000000000000000e+02 1.367643146348867035e+11 1.613374863617066040e+11 2.103000000000000000e+04
1.860000000000000000e+02 1.343787766803866272e+11 1.606224584624789124e+11 2.103000000000000000e+04
1.870000000000000000e+02 1.363017059599454041e+11 1.607036697359406128e+11 2.103000000000000000e+04
1.880000000000000000e+02 1.384429876512281799e+11 1.606384473087494812e+11 2.103000000000000000e+04
1.890000000000000000e+02 1.305725326163370819e+11 1.611616345813896179e+11 2.103000000000000000e+04
1.900000000000000000e+02 1.364403074982991486e+11 1.616731202592736206e+11 2.103000000000000000e+04
1.910000000000000000e+02 1.396698323245532532e+11 1.603714835422387085e+11 2.103000000000000000e+04
1.920000000000000000e+02 1.371059501556020508e+11 1.593941770311602173e+11 2.103000000000000000e+04
1.930000000000000000e+02 1.340088141273106232e+11 1.600363973696674805e+11 2.103000000000000000e+04
1.940000000000000000e+02 1.322954799122371521e+11 1.608148022853514099e+11 2.103000000000000000e+04
1.950000000000000000e+02 1.292585083207576141e+11 1.622166813205867004e+11 2.103000000000000000e+04
1.960000000000000000e+02 1.337884775314143829e+11 1.617110860769309998e+11 2.103000000000000000e+04
1.970000000000000000e+02 1.315295499490680389e+11 1.618335374711925049e+11 2.103000000000000000e+04
1.980000000000000000e+02 1.349268647302432404e+11 1.610615727759574890e+11 2.103000000000000000e+04
1.990000000000000000e+02 1.265227613832430267e+11 1.607079046445962830e+11 2.103000000000000000e+04
