# alpso results: id, AEP init (Whr), AEP final (Whr), fcalls total
0.000000000000000000e+00 7.121572437279298401e+10 7.361066848543823242e+10 2.013000000000000000e+04
1.000000000000000000e+00 6.504619075115740967e+10 7.253499992802105713e+10 2.013000000000000000e+04
2.000000000000000000e+00 6.222574713749827576e+10 7.323978064914123535e+10 2.013000000000000000e+04
3.000000000000000000e+00 5.888102347786907196e+10 7.465804428766995239e+10 2.013000000000000000e+04
4.000000000000000000e+00 5.888102347786907196e+10 7.440508434166378784e+10 2.013000000000000000e+04
5.000000000000000000e+00 5.858771479707969666e+10 7.473783098098817444e+10 2.013000000000000000e+04
6.000000000000000000e+00 5.890476439549398804e+10 7.365482067481190491e+10 2.013000000000000000e+04
7.000000000000000000e+00 5.983274730091127014e+10 7.442508350431172180e+10 2.013000000000000000e+04
8.000000000000000000e+00 6.203535843128188324e+10 7.356348939357307434e+10 2.013000000000000000e+04
9.000000000000000000e+00 6.053679892964009857e+10 7.512621326133863831e+10 2.013000000000000000e+04
1.000000000000000000e+01 6.354078745428315735e+10 7.320215658406770325e+10 2.013000000000000000e+04
1.100000000000000000e+01 6.426671641035673523e+10 7.484431447474610901e+10 2.013000000000000000e+04
1.200000000000000000e+01 6.191962625680556488e+10 7.508707734093222046e+10 2.013000000000000000e+04
1.300000000000000000e+01 6.234943543008295441e+10 7.360338491136012268e+10 2.013000000000000000e+04
1.400000000000000000e+01 5.909811352904682159e+10 7.368124428693254089e+10 2.013000000000000000e+04
1.500000000000000000e+01 6.018794725967570496e+10 7.364993872052809143e+10 2.013000000000000000e+04
1.600000000000000000e+01 6.078638526502799225e+10 7.531266030007901001e+10 2.013000000000000000e+04
1.700000000000000000e+01 5.424738664065643311e+10 7.492220428806880188e+10 2.013000000000000000e+04
1.800000000000000000e+01 5.892418152840270996e+10 7.278851786834315491e+10 2.013000000000000000e+04
1.900000000000000000e+01 6.020368056999032593e+10 7.477774326962167358e+10 2.013000000000000000e+04
2.000000000000000000e+01 6.261522278537081909e+10 7.253584614167172241e+10 2.013000000000000000e+04
2.100000000000000000e+01 6.100438863946863556e+10 7.365876325186514282e+10 2.013000000000000000e+04
2.200000000000000000e+01 6.164070979074623108e+10 7.448690928862844849e+10 2.013000000000000000e+04
2.300000000000000000e+01 6.060075804570861816e+10 7.376558315443269348e+10 2.013000000000000000e+04
2.400000000000000000e+01 6.316108534584662628e+10 7.373035160313781738e+10 2.013000000000000000e+04
2.500000000000000000e+01 6.137213614718772125e+10 7.422155674513746643e+10 2.013000000000000000e+04
2.600000000000000000e+01 6.241288317771627808e+10 7.390962167767095947e+10 2.013000000000000000e+04
2.700000000000000000e+01 6.450313998721392822e+10 7.445127113573455811e+10 2.013000000000000000e+04
2.800000000000000000e+01 6.091290519459364319e+10 7.386605458274859619e+10 2.013000000000000000e+04
2.900000000000000000e+01 5.455351738249110413e+10 7.219251918946278381e+10 2.013000000000000000e+04
3.000000000000000000e+01 6.038724695409313202e+10 7.190302531635816956e+10 2.013000000000000000e+04
3.100000000000000000e+01 6.560359206566320801e+10 7.289766060423223877e+10 2.013000000000000000e+04
3.200000000000000000e+01 5.782005958990720367e+10 7.439424408731800842e+10 2.013000000000000000e+04
3.300000000000000000e+01 5.904951329658342743e+10 7.368651258430609131e+10 2.013000000000000000e+04
3.400000000000000000e+01 5.844245423402834320e+10 7.301132698251364136e+10 2.013000000000000000e+04
3.500000000000000000e+01 5.942304551955692291e+10 7.368293836074873352e+10 2.013000000000000000e+04
3.600000000000000000e+01 6.060710748146676636e+10 7.604188366952696228e+10 2.013000000000000000e+04
3.700000000000000000e+01 6.139433365627985382e+10 7.325852897790419006e+10 2.013000000000000000e+04
3.800000000000000000e+01 6.070342111285011292e+10 7.463286594297288513e+10 2.013000000000000000e+04
3.900000000000000000e+01 6.269004675613684845e+10 7.310164935920483398e+10 2.013000000000000000e+04
4.000000000000000000e+01 5.897047900578472900e+10 7.341741510315322876e+10 2.013000000000000000e+04
4.100000000000000000e+01 5.979264495935543060e+10 7.431074017780056763e+10 2.013000000000000000e+04
4.200000000000000000e+01 5.551776496956668854e+10 7.384861459945841980e+10 2.013000000000000000e+04
4.300000000000000000e+01 6.273524986134980774e+10 7.395893968798043823e+10 2.013000000000000000e+04
4.400000000000000000e+01 6.401270615817700195e+10 7.441703629989550781e+10 2.013000000000000000e+04
4.500000000000000000e+01 5.975875120300907898e+10 7.480274333850279236e+10 2.013000000000000000e+04
4.600000000000000000e+01 6.081190893573434448e+10 7.540184812139581299e+10 2.013000000000000000e+04
4.700000000000000000e+01 5.773078421779282379e+10 7.419031466843486023e+10 2.013000000000000000e+04
4.800000000000000000e+01 5.771826388578802490e+10 7.306286360556027222e+10 2.013000000000000000e+04
4.900000000000000000e+01 6.512246635431027222e+10 7.344993587642523193e+10 2.013000000000000000e+04
5.000000000000000000e+01 5.843294773278604126e+10 7.487255866486189270e+10 2.013000000000000000e+04
5.100000000000000000e+01 5.643430615513541412e+10 7.412145628230303955e+10 2.013000000000000000e+04
5.200000000000000000e+01 5.998486026880765533e+10 7.507707277944909668e+10 2.013000000000000000e+04
5.300000000000000000e+01 6.218267955482601929e+10 7.684995200150791931e+10 2.013000000000000000e+04
5.400000000000000000e+01 6.405843223079944611e+10 7.407468516588665771e+10 2.013000000000000000e+04
5.500000000000000000e+01 6.309028326903458405e+10 7.278361414187263489e+10 2.013000000000000000e+04
5.600000000000000000e+01 6.390322626300057983e+10 7.502808916081864929e+10 2.013000000000000000e+04
5.700000000000000000e+01 6.123700053096024323e+10 7.398331110611427307e+10 2.013000000000000000e+04
5.800000000000000000e+01 5.963009979188396454e+10 7.503132017664239502e+10 2.013000000000000000e+04
5.900000000000000000e+01 6.120854980940781403e+10 7.360741896203160095e+10 2.013000000000000000e+04
6.000000000000000000e+01 6.100003484188861847e+10 7.496647938116572571e+10 2.013000000000000000e+04
6.100000000000000000e+01 6.218521784915351868e+10 7.446049492976950073e+10 2.013000000000000000e+04
6.200000000000000000e+01 6.324142547386473846e+10 7.451890544574896240e+10 2.013000000000000000e+04
6.300000000000000000e+01 6.026148328541967010e+10 7.450032816541204834e+10 2.013000000000000000e+04
6.400000000000000000e+01 6.147874300320659637e+10 7.255845845107963562e+10 2.013000000000000000e+04
6.500000000000000000e+01 5.778684766884857941e+10 7.378294191744529724e+10 2.013000000000000000e+04
6.600000000000000000e+01 5.439043156968000031e+10 7.322287864845912170e+10 2.013000000000000000e+04
6.700000000000000000e+01 6.330855880404267120e+10 7.189305267284162903e+10 2.013000000000000000e+04
6.800000000000000000e+01 5.503562208061128235e+10 7.481151230177404785e+10 2.013000000000000000e+04
6.900000000000000000e+01 6.184495710293764496e+10 7.344778829680567932e+10 2.013000000000000000e+04
7.000000000000000000e+01 6.026709713033115387e+10 7.305019666802413940e+10 2.013000000000000000e+04
7.100000000000000000e+01 6.030444119502777863e+10 7.272166319790045166e+10 2.013000000000000000e+04
7.200000000000000000e+01 6.176833270306767273e+10 7.245041066911325073e+10 2.013000000000000000e+04
7.300000000000000000e+01 6.330450528217460632e+10 7.329080633747717285e+10 2.013000000000000000e+04
7.400000000000000000e+01 6.217062176064472961e+10 7.554386498953555298e+10 2.013000000000000000e+04
7.500000000000000000e+01 5.889280651055377960e+10 7.410122090485787964e+10 2.013000000000000000e+04
7.600000000000000000e+01 5.445940203973062897e+10 7.434458979339353943e+10 2.013000000000000000e+04
7.700000000000000000e+01 6.393197026941871643e+10 7.550791340189445496e+10 2.013000000000000000e+04
7.800000000000000000e+01 6.481671321906396484e+10 7.300200200261174011e+10 2.013000000000000000e+04
7.900000000000000000e+01 5.603829880267407990e+10 7.182977589854316711e+10 2.013000000000000000e+04
8.000000000000000000e+01 5.818634288832888794e+10 7.405358775776651001e+10 2.013000000000000000e+04
8.100000000000000000e+01 6.119670006464762878e+10 7.185757851379565430e+10 2.013000000000000000e+04
8.200000000000000000e+01 6.500074163170489502e+10 7.339444719820903015e+10 2.013000000000000000e+04
8.300000000000000000e+01 6.094591776372322845e+10 7.311665675335467529e+10 2.013000000000000000e+04
8.400000000000000000e+01 6.068510193025272369e+10 7.355020272634161377e+10 2.013000000000000000e+04
8.500000000000000000e+01 6.210903623665902710e+10 7.490196888985794067e+10 2.013000000000000000e+04
8.600000000000000000e+01 5.401518714168013763e+10 7.541404492787583923e+10 2.013000000000000000e+04
8.700000000000000000e+01 5.795675810618241882e+10 7.471360765751872253e+10 2.013000000000000000e+04
8.800000000000000000e+01 6.023569081341540527e+10 7.372765157546047974e+10 2.013000000000000000e+04
8.900000000000000000e+01 5.377718010332882690e+10 7.412662928173606873e+10 2.013000000000000000e+04
9.000000000000000000e+01 5.766763910320049286e+10 7.456709503782893372e+10 2.013000000000000000e+04
9.100000000000000000e+01 6.011899715009465790e+10 7.366363787811524963e+10 2.013000000000000000e+04
9.200000000000000000e+01 5.661786709746715546e+10 7.397171526573216248e+10 2.013000000000000000e+04
9.300000000000000000e+01 6.134889430736178589e+10 7.397367161892993164e+10 2.013000000000000000e+04
9.400000000000000000e+01 6.101598898220969391e+10 7.400808916796125793e+10 2.013000000000000000e+04
9.500000000000000000e+01 5.549685812719263458e+10 7.616519789397599792e+10 2.013000000000000000e+04
9.600000000000000000e+01 6.371180966291213989e+10 7.524575522507649231e+10 2.013000000000000000e+04
9.700000000000000000e+01 6.143734919745214081e+10 7.528807105201513672e+10 2.013000000000000000e+04
9.800000000000000000e+01 6.597083100032273865e+10 7.395812296645207214e+10 2.013000000000000000e+04
9.900000000000000000e+01 5.941991011578571320e+10 7.514964867279823303e+10 2.013000000000000000e+04
1.000000000000000000e+02 6.305323197689359283e+10 7.293965215944799805e+10 2.013000000000000000e+04
1.010000000000000000e+02 6.384287548967816925e+10 7.451157790972822571e+10 2.013000000000000000e+04
1.020000000000000000e+02 5.925933151531855774e+10 7.452236268121351624e+10 2.013000000000000000e+04
1.030000000000000000e+02 6.345202450664469910e+10 7.374406392678279114e+10 2.013000000000000000e+04
1.040000000000000000e+02 5.924355861933446503e+10 7.240378567596202087e+10 2.013000000000000000e+04
1.050000000000000000e+02 6.005420342091913605e+10 7.483627598686735535e+10 2.013000000000000000e+04
1.060000000000000000e+02 6.088462540185673523e+10 7.299460185483973694e+10 2.013000000000000000e+04
1.070000000000000000e+02 6.039107614042710876e+10 7.391793309003712463e+10 2.013000000000000000e+04
1.080000000000000000e+02 6.114714765089245605e+10 7.354108703028962708e+10 2.013000000000000000e+04
1.090000000000000000e+02 5.409855463237033844e+10 7.454483193647172546e+10 2.013000000000000000e+04
1.100000000000000000e+02 6.049078454089138031e+10 7.439887998493237305e+10 2.013000000000000000e+04
1.110000000000000000e+02 5.661433908138043976e+10 7.285683179970739746e+10 2.013000000000000000e+04
1.120000000000000000e+02 5.644610201800186920e+10 7.374490418965887451e+10 2.013000000000000000e+04
1.130000000000000000e+02 6.213849818548625946e+10 7.210226465311685181e+10 2.013000000000000000e+04
1.140000000000000000e+02 5.956599232148737335e+10 7.344153830429527283e+10 2.013000000000000000e+04
1.150000000000000000e+02 5.807542552371226501e+10 7.251017455976889038e+10 2.013000000000000000e+04
1.160000000000000000e+02 6.512836359854944611e+10 7.526135928654156494e+10 2.013000000000000000e+04
1.170000000000000000e+02 5.781125307978116608e+10 7.373740003547320557e+10 2.013000000000000000e+04
1.180000000000000000e+02 6.008091698024212646e+10 7.340429162887414551e+10 2.013000000000000000e+04
1.190000000000000000e+02 6.022483073891569519e+10 7.456816248412831116e+10 2.013000000000000000e+04
1.200000000000000000e+02 5.966517126540851593e+10 7.398201777983532715e+10 2.013000000000000000e+04
1.210000000000000000e+02 6.251200831294248199e+10 7.413025194657716370e+10 2.013000000000000000e+04
1.220000000000000000e+02 6.222247786837030792e+10 7.454907887044912720e+10 2.013000000000000000e+04
1.230000000000000000e+02 5.961108658370591736e+10 7.471692315792707825e+10 2.013000000000000000e+04
1.240000000000000000e+02 6.330280031891391754e+10 7.494076213741062927e+10 2.013000000000000000e+04
1.250000000000000000e+02 5.839387585664712524e+10 7.412130012874960327e+10 2.013000000000000000e+04
1.260000000000000000e+02 5.941872508300975037e+10 7.435942024131260681e+10 2.013000000000000000e+04
1.270000000000000000e+02 6.163108958316002655e+10 7.402911065472175598e+10 2.013000000000000000e+04
1.280000000000000000e+02 6.557192666022853851e+10 7.483462874774934387e+10 2.013000000000000000e+04
1.290000000000000000e+02 5.869939155468247223e+10 7.393549776870111084e+10 2.013000000000000000e+04
1.300000000000000000e+02 5.849291635357644653e+10 7.331083502974702454e+10 2.013000000000000000e+04
1.310000000000000000e+02 6.438004836339942169e+10 7.465615754496878052e+10 2.013000000000000000e+04
1.320000000000000000e+02 6.313616627092660522e+10 7.380306491403474426e+10 2.013000000000000000e+04
1.330000000000000000e+02 6.108350538735678101e+10 7.204969531723330688e+10 2.013000000000000000e+04
1.340000000000000000e+02 5.951437239530151367e+10 7.520527224096371460e+10 2.013000000000000000e+04
1.350000000000000000e+02 6.580538283584571075e+10 7.401122988885188293e+10 2.013000000000000000e+04
1.360000000000000000e+02 5.852690594656118011e+10 7.581102146487257385e+10 2.013000000000000000e+04
1.370000000000000000e+02 6.091215935196346283e+10 7.307400465984255981e+10 2.013000000000000000e+04
1.380000000000000000e+02 5.457545223537535095e+10 7.395977198536851501e+10 2.013000000000000000e+04
1.390000000000000000e+02 5.782220476362089539e+10 7.341209401223313904e+10 2.013000000000000000e+04
1.400000000000000000e+02 5.884891456157829285e+10 7.271910770191975403e+10 2.013000000000000000e+04
1.410000000000000000e+02 5.526864982472064972e+10 7.518387489315811157e+10 2.013000000000000000e+04
1.420000000000000000e+02 5.939032155323956299e+10 7.270826915467091370e+10 2.013000000000000000e+04
1.430000000000000000e+02 6.219669005925723267e+10 7.374008180944659424e+10 2.013000000000000000e+04
1.440000000000000000e+02 5.901210734199088287e+10 7.400730196520295715e+10 2.013000000000000000e+04
1.450000000000000000e+02 5.720941903313913727e+10 7.336536522487452698e+10 2.013000000000000000e+04
1.460000000000000000e+02 6.242920189777852631e+10 7.606938651251921082e+10 2.013000000000000000e+04
1.470000000000000000e+02 6.257642832103268433e+10 7.382464806068659973e+10 2.013000000000000000e+04
1.480000000000000000e+02 5.937438853174324799e+10 7.236424067358520508e+10 2.013000000000000000e+04
1.490000000000000000e+02 5.876825244982764435e+10 7.491780928065702820e+10 2.013000000000000000e+04
1.500000000000000000e+02 5.986106414492101288e+10 7.479938471952992249e+10 2.013000000000000000e+04
1.510000000000000000e+02 5.759568677956014252e+10 7.427472458789900208e+10 2.013000000000000000e+04
1.520000000000000000e+02 5.665318571080699921e+10 7.320438321340322876e+10 2.013000000000000000e+04
1.530000000000000000e+02 5.679877188484455109e+10 7.418601719733630371e+10 2.013000000000000000e+04
1.540000000000000000e+02 6.315236439192835999e+10 7.228139557017578125e+10 2.013000000000000000e+04
1.550000000000000000e+02 5.986093885399467468e+10 7.363444006684123230e+10 2.013000000000000000e+04
1.560000000000000000e+02 5.446244286457070160e+10 7.400206615637420654e+10 2.013000000000000000e+04
1.570000000000000000e+02 6.089176755094680023e+10 7.347067616964700317e+10 2.013000000000000000e+04
1.580000000000000000e+02 5.844079840582915497e+10 7.374289659090332031e+10 2.013000000000000000e+04
1.590000000000000000e+02 5.570693790141130066e+10 7.248289440589459229e+10 2.013000000000000000e+04
1.600000000000000000e+02 6.529665446039108276e+10 7.317472313482182312e+10 2.013000000000000000e+04
1.610000000000000000e+02 6.480575042338922882e+10 7.461800412576649475e+10 2.013000000000000000e+04
1.620000000000000000e+02 6.215322843521954346e+10 7.274075130693354797e+10 2.013000000000000000e+04
1.630000000000000000e+02 6.352737019155281830e+10 7.339232302725997925e+10 2.013000000000000000e+04
1.640000000000000000e+02 6.284474765521111298e+10 7.426186350791107178e+10 2.013000000000000000e+04
1.650000000000000000e+02 5.398228166441191101e+10 7.358147370768013000e+10 2.013000000000000000e+04
1.660000000000000000e+02 6.179533064929251862e+10 7.347360668932550049e+10 2.013000000000000000e+04
1.670000000000000000e+02 5.723507043052858734e+10 7.469471648951080322e+10 2.013000000000000000e+04
1.680000000000000000e+02 5.936939013680332947e+10 7.341881533817181396e+10 2.013000000000000000e+04
1.690000000000000000e+02 5.898023665587345886e+10 7.359424350604978943e+10 2.013000000000000000e+04
1.700000000000000000e+02 6.533575426297887421e+10 7.494720087227137756e+10 2.013000000000000000e+04
1.710000000000000000e+02 5.982541497552821350e+10 7.410987643813648987e+10 2.013000000000000000e+04
1.720000000000000000e+02 6.311065524808295441e+10 7.474594936281974792e+10 2.013000000000000000e+04
1.730000000000000000e+02 6.497029263808333588e+10 7.390380694505499268e+10 2.013000000000000000e+04
1.740000000000000000e+02 5.723712697346696472e+10 7.310931593148896790e+10 2.013000000000000000e+04
1.750000000000000000e+02 5.888450718012886810e+10 7.470700011407695007e+10 2.013000000000000000e+04
1.760000000000000000e+02 6.300479995180249786e+10 7.382742323498658752e+10 2.013000000000000000e+04
1.770000000000000000e+02 6.013254275578516388e+10 7.331898637743997192e+10 2.013000000000000000e+04
1.780000000000000000e+02 6.390957041819887543e+10 7.530745566700939941e+10 2.013000000000000000e+04
1.790000000000000000e+02 5.930014214835925293e+10 7.384654939441397095e+10 2.013000000000000000e+04
1.800000000000000000e+02 6.042983759950981140e+10 7.401253792409721375e+10 2.013000000000000000e+04
1.810000000000000000e+02 6.310998879659899139e+10 7.405246912054197693e+10 2.013000000000000000e+04
1.820000000000000000e+02 6.181687340943160248e+10 7.312300504589111328e+10 2.013000000000000000e+04
1.830000000000000000e+02 5.583657617399153137e+10 7.368825789894180298e+10 2.013000000000000000e+04
1.840000000000000000e+02 6.563297881321625519e+10 7.479049466775381470e+10 2.013000000000000000e+04
1.850000000000000000e+02 6.123379109381668854e+10 7.509182427188470459e+10 2.013000000000000000e+04
1.860000000000000000e+02 6.234730333428629303e+10 7.501533854575779724e+10 2.013000000000000000e+04
1.870000000000000000e+02 5.651184403598629761e+10 7.315680944736909485e+10 2.013000000000000000e+04
1.880000000000000000e+02 6.019992110144867706e+10 7.414391939991976929e+10 2.013000000000000000e+04
1.890000000000000000e+02 6.196326374640702820e+10 7.438482381709846497e+10 2.013000000000000000e+04
1.900000000000000000e+02 5.751814596431995392e+10 7.496554969074549866e+10 2.013000000000000000e+04
1.910000000000000000e+02 6.094942085953219604e+10 7.533772100460990906e+10 2.013000000000000000e+04
1.920000000000000000e+02 6.049812536488835144e+10 7.303776669097535706e+10 2.013000000000000000e+04
1.930000000000000000e+02 5.986504728379148865e+10 7.410368388476539612e+10 2.013000000000000000e+04
1.940000000000000000e+02 5.986504728379148865e+10 7.366279734455535889e+10 2.013000000000000000e+04
1.950000000000000000e+02 5.549539420895695496e+10 7.477595140192173767e+10 2.013000000000000000e+04
1.960000000000000000e+02 6.464067450231365967e+10 7.350959137732765198e+10 2.013000000000000000e+04
1.970000000000000000e+02 5.913579210167264557e+10 7.375588623311959839e+10 2.013000000000000000e+04
1.980000000000000000e+02 6.029236162314200592e+10 7.503749811157954407e+10 2.013000000000000000e+04
1.990000000000000000e+02 6.234976736035905457e+10 7.428375578386346436e+10 2.013000000000000000e+04
