# alpso results: id, AEP init (Whr), AEP final (Whr), fcalls total
0.000000000000000000e+00 4.776905228281987000e+10 4.855291323312184143e+10 2.028000000000000000e+04
1.000000000000000000e+00 3.960721676399881744e+10 4.815824138461428070e+10 2.028000000000000000e+04
2.000000000000000000e+00 3.994971212798972321e+10 4.828164581377859497e+10 2.028000000000000000e+04
3.000000000000000000e+00 4.188610916027116394e+10 4.817256386269445038e+10 2.028000000000000000e+04
4.000000000000000000e+00 4.135387843687770081e+10 4.828060326058138275e+10 2.028000000000000000e+04
5.000000000000000000e+00 4.030923128348749542e+10 4.847705104908227539e+10 2.028000000000000000e+04
6.000000000000000000e+00 4.066691979808074951e+10 4.851467246129995728e+10 2.028000000000000000e+04
7.000000000000000000e+00 4.129840909884165192e+10 4.856977527698171997e+10 2.028000000000000000e+04
8.000000000000000000e+00 4.129840909884165192e+10 4.823636287415428162e+10 2.028000000000000000e+04
9.000000000000000000e+00 3.990748905552807617e+10 4.816663476785412598e+10 2.028000000000000000e+04
1.000000000000000000e+01 4.153078466625393677e+10 4.835122205173032379e+10 2.028000000000000000e+04
1.100000000000000000e+01 3.986677932224542236e+10 4.809532269680247498e+10 2.028000000000000000e+04
1.200000000000000000e+01 4.177310588150444794e+10 4.816492721987093353e+10 2.028000000000000000e+04
1.300000000000000000e+01 3.836966441584892273e+10 4.810489671710150146e+10 2.028000000000000000e+04
1.400000000000000000e+01 3.960890346273229980e+10 4.850961638313387299e+10 2.028000000000000000e+04
1.500000000000000000e+01 3.971241523008421326e+10 4.831538022276474762e+10 2.028000000000000000e+04
1.600000000000000000e+01 4.185145834005812073e+10 4.821609527602262878e+10 2.028000000000000000e+04
1.700000000000000000e+01 4.016009018240885162e+10 4.822355652251694489e+10 2.028000000000000000e+04
1.800000000000000000e+01 3.902348631291545868e+10 4.840479914711804962e+10 2.028000000000000000e+04
1.900000000000000000e+01 4.294534156750419617e+10 4.836687459606432343e+10 2.028000000000000000e+04
2.000000000000000000e+01 4.143207246404786682e+10 4.816930668660826874e+10 2.028000000000000000e+04
2.100000000000000000e+01 4.155719977908953857e+10 4.815812501095767975e+10 2.028000000000000000e+04
2.200000000000000000e+01 4.249226986544924164e+10 4.835863298229155731e+10 2.028000000000000000e+04
2.300000000000000000e+01 3.982238567030757904e+10 4.835659494155091095e+10 2.028000000000000000e+04
2.400000000000000000e+01 4.029766390052825165e+10 4.837766999687138367e+10 2.028000000000000000e+04
2.500000000000000000e+01 4.089335745085514069e+10 4.833571263181153107e+10 2.028000000000000000e+04
2.600000000000000000e+01 3.992338700819929504e+10 4.830965745892226410e+10 2.028000000000000000e+04
2.700000000000000000e+01 4.199553227923361206e+10 4.816082111687813568e+10 2.028000000000000000e+04
2.800000000000000000e+01 4.213250897254083252e+10 4.794266968282862854e+10 2.028000000000000000e+04
2.900000000000000000e+01 4.242665590809304810e+10 4.862127678500333405e+10 2.028000000000000000e+04
3.000000000000000000e+01 4.130256864759267426e+10 4.796554442013845825e+10 2.028000000000000000e+04
3.100000000000000000e+01 3.969471550134817505e+10 4.815779394358345032e+10 2.028000000000000000e+04
3.200000000000000000e+01 3.969471550134817505e+10 4.815406180500300598e+10 2.028000000000000000e+04
3.300000000000000000e+01 3.998813175518286133e+10 4.831847415257999420e+10 2.028000000000000000e+04
3.400000000000000000e+01 4.037750992701750946e+10 4.814905256807479095e+10 2.028000000000000000e+04
3.500000000000000000e+01 4.015685540613978577e+10 4.848430920796810150e+10 2.028000000000000000e+04
3.600000000000000000e+01 4.167080066350562286e+10 4.813993991256677246e+10 2.028000000000000000e+04
3.700000000000000000e+01 4.246790435834832001e+10 4.819988369046304321e+10 2.028000000000000000e+04
3.800000000000000000e+01 4.064158273206441498e+10 4.850866727674726105e+10 2.028000000000000000e+04
3.900000000000000000e+01 4.190589820915586853e+10 4.818373460827825928e+10 2.028000000000000000e+04
4.000000000000000000e+01 4.123605112834075165e+10 4.854338870844675446e+10 2.028000000000000000e+04
4.100000000000000000e+01 4.184581062665770721e+10 4.806150992961322784e+10 2.028000000000000000e+04
4.200000000000000000e+01 4.199707338576767731e+10 4.823057466308058167e+10 2.028000000000000000e+04
4.300000000000000000e+01 4.028338154978877258e+10 4.830774049247119141e+10 2.028000000000000000e+04
4.400000000000000000e+01 4.213818910109342194e+10 4.843351125483027649e+10 2.028000000000000000e+04
4.500000000000000000e+01 4.227030044112306976e+10 4.829089100425976562e+10 2.028000000000000000e+04
4.600000000000000000e+01 4.029799186982703400e+10 4.824463778853015137e+10 2.028000000000000000e+04
4.700000000000000000e+01 4.032704884227538300e+10 4.791978904764990234e+10 2.028000000000000000e+04
4.800000000000000000e+01 4.145041193597972870e+10 4.818991496120998383e+10 2.028000000000000000e+04
4.900000000000000000e+01 4.165606529348422241e+10 4.832045432202220917e+10 2.028000000000000000e+04
5.000000000000000000e+01 4.048452633601812744e+10 4.816042221707512665e+10 2.028000000000000000e+04
5.100000000000000000e+01 4.209231266366628265e+10 4.823198609037977600e+10 2.028000000000000000e+04
5.200000000000000000e+01 4.069359934921337128e+10 4.816161958403689575e+10 2.028000000000000000e+04
5.300000000000000000e+01 3.980841765624755096e+10 4.830280675061936951e+10 2.028000000000000000e+04
5.400000000000000000e+01 4.081745765709612274e+10 4.833007567482917023e+10 2.028000000000000000e+04
5.500000000000000000e+01 4.151655574176047516e+10 4.844573549320239258e+10 2.028000000000000000e+04
5.600000000000000000e+01 4.155450391767045593e+10 4.829349999925958252e+10 2.028000000000000000e+04
5.700000000000000000e+01 4.199489498473516083e+10 4.825107280069401550e+10 2.028000000000000000e+04
5.800000000000000000e+01 4.128204091279226685e+10 4.818073265792945862e+10 2.028000000000000000e+04
5.900000000000000000e+01 3.997804605578309631e+10 4.848697495059428406e+10 2.028000000000000000e+04
6.000000000000000000e+01 4.078130918719886780e+10 4.807629961007799530e+10 2.028000000000000000e+04
6.100000000000000000e+01 4.212466637943717957e+10 4.836400286230692291e+10 2.028000000000000000e+04
6.200000000000000000e+01 4.221767807491053009e+10 4.824122066838194275e+10 2.028000000000000000e+04
6.300000000000000000e+01 4.140506349515651703e+10 4.824570435697683716e+10 2.028000000000000000e+04
6.400000000000000000e+01 3.943490752518592072e+10 4.821248093779773712e+10 2.028000000000000000e+04
6.500000000000000000e+01 3.993781884460012054e+10 4.822858869924730682e+10 2.028000000000000000e+04
6.600000000000000000e+01 4.290471859907104492e+10 4.854307447446463013e+10 2.028000000000000000e+04
6.700000000000000000e+01 4.160929439828384399e+10 4.812469318794294739e+10 2.028000000000000000e+04
6.800000000000000000e+01 4.125597239978366852e+10 4.838803285813722992e+10 2.028000000000000000e+04
6.900000000000000000e+01 4.053218759687105560e+10 4.821434536199086761e+10 2.028000000000000000e+04
7.000000000000000000e+01 4.012857898273550415e+10 4.842438375414680481e+10 2.028000000000000000e+04
7.100000000000000000e+01 3.939790343873835754e+10 4.813895042856634521e+10 2.028000000000000000e+04
7.200000000000000000e+01 4.253280077811193085e+10 4.833970413736470795e+10 2.028000000000000000e+04
7.300000000000000000e+01 4.142065668612965393e+10 4.835118692675006104e+10 2.028000000000000000e+04
7.400000000000000000e+01 4.251483654591925812e+10 4.831379545215017700e+10 2.028000000000000000e+04
7.500000000000000000e+01 4.192025951385938263e+10 4.828363617761421967e+10 2.028000000000000000e+04
7.600000000000000000e+01 4.061537154806381226e+10 4.838944424339449310e+10 2.028000000000000000e+04
7.700000000000000000e+01 4.233147455147617340e+10 4.832586730273200989e+10 2.028000000000000000e+04
7.800000000000000000e+01 4.165320986014239502e+10 4.813238259950753784e+10 2.028000000000000000e+04
7.900000000000000000e+01 4.196581672301393127e+10 4.828665744210504913e+10 2.028000000000000000e+04
8.000000000000000000e+01 3.902221653949472046e+10 4.816163811425450134e+10 2.028000000000000000e+04
8.100000000000000000e+01 4.314823691950659943e+10 4.836897172413520050e+10 2.028000000000000000e+04
8.200000000000000000e+01 4.299087758079584503e+10 4.842578211597901917e+10 2.028000000000000000e+04
8.300000000000000000e+01 4.249224889239273834e+10 4.845268254541577148e+10 2.028000000000000000e+04
8.400000000000000000e+01 4.164976586924917603e+10 4.849695197425370026e+10 2.028000000000000000e+04
8.500000000000000000e+01 4.110300323639786530e+10 4.848301782941073608e+10 2.028000000000000000e+04
8.600000000000000000e+01 3.998133812244552612e+10 4.797735609036946869e+10 2.028000000000000000e+04
8.700000000000000000e+01 4.191271180561704254e+10 4.846687943992520905e+10 2.028000000000000000e+04
8.800000000000000000e+01 4.124306113956252289e+10 4.830352442064172363e+10 2.028000000000000000e+04
8.900000000000000000e+01 4.139936544837258148e+10 4.828761087596879578e+10 2.028000000000000000e+04
9.000000000000000000e+01 4.139185727235850525e+10 4.832882888857604218e+10 2.028000000000000000e+04
9.100000000000000000e+01 4.211200897743219757e+10 4.812248466093618011e+10 2.028000000000000000e+04
9.200000000000000000e+01 4.099649613827949524e+10 4.818964418474915314e+10 2.028000000000000000e+04
9.300000000000000000e+01 4.197375658878766632e+10 4.845998435949517822e+10 2.028000000000000000e+04
9.400000000000000000e+01 4.108432151778594208e+10 4.814895710003055573e+10 2.028000000000000000e+04
9.500000000000000000e+01 4.066503455153079224e+10 4.826992014736192322e+10 2.028000000000000000e+04
9.600000000000000000e+01 4.296724406424658966e+10 4.824891019276116943e+10 2.028000000000000000e+04
9.700000000000000000e+01 4.095743747361804962e+10 4.830572586342433167e+10 2.028000000000000000e+04
9.800000000000000000e+01 4.094929822222442627e+10 4.824873827204940796e+10 2.028000000000000000e+04
9.900000000000000000e+01 4.234747975609365082e+10 4.837760471973464203e+10 2.028000000000000000e+04
1.000000000000000000e+02 4.228125451275125885e+10 4.834966976067985535e+10 2.028000000000000000e+04
1.010000000000000000e+02 4.169341011719741058e+10 4.862150438826932526e+10 2.028000000000000000e+04
1.020000000000000000e+02 4.127558359627427673e+10 4.824320194210086823e+10 2.028000000000000000e+04
1.030000000000000000e+02 3.928921254795883942e+10 4.824020441253990936e+10 2.028000000000000000e+04
1.040000000000000000e+02 4.286201131304994202e+10 4.827468940205024719e+10 2.028000000000000000e+04
1.050000000000000000e+02 4.245282828252745819e+10 4.822539146277521515e+10 2.028000000000000000e+04
1.060000000000000000e+02 3.873263137792018127e+10 4.824139130697525024e+10 2.028000000000000000e+04
1.070000000000000000e+02 4.065300763730660248e+10 4.828943276668407440e+10 2.028000000000000000e+04
1.080000000000000000e+02 4.112594374939062500e+10 4.823765809176822662e+10 2.028000000000000000e+04
1.090000000000000000e+02 3.922021583242944336e+10 4.838303925037341309e+10 2.028000000000000000e+04
1.100000000000000000e+02 3.989472844090300751e+10 4.808531742682598114e+10 2.028000000000000000e+04
1.110000000000000000e+02 3.885307394526699066e+10 4.820002809308750916e+10 2.028000000000000000e+04
1.120000000000000000e+02 4.098413930891056061e+10 4.821804091807929993e+10 2.028000000000000000e+04
1.130000000000000000e+02 4.118863791888814545e+10 4.812960290222689819e+10 2.028000000000000000e+04
1.140000000000000000e+02 4.322155739459050751e+10 4.832398692957311249e+10 2.028000000000000000e+04
1.150000000000000000e+02 4.058585070436151123e+10 4.821222509696881104e+10 2.028000000000000000e+04
1.160000000000000000e+02 4.241980572520600891e+10 4.832630494189488220e+10 2.028000000000000000e+04
1.170000000000000000e+02 4.110961726861370087e+10 4.823313376253601837e+10 2.028000000000000000e+04
1.180000000000000000e+02 4.132481603153025055e+10 4.825425606500080109e+10 2.028000000000000000e+04
1.190000000000000000e+02 4.096482786421274567e+10 4.832054781493699646e+10 2.028000000000000000e+04
1.200000000000000000e+02 4.083333845534741211e+10 4.813414416094177246e+10 2.028000000000000000e+04
1.210000000000000000e+02 4.276449461979562378e+10 4.840434112693910217e+10 2.028000000000000000e+04
1.220000000000000000e+02 4.116028549994644165e+10 4.815391501685913086e+10 2.028000000000000000e+04
1.230000000000000000e+02 4.164207611290441895e+10 4.831219700501274872e+10 2.028000000000000000e+04
1.240000000000000000e+02 4.034179596647406006e+10 4.817050416724240112e+10 2.028000000000000000e+04
1.250000000000000000e+02 4.178260940653720856e+10 4.799412069999575806e+10 2.028000000000000000e+04
1.260000000000000000e+02 4.174219556800362396e+10 4.839511168557192993e+10 2.028000000000000000e+04
1.270000000000000000e+02 4.202718617535552979e+10 4.846024947093231201e+10 2.028000000000000000e+04
1.280000000000000000e+02 4.084966300321436310e+10 4.823110676225728607e+10 2.028000000000000000e+04
1.290000000000000000e+02 4.188163420253350067e+10 4.825696729098080444e+10 2.028000000000000000e+04
1.300000000000000000e+02 3.989556305980468750e+10 4.836398450006671906e+10 2.028000000000000000e+04
1.310000000000000000e+02 3.988831785027799988e+10 4.847864267126251221e+10 2.028000000000000000e+04
1.320000000000000000e+02 4.131848616940219116e+10 4.828772912561409760e+10 2.028000000000000000e+04
1.330000000000000000e+02 3.988403934687208557e+10 4.834502185204667664e+10 2.028000000000000000e+04
1.340000000000000000e+02 4.004879854610972595e+10 4.846533421238490295e+10 2.028000000000000000e+04
1.350000000000000000e+02 4.344990877903147888e+10 4.834237613535881805e+10 2.028000000000000000e+04
1.360000000000000000e+02 4.228762903203906250e+10 4.851741656775875092e+10 2.028000000000000000e+04
1.370000000000000000e+02 4.282088181129832458e+10 4.847199908832414246e+10 2.028000000000000000e+04
1.380000000000000000e+02 4.232803911288302612e+10 4.824261702521652985e+10 2.028000000000000000e+04
1.390000000000000000e+02 4.229604241236401367e+10 4.830161129598455811e+10 2.028000000000000000e+04
1.400000000000000000e+02 3.939483055812732697e+10 4.820679750131073761e+10 2.028000000000000000e+04
1.410000000000000000e+02 4.189191158002642059e+10 4.819645581894593811e+10 2.028000000000000000e+04
1.420000000000000000e+02 3.996775714914937592e+10 4.797472477315774536e+10 2.028000000000000000e+04
1.430000000000000000e+02 4.094568808679460144e+10 4.812705435179309845e+10 2.028000000000000000e+04
1.440000000000000000e+02 4.146797106168727112e+10 4.804441937456650543e+10 2.028000000000000000e+04
1.450000000000000000e+02 4.076927569567233276e+10 4.798496509974687958e+10 2.028000000000000000e+04
1.460000000000000000e+02 4.333233267897483063e+10 4.817806817950064087e+10 2.028000000000000000e+04
1.470000000000000000e+02 4.187066561921890259e+10 4.835098502008885193e+10 2.028000000000000000e+04
1.480000000000000000e+02 4.081714714167819214e+10 4.839582835640539551e+10 2.028000000000000000e+04
1.490000000000000000e+02 4.193172144900646210e+10 4.810853481580495453e+10 2.028000000000000000e+04
1.500000000000000000e+02 4.007577239874927521e+10 4.830365706625425720e+10 2.028000000000000000e+04
1.510000000000000000e+02 3.936096398520079803e+10 4.829733108531836700e+10 2.028000000000000000e+04
1.520000000000000000e+02 4.182253896792809296e+10 4.800519860049228668e+10 2.028000000000000000e+04
1.530000000000000000e+02 4.048929135997879791e+10 4.831956844134571075e+10 2.028000000000000000e+04
1.540000000000000000e+02 3.934403282821772766e+10 4.840199103488448334e+10 2.028000000000000000e+04
1.550000000000000000e+02 4.032617860785188293e+10 4.844639606334339142e+10 2.028000000000000000e+04
1.560000000000000000e+02 4.274249435903362274e+10 4.820767493220898438e+10 2.028000000000000000e+04
1.570000000000000000e+02 4.166250905364854431e+10 4.858386957580744171e+10 2.028000000000000000e+04
1.580000000000000000e+02 4.101990312417975616e+10 4.799199946670221710e+10 2.028000000000000000e+04
1.590000000000000000e+02 4.028860490056038666e+10 4.823873284065541077e+10 2.028000000000000000e+04
1.600000000000000000e+02 4.287084930029293823e+10 4.818469657735526276e+10 2.028000000000000000e+04
1.610000000000000000e+02 4.158431676982374573e+10 4.807034670877690887e+10 2.028000000000000000e+04
1.620000000000000000e+02 4.221716734099772644e+10 4.829294791491491699e+10 2.028000000000000000e+04
1.630000000000000000e+02 4.150744606655483246e+10 4.824894307659315491e+10 2.028000000000000000e+04
1.640000000000000000e+02 4.218619181539744568e+10 4.829028272507535553e+10 2.028000000000000000e+04
1.650000000000000000e+02 3.977939797597095490e+10 4.818266138162948608e+10 2.028000000000000000e+04
1.660000000000000000e+02 4.289760095028038025e+10 4.821693480274248505e+10 2.028000000000000000e+04
1.670000000000000000e+02 4.303894753808802032e+10 4.839243350937254333e+10 2.028000000000000000e+04
1.680000000000000000e+02 4.275663726254848480e+10 4.828733598256365204e+10 2.028000000000000000e+04
1.690000000000000000e+02 4.091359162441905212e+10 4.827936025462153625e+10 2.028000000000000000e+04
1.700000000000000000e+02 4.074968835664745331e+10 4.813547154068162537e+10 2.028000000000000000e+04
1.710000000000000000e+02 4.175251240590834808e+10 4.790518460037424469e+10 2.028000000000000000e+04
1.720000000000000000e+02 3.984870932591533661e+10 4.814343251320789337e+10 2.028000000000000000e+04
1.730000000000000000e+02 4.211146614364717865e+10 4.837617799447320557e+10 2.028000000000000000e+04
1.740000000000000000e+02 4.075514181989785767e+10 4.844543260495510101e+10 2.028000000000000000e+04
1.750000000000000000e+02 4.268474141068856812e+10 4.821233977220711517e+10 2.028000000000000000e+04
1.760000000000000000e+02 4.258287925829862213e+10 4.834165073951972961e+10 2.028000000000000000e+04
1.770000000000000000e+02 4.201825186121141815e+10 4.804761624226901245e+10 2.028000000000000000e+04
1.780000000000000000e+02 4.042620967630542755e+10 4.798839187018048096e+10 2.028000000000000000e+04
1.790000000000000000e+02 4.370069894988399506e+10 4.842524366264115906e+10 2.028000000000000000e+04
1.800000000000000000e+02 4.030213020895846558e+10 4.845427837243594360e+10 2.028000000000000000e+04
1.810000000000000000e+02 4.054559587628934479e+10 4.835486046796624756e+10 2.028000000000000000e+04
1.820000000000000000e+02 3.872788698584931183e+10 4.837609206723889923e+10 2.028000000000000000e+04
1.830000000000000000e+02 3.989391075091114807e+10 4.814658583188217163e+10 2.028000000000000000e+04
1.840000000000000000e+02 3.963264804225465393e+10 4.827046306917848206e+10 2.028000000000000000e+04
1.850000000000000000e+02 4.252304963808312988e+10 4.834514260293609619e+10 2.028000000000000000e+04
1.860000000000000000e+02 4.169673916140139771e+10 4.828394482598692322e+10 2.028000000000000000e+04
1.870000000000000000e+02 4.196737587956859589e+10 4.814124278909662628e+10 2.028000000000000000e+04
1.880000000000000000e+02 4.265690883219370270e+10 4.842315914137045288e+10 2.028000000000000000e+04
1.890000000000000000e+02 3.994739887854374695e+10 4.813423092345856476e+10 2.028000000000000000e+04
1.900000000000000000e+02 4.265330935247438812e+10 4.810039507414752960e+10 2.028000000000000000e+04
1.910000000000000000e+02 4.272450632847637177e+10 4.849452542250495148e+10 2.028000000000000000e+04
1.920000000000000000e+02 4.260234652457247925e+10 4.808159132699583435e+10 2.028000000000000000e+04
1.930000000000000000e+02 4.260234652457247925e+10 4.805950752861398315e+10 2.028000000000000000e+04
1.940000000000000000e+02 4.260234652457247925e+10 4.828820369304801941e+10 2.028000000000000000e+04
1.950000000000000000e+02 4.006347923287416840e+10 4.841294472707798767e+10 2.028000000000000000e+04
1.960000000000000000e+02 4.078829242409407043e+10 4.822772129765174103e+10 2.028000000000000000e+04
1.970000000000000000e+02 4.104933380893199921e+10 4.831947404328356934e+10 2.028000000000000000e+04
1.980000000000000000e+02 4.161946157508195496e+10 4.834028933719131470e+10 2.028000000000000000e+04
1.990000000000000000e+02 3.920372534664507294e+10 4.813797498381221008e+10 2.028000000000000000e+04
