# alpso results: id, AEP init (Whr), AEP final (Whr), fcalls total
0.000000000000000000e+00 1.705522140679031982e+11 1.768403063694659729e+11 2.103000000000000000e+04
1.000000000000000000e+00 1.528169123118219910e+11 1.748770520824082031e+11 2.103000000000000000e+04
2.000000000000000000e+00 1.526984680786369934e+11 1.752026006090099182e+11 2.103000000000000000e+04
3.000000000000000000e+00 1.594347923376032715e+11 1.755832354788101196e+11 2.103000000000000000e+04
4.000000000000000000e+00 1.560946998573188477e+11 1.756478092950067139e+11 2.103000000000000000e+04
5.000000000000000000e+00 1.539389635307928772e+11 1.751126349696526184e+11 2.103000000000000000e+04
6.000000000000000000e+00 1.533818209047889404e+11 1.745811327979910889e+11 2.103000000000000000e+04
7.000000000000000000e+00 1.578492646410662231e+11 1.757140002898852234e+11 2.103000000000000000e+04
8.000000000000000000e+00 1.551605677903248901e+11 1.752705786831384888e+11 2.103000000000000000e+04
9.000000000000000000e+00 1.527760288411349487e+11 1.751405317923613892e+11 2.103000000000000000e+04
1.000000000000000000e+01 1.565678587564310913e+11 1.746700908893464966e+11 2.103000000000000000e+04
1.100000000000000000e+01 1.527977234488486023e+11 1.736451877289909058e+11 2.103000000000000000e+04
1.200000000000000000e+01 1.575825882870670166e+11 1.743113576365535889e+11 2.103000000000000000e+04
1.300000000000000000e+01 1.497775343155744019e+11 1.746624096967147827e+11 2.103000000000000000e+04
1.400000000000000000e+01 1.515505643165139771e+11 1.754551641832385864e+11 2.103000000000000000e+04
1.500000000000000000e+01 1.527078013594255676e+11 1.757666118494512939e+11 2.103000000000000000e+04
1.600000000000000000e+01 1.573642614358320007e+11 1.753058166953984070e+11 2.103000000000000000e+04
1.700000000000000000e+01 1.535046154444191895e+11 1.745026350956231079e+11 2.103000000000000000e+04
1.800000000000000000e+01 1.510487529499505615e+11 1.754499099637207031e+11 2.103000000000000000e+04
1.900000000000000000e+01 1.606506699360006409e+11 1.743277302225703125e+11 2.103000000000000000e+04
2.000000000000000000e+01 1.557331976904734802e+11 1.745257049969959106e+11 2.103000000000000000e+04
2.100000000000000000e+01 1.551304019115523376e+11 1.747411066785614929e+11 2.103000000000000000e+04
2.200000000000000000e+01 1.592508517951635437e+11 1.753497698062966003e+11 2.103000000000000000e+04
2.300000000000000000e+01 1.530430199628996277e+11 1.746932112473220215e+11 2.103000000000000000e+04
2.400000000000000000e+01 1.539034653255469971e+11 1.742028519307319946e+11 2.103000000000000000e+04
2.500000000000000000e+01 1.546004300255049438e+11 1.754196911231246033e+11 2.103000000000000000e+04
2.600000000000000000e+01 1.532400864671202087e+11 1.753423682590569153e+11 2.103000000000000000e+04
2.700000000000000000e+01 1.569884055352048645e+11 1.743674902976040039e+11 2.103000000000000000e+04
2.800000000000000000e+01 1.564037150422577209e+11 1.747192945700233765e+11 2.103000000000000000e+04
2.900000000000000000e+01 1.578196294806489258e+11 1.757011307459575195e+11 2.103000000000000000e+04
3.000000000000000000e+01 1.549540639836596069e+11 1.754123800363056030e+11 2.103000000000000000e+04
3.100000000000000000e+01 1.523710705630021057e+11 1.758433333500787964e+11 2.103000000000000000e+04
3.200000000000000000e+01 1.543053579266874390e+11 1.751775671364371033e+11 2.103000000000000000e+04
3.300000000000000000e+01 1.526886102150119629e+11 1.745200862619510193e+11 2.103000000000000000e+04
3.400000000000000000e+01 1.541338285304629211e+11 1.761166898253435059e+11 2.103000000000000000e+04
3.500000000000000000e+01 1.530631488876100464e+11 1.745546507044843750e+11 2.103000000000000000e+04
3.600000000000000000e+01 1.567607543683584290e+11 1.753350628133641052e+11 2.103000000000000000e+04
3.700000000000000000e+01 1.596129379441487427e+11 1.752282519649060059e+11 2.103000000000000000e+04
3.800000000000000000e+01 1.543113137261874390e+11 1.750415641856719055e+11 2.103000000000000000e+04
3.900000000000000000e+01 1.557202710091697998e+11 1.730546446254800110e+11 2.103000000000000000e+04
4.000000000000000000e+01 1.551905782573781433e+11 1.758815660115513000e+11 2.103000000000000000e+04
4.100000000000000000e+01 1.573126969370169067e+11 1.754788825963252869e+11 2.103000000000000000e+04
4.200000000000000000e+01 1.582563373481712036e+11 1.747097216205508118e+11 2.103000000000000000e+04
4.300000000000000000e+01 1.536621132556329651e+11 1.742351107308791809e+11 2.103000000000000000e+04
4.400000000000000000e+01 1.582757102450951233e+11 1.756201673131325073e+11 2.103000000000000000e+04
4.500000000000000000e+01 1.574680163544223022e+11 1.745396737110834961e+11 2.103000000000000000e+04
4.600000000000000000e+01 1.544021908907481995e+11 1.757126211903475037e+11 2.103000000000000000e+04
4.700000000000000000e+01 1.533141106247449341e+11 1.747128990663321228e+11 2.103000000000000000e+04
4.800000000000000000e+01 1.552303246609238281e+11 1.752050683400468750e+11 2.103000000000000000e+04
4.900000000000000000e+01 1.560556434618735657e+11 1.739299028170611877e+11 2.103000000000000000e+04
5.000000000000000000e+01 1.537442598629841614e+11 1.740558068815935059e+11 2.103000000000000000e+04
5.100000000000000000e+01 1.577688485882601318e+11 1.747186659324147949e+11 2.103000000000000000e+04
5.200000000000000000e+01 1.544245685030228577e+11 1.751532986490013123e+11 2.103000000000000000e+04
5.300000000000000000e+01 1.532638421423025818e+11 1.744683150433894958e+11 2.103000000000000000e+04
5.400000000000000000e+01 1.547430340341040344e+11 1.726372263886250916e+11 2.103000000000000000e+04
5.500000000000000000e+01 1.569267956015516357e+11 1.757289232264604797e+11 2.103000000000000000e+04
5.600000000000000000e+01 1.558131229618008423e+11 1.760931786210775146e+11 2.103000000000000000e+04
5.700000000000000000e+01 1.573450085996338806e+11 1.750008441730209045e+11 2.103000000000000000e+04
5.800000000000000000e+01 1.559272899919262085e+11 1.757329930758501282e+11 2.103000000000000000e+04
5.900000000000000000e+01 1.528419406884328308e+11 1.756505588933597717e+11 2.103000000000000000e+04
6.000000000000000000e+01 1.554128258005853271e+11 1.748645916282816162e+11 2.103000000000000000e+04
6.100000000000000000e+01 1.579720156058596497e+11 1.750332221789074707e+11 2.103000000000000000e+04
6.200000000000000000e+01 1.578530783873164978e+11 1.747654442104558105e+11 2.103000000000000000e+04
6.300000000000000000e+01 1.548066241586256104e+11 1.745338525758919067e+11 2.103000000000000000e+04
6.400000000000000000e+01 1.498531072229389648e+11 1.743603226070072021e+11 2.103000000000000000e+04
6.500000000000000000e+01 1.519941023927128601e+11 1.755064418081539917e+11 2.103000000000000000e+04
6.600000000000000000e+01 1.608217822127858887e+11 1.757477724290625000e+11 2.103000000000000000e+04
6.700000000000000000e+01 1.568034706889035645e+11 1.761009685129217224e+11 2.103000000000000000e+04
6.800000000000000000e+01 1.563893160991226196e+11 1.745940154008505249e+11 2.103000000000000000e+04
6.900000000000000000e+01 1.544804335196321106e+11 1.753615306162131042e+11 2.103000000000000000e+04
7.000000000000000000e+01 1.531556510001430969e+11 1.751026300384231873e+11 2.103000000000000000e+04
7.100000000000000000e+01 1.514442004512136230e+11 1.753090399499412842e+11 2.103000000000000000e+04
7.200000000000000000e+01 1.592963382214000244e+11 1.756825358901483154e+11 2.103000000000000000e+04
7.300000000000000000e+01 1.560072679210410156e+11 1.747160008407671814e+11 2.103000000000000000e+04
7.400000000000000000e+01 1.593564771183907776e+11 1.747929349044574890e+11 2.103000000000000000e+04
7.500000000000000000e+01 1.573353041642992554e+11 1.752167246228548279e+11 2.103000000000000000e+04
7.600000000000000000e+01 1.541379073933807068e+11 1.757900162231582947e+11 2.103000000000000000e+04
7.700000000000000000e+01 1.578775887634512024e+11 1.749530172115198975e+11 2.103000000000000000e+04
7.800000000000000000e+01 1.574344175324345398e+11 1.752855758812139893e+11 2.103000000000000000e+04
7.900000000000000000e+01 1.564512868449137573e+11 1.758722763461083069e+11 2.103000000000000000e+04
8.000000000000000000e+01 1.492060987504494934e+11 1.745068629752023926e+11 2.103000000000000000e+04
8.100000000000000000e+01 1.608069122621299744e+11 1.750769715998916931e+11 2.103000000000000000e+04
8.200000000000000000e+01 1.581655793915427856e+11 1.755396157621611938e+11 2.103000000000000000e+04
8.300000000000000000e+01 1.585052903921947632e+11 1.751821384008937073e+11 2.103000000000000000e+04
8.400000000000000000e+01 1.572090216206716919e+11 1.760089202449683228e+11 2.103000000000000000e+04
8.500000000000000000e+01 1.563162185517326660e+11 1.747604091426991882e+11 2.103000000000000000e+04
8.600000000000000000e+01 1.521546510268065796e+11 1.759545425979369202e+11 2.103000000000000000e+04
8.700000000000000000e+01 1.579448037832101440e+11 1.762568602712333984e+11 2.103000000000000000e+04
8.800000000000000000e+01 1.570167451977439270e+11 1.753367588738323975e+11 2.103000000000000000e+04
8.900000000000000000e+01 1.559694271984335022e+11 1.749550404889046936e+11 2.103000000000000000e+04
9.000000000000000000e+01 1.560294067968190002e+11 1.756579374098943176e+11 2.103000000000000000e+04
9.100000000000000000e+01 1.592573953270136719e+11 1.756648443065713806e+11 2.103000000000000000e+04
9.200000000000000000e+01 1.551657801991457520e+11 1.757991105086363220e+11 2.103000000000000000e+04
9.300000000000000000e+01 1.579853943918074341e+11 1.753956612258052979e+11 2.103000000000000000e+04
9.400000000000000000e+01 1.551611278025605164e+11 1.753738340175278015e+11 2.103000000000000000e+04
9.500000000000000000e+01 1.546691313291665955e+11 1.759327745115906067e+11 2.103000000000000000e+04
9.600000000000000000e+01 1.610354304652484131e+11 1.751200680324727783e+11 2.103000000000000000e+04
9.700000000000000000e+01 1.549108843682416382e+11 1.751389880299371033e+11 2.103000000000000000e+04
9.800000000000000000e+01 1.546529135527150574e+11 1.755936221405346069e+11 2.103000000000000000e+04
9.900000000000000000e+01 1.590592823084867554e+11 1.745680344342892151e+11 2.103000000000000000e+04
1.000000000000000000e+02 1.584060228292263184e+11 1.757774241240392761e+11 2.103000000000000000e+04
1.010000000000000000e+02 1.567956477004368591e+11 1.746965198150907288e+11 2.103000000000000000e+04
1.020000000000000000e+02 1.564741894187939148e+11 1.751641278272396240e+11 2.103000000000000000e+04
1.030000000000000000e+02 1.497835519175765076e+11 1.748678204013318176e+11 2.103000000000000000e+04
1.040000000000000000e+02 1.598559264727913513e+11 1.760542887392500000e+11 2.103000000000000000e+04
1.050000000000000000e+02 1.586642273087257080e+11 1.749953175770040283e+11 2.103000000000000000e+04
1.060000000000000000e+02 1.500582997442555542e+11 1.749697251333064880e+11 2.103000000000000000e+04
1.070000000000000000e+02 1.559748299413158569e+11 1.753473096491112976e+11 2.103000000000000000e+04
1.080000000000000000e+02 1.562101233251863708e+11 1.748183531900466003e+11 2.103000000000000000e+04
1.090000000000000000e+02 1.503427645191027832e+11 1.751591156131454163e+11 2.103000000000000000e+04
1.100000000000000000e+02 1.529861589869129639e+11 1.751440549025104065e+11 2.103000000000000000e+04
1.110000000000000000e+02 1.499841671262877502e+11 1.752470542192142944e+11 2.103000000000000000e+04
1.120000000000000000e+02 1.556341258736438904e+11 1.752485778221600037e+11 2.103000000000000000e+04
1.130000000000000000e+02 1.551695881866063538e+11 1.754526357725410156e+11 2.103000000000000000e+04
1.140000000000000000e+02 1.610094243210979919e+11 1.753534927775838013e+11 2.103000000000000000e+04
1.150000000000000000e+02 1.539937867216242676e+11 1.751454285993697205e+11 2.103000000000000000e+04
1.160000000000000000e+02 1.581788676922407837e+11 1.756331516274000854e+11 2.103000000000000000e+04
1.170000000000000000e+02 1.543895778126817932e+11 1.753618775916911926e+11 2.103000000000000000e+04
1.180000000000000000e+02 1.560490006699714355e+11 1.759386720702036133e+11 2.103000000000000000e+04
1.190000000000000000e+02 1.546836384908073120e+11 1.753644846474204102e+11 2.103000000000000000e+04
1.200000000000000000e+02 1.549841202587276001e+11 1.756879184469981079e+11 2.103000000000000000e+04
1.210000000000000000e+02 1.593201785142630310e+11 1.753914908873598022e+11 2.103000000000000000e+04
1.220000000000000000e+02 1.559819092712938538e+11 1.759051505563513184e+11 2.103000000000000000e+04
1.230000000000000000e+02 1.565394998131534424e+11 1.752593968149820251e+11 2.103000000000000000e+04
1.240000000000000000e+02 1.529280388264555969e+11 1.741069280924281006e+11 2.103000000000000000e+04
1.250000000000000000e+02 1.567190622869382019e+11 1.756451867310077209e+11 2.103000000000000000e+04
1.260000000000000000e+02 1.570838038689584961e+11 1.753639307941235046e+11 2.103000000000000000e+04
1.270000000000000000e+02 1.568419815724902344e+11 1.740324379372583008e+11 2.103000000000000000e+04
1.280000000000000000e+02 1.548521319329063416e+11 1.746508838313004150e+11 2.103000000000000000e+04
1.290000000000000000e+02 1.573888607555259399e+11 1.747391112191656189e+11 2.103000000000000000e+04
1.300000000000000000e+02 1.529684421676768799e+11 1.744300202031730042e+11 2.103000000000000000e+04
1.310000000000000000e+02 1.530489560424476624e+11 1.751657307564341125e+11 2.103000000000000000e+04
1.320000000000000000e+02 1.556516394280211182e+11 1.744251390590950012e+11 2.103000000000000000e+04
1.330000000000000000e+02 1.528980453626191406e+11 1.743955729495796204e+11 2.103000000000000000e+04
1.340000000000000000e+02 1.535344649651018372e+11 1.742091220984942017e+11 2.103000000000000000e+04
1.350000000000000000e+02 1.603434204071647949e+11 1.750165392268583069e+11 2.103000000000000000e+04
1.360000000000000000e+02 1.572025736206220093e+11 1.758819202430787964e+11 2.103000000000000000e+04
1.370000000000000000e+02 1.592772727075878601e+11 1.756907383199461060e+11 2.103000000000000000e+04
1.380000000000000000e+02 1.584284592025728149e+11 1.755681114376803894e+11 2.103000000000000000e+04
1.390000000000000000e+02 1.576397958137388611e+11 1.753540556080588074e+11 2.103000000000000000e+04
1.400000000000000000e+02 1.517728733384286194e+11 1.752860003773840027e+11 2.103000000000000000e+04
1.410000000000000000e+02 1.571621713182276917e+11 1.762397759030177002e+11 2.103000000000000000e+04
1.420000000000000000e+02 1.520588964677361450e+11 1.737293491585374146e+11 2.103000000000000000e+04
1.430000000000000000e+02 1.548282239387671814e+11 1.752485630424560852e+11 2.103000000000000000e+04
1.440000000000000000e+02 1.566317396531535950e+11 1.746691351680704956e+11 2.103000000000000000e+04
1.450000000000000000e+02 1.544895384736856995e+11 1.747053914112209167e+11 2.103000000000000000e+04
1.460000000000000000e+02 1.610925799672204590e+11 1.748240075093185120e+11 2.103000000000000000e+04
1.470000000000000000e+02 1.576976464621386719e+11 1.760568468700498962e+11 2.103000000000000000e+04
1.480000000000000000e+02 1.547961587015195312e+11 1.749629467191441345e+11 2.103000000000000000e+04
1.490000000000000000e+02 1.573665054395125427e+11 1.745854395114113159e+11 2.103000000000000000e+04
1.500000000000000000e+02 1.520794033498035278e+11 1.762083368874038086e+11 2.103000000000000000e+04
1.510000000000000000e+02 1.519081668657589417e+11 1.743100089823332825e+11 2.103000000000000000e+04
1.520000000000000000e+02 1.569519132407968750e+11 1.747218141519847107e+11 2.103000000000000000e+04
1.530000000000000000e+02 1.537865397700021057e+11 1.747454072710477905e+11 2.103000000000000000e+04
1.540000000000000000e+02 1.508464264990810852e+11 1.757766198131021729e+11 2.103000000000000000e+04
1.550000000000000000e+02 1.538145582575429993e+11 1.746891836376024780e+11 2.103000000000000000e+04
1.560000000000000000e+02 1.593862125737975769e+11 1.746092938766163025e+11 2.103000000000000000e+04
1.570000000000000000e+02 1.570287394480908203e+11 1.745454981214902954e+11 2.103000000000000000e+04
1.580000000000000000e+02 1.556955608862971802e+11 1.757548692351568909e+11 2.103000000000000000e+04
1.590000000000000000e+02 1.541364506479567566e+11 1.764966365886929321e+11 2.103000000000000000e+04
1.600000000000000000e+02 1.597987129684655151e+11 1.749487584020867920e+11 2.103000000000000000e+04
1.610000000000000000e+02 1.575111045334908752e+11 1.745395276925464783e+11 2.103000000000000000e+04
1.620000000000000000e+02 1.579615469701711731e+11 1.754264761105991211e+11 2.103000000000000000e+04
1.630000000000000000e+02 1.556605815675579834e+11 1.754648951554725952e+11 2.103000000000000000e+04
1.640000000000000000e+02 1.563614128387018738e+11 1.759795818073817139e+11 2.103000000000000000e+04
1.650000000000000000e+02 1.524569627386541138e+11 1.755298476986378784e+11 2.103000000000000000e+04
1.660000000000000000e+02 1.590205337727185974e+11 1.763085499586569214e+11 2.103000000000000000e+04
1.670000000000000000e+02 1.598979719197065125e+11 1.742773565327780151e+11 2.103000000000000000e+04
1.680000000000000000e+02 1.604552614223193970e+11 1.747219541321083984e+11 2.103000000000000000e+04
1.690000000000000000e+02 1.561025956167419128e+11 1.741467506953393860e+11 2.103000000000000000e+04
1.700000000000000000e+02 1.542623554211571350e+11 1.754765869736326294e+11 2.103000000000000000e+04
1.710000000000000000e+02 1.561470008091571350e+11 1.757570044047631226e+11 2.103000000000000000e+04
1.720000000000000000e+02 1.523651993607895203e+11 1.757757195603117065e+11 2.103000000000000000e+04
1.730000000000000000e+02 1.580394404391707764e+11 1.756554306314887085e+11 2.103000000000000000e+04
1.740000000000000000e+02 1.538838932959783020e+11 1.754855972245426025e+11 2.103000000000000000e+04
1.750000000000000000e+02 1.579401340289393005e+11 1.756494929870509644e+11 2.103000000000000000e+04
1.760000000000000000e+02 1.589419700388471680e+11 1.758888593234020996e+11 2.103000000000000000e+04
1.770000000000000000e+02 1.572685010235446777e+11 1.752922543875035706e+11 2.103000000000000000e+04
1.780000000000000000e+02 1.526665541043959961e+11 1.757494434128115234e+11 2.103000000000000000e+04
1.790000000000000000e+02 1.622887628002197876e+11 1.760210042679346008e+11 2.103000000000000000e+04
1.800000000000000000e+02 1.534729979024985657e+11 1.751394766796718140e+11 2.103000000000000000e+04
1.810000000000000000e+02 1.526334824550496216e+11 1.753732515679181213e+11 2.103000000000000000e+04
1.820000000000000000e+02 1.494046801679790344e+11 1.748457263834031982e+11 2.103000000000000000e+04
1.830000000000000000e+02 1.540680549735393677e+11 1.747653646509015808e+11 2.103000000000000000e+04
1.840000000000000000e+02 1.511775245408442993e+11 1.754287802284754944e+11 2.103000000000000000e+04
1.850000000000000000e+02 1.593756523189684448e+11 1.747472834811794739e+11 2.103000000000000000e+04
1.860000000000000000e+02 1.573629670390879211e+11 1.745032013195494080e+11 2.103000000000000000e+04
1.870000000000000000e+02 1.590183541143542480e+11 1.757527942928346863e+11 2.103000000000000000e+04
1.880000000000000000e+02 1.597437380203505554e+11 1.735187294196712952e+11 2.103000000000000000e+04
1.890000000000000000e+02 1.530790344337088928e+11 1.754233961747396851e+11 2.103000000000000000e+04
1.900000000000000000e+02 1.582485990316129456e+11 1.763435328250723877e+11 2.103000000000000000e+04
1.910000000000000000e+02 1.600428556124850464e+11 1.753906179093088074e+11 2.103000000000000000e+04
1.920000000000000000e+02 1.582493138673138733e+11 1.757832200485378113e+11 2.103000000000000000e+04
1.930000000000000000e+02 1.560611496382182312e+11 1.744246286540822754e+11 2.103000000000000000e+04
1.940000000000000000e+02 1.560368750391420898e+11 1.758209459837201843e+11 2.103000000000000000e+04
1.950000000000000000e+02 1.517560718817271118e+11 1.750562013261509094e+11 2.103000000000000000e+04
1.960000000000000000e+02 1.549544700729938965e+11 1.748132906082016907e+11 2.103000000000000000e+04
1.970000000000000000e+02 1.546720149834385986e+11 1.749312359942352905e+11 2.103000000000000000e+04
1.980000000000000000e+02 1.566430689677502136e+11 1.754337025571199036e+11 2.103000000000000000e+04
1.990000000000000000e+02 1.503578117048901062e+11 1.752589377354530029e+11 2.103000000000000000e+04
