# snopt wec results: id, AEP init (Whr), AEP final (Whr), fcalls total
0.000000000000000000e+00 3.487915500393433228e+11 3.647109012066463623e+11 3.560000000000000000e+02
1.000000000000000000e+00 3.101786211500721436e+11 3.652137465401561890e+11 6.260000000000000000e+02
2.000000000000000000e+00 3.092539430250391846e+11 3.654830294125618896e+11 3.740000000000000000e+02
3.000000000000000000e+00 3.203570727540653076e+11 3.654480995904520874e+11 3.960000000000000000e+02
4.000000000000000000e+00 3.052393381234149780e+11 3.652521901636636353e+11 4.560000000000000000e+02
5.000000000000000000e+00 3.168413217171948242e+11 3.642703210015504761e+11 7.440000000000000000e+02
6.000000000000000000e+00 3.141057324454245605e+11 3.649345645316127319e+11 4.980000000000000000e+02
7.000000000000000000e+00 3.129982098805272217e+11 3.654864767849453735e+11 3.900000000000000000e+02
8.000000000000000000e+00 3.149400008129152222e+11 3.648290803187772217e+11 8.200000000000000000e+02
9.000000000000000000e+00 3.169830095040826416e+11 3.644722154136823120e+11 7.540000000000000000e+02
1.000000000000000000e+01 3.165831083888615112e+11 3.652554463313731689e+11 7.360000000000000000e+02
1.100000000000000000e+01 3.106815821714679565e+11 3.646336015172377930e+11 4.700000000000000000e+02
1.200000000000000000e+01 3.215843645326675415e+11 3.651267373503897705e+11 5.400000000000000000e+02
1.300000000000000000e+01 3.167161543744799805e+11 3.653337204703650513e+11 7.200000000000000000e+02
1.400000000000000000e+01 3.195240877357333374e+11 3.645434209543994751e+11 7.180000000000000000e+02
1.500000000000000000e+01 3.146286364703188477e+11 3.654145983512603760e+11 5.280000000000000000e+02
1.600000000000000000e+01 3.156808085451831055e+11 3.654406483949834595e+11 5.980000000000000000e+02
1.700000000000000000e+01 3.121814789429577637e+11 3.649587139239599609e+11 5.500000000000000000e+02
1.800000000000000000e+01 3.101111288694235229e+11 3.641454854266797485e+11 1.410000000000000000e+03
1.900000000000000000e+01 3.173275726991582031e+11 3.650899986746435547e+11 3.640000000000000000e+02
2.000000000000000000e+01 3.173783756795325928e+11 3.642411091239719849e+11 3.580000000000000000e+02
2.100000000000000000e+01 3.146871196408348389e+11 3.662096250557852173e+11 5.260000000000000000e+02
2.200000000000000000e+01 3.144733537646567383e+11 3.653876578479686890e+11 3.900000000000000000e+02
2.300000000000000000e+01 3.091375862331461792e+11 3.648333776693189697e+11 7.600000000000000000e+02
2.400000000000000000e+01 3.154360379331007080e+11 3.652224777975334473e+11 5.460000000000000000e+02
2.500000000000000000e+01 3.122727492251663818e+11 3.646749720070789795e+11 4.980000000000000000e+02
2.600000000000000000e+01 3.177375356899683228e+11 3.660951645128417358e+11 5.660000000000000000e+02
2.700000000000000000e+01 3.178258896058706055e+11 3.655007343648477173e+11 6.240000000000000000e+02
2.800000000000000000e+01 3.163314869019802856e+11 3.647920315036773682e+11 7.620000000000000000e+02
2.900000000000000000e+01 3.113811180799569092e+11 3.642029010364729004e+11 9.040000000000000000e+02
3.000000000000000000e+01 3.096654886663078003e+11 3.646314895488917847e+11 3.860000000000000000e+02
3.100000000000000000e+01 3.133653419275528564e+11 3.649825917973013306e+11 5.980000000000000000e+02
3.200000000000000000e+01 3.085508389677124634e+11 3.657260637631889038e+11 5.380000000000000000e+02
3.300000000000000000e+01 3.152700119837515869e+11 3.652744970289313965e+11 6.000000000000000000e+02
3.400000000000000000e+01 3.110612515554354248e+11 3.647889913268110352e+11 7.440000000000000000e+02
3.500000000000000000e+01 3.152625677574570923e+11 3.650261516130868530e+11 4.600000000000000000e+02
3.600000000000000000e+01 3.189100197602384033e+11 3.641004000784671021e+11 4.560000000000000000e+02
3.700000000000000000e+01 3.167303192026940308e+11 3.650327678673027954e+11 3.700000000000000000e+02
3.800000000000000000e+01 3.211962040102321167e+11 3.650487721087933960e+11 3.740000000000000000e+02
3.900000000000000000e+01 3.186110940332431030e+11 3.654704235804624023e+11 4.300000000000000000e+02
4.000000000000000000e+01 3.123366259540305176e+11 3.651325820752941284e+11 7.940000000000000000e+02
4.100000000000000000e+01 3.126154779631759033e+11 3.648288487459757080e+11 6.080000000000000000e+02
4.200000000000000000e+01 3.119880665280131836e+11 3.650307152148280029e+11 4.380000000000000000e+02
4.300000000000000000e+01 3.174307372570898438e+11 3.647793578580711670e+11 3.400000000000000000e+02
4.400000000000000000e+01 3.136965010619467773e+11 3.655423535690571289e+11 4.360000000000000000e+02
4.500000000000000000e+01 3.104671513987653809e+11 3.651880261849503174e+11 6.420000000000000000e+02
4.600000000000000000e+01 3.083841337249826660e+11 3.650117192225920410e+11 4.660000000000000000e+02
4.700000000000000000e+01 3.201126609800137939e+11 3.646176639198202515e+11 5.520000000000000000e+02
4.800000000000000000e+01 3.116017942109521484e+11 3.645787077265001831e+11 5.080000000000000000e+02
4.900000000000000000e+01 3.092858044439188232e+11 3.647331597950049438e+11 3.720000000000000000e+02
5.000000000000000000e+01 3.183866308649071655e+11 3.653035211855924072e+11 3.820000000000000000e+02
5.100000000000000000e+01 3.146512066701450195e+11 3.641325307901848755e+11 5.000000000000000000e+02
5.200000000000000000e+01 3.166638006131569824e+11 3.641506078095853882e+11 3.540000000000000000e+02
5.300000000000000000e+01 3.201485634531549683e+11 3.643625827660584106e+11 4.940000000000000000e+02
5.400000000000000000e+01 3.158297401676259766e+11 3.651238809653369751e+11 9.640000000000000000e+02
5.500000000000000000e+01 3.173107121635891113e+11 3.656249731565083618e+11 4.500000000000000000e+02
5.600000000000000000e+01 3.162000630360319824e+11 3.647411886269471436e+11 9.100000000000000000e+02
5.700000000000000000e+01 3.075133705602690430e+11 3.651228542518204956e+11 3.800000000000000000e+02
5.800000000000000000e+01 3.105779791783107910e+11 3.654339562928168945e+11 1.062000000000000000e+03
5.900000000000000000e+01 3.142521915980243530e+11 3.657350903396104126e+11 3.820000000000000000e+02
6.000000000000000000e+01 3.122411607348978271e+11 3.642158926106071777e+11 5.260000000000000000e+02
6.100000000000000000e+01 3.128312466202742310e+11 3.645323945707373657e+11 4.540000000000000000e+02
6.200000000000000000e+01 3.184171956234174805e+11 3.646238808722855835e+11 3.140000000000000000e+02
6.300000000000000000e+01 3.115336964692395630e+11 3.656386659036316528e+11 6.300000000000000000e+02
6.400000000000000000e+01 3.192722086504729614e+11 3.655623149478006592e+11 5.020000000000000000e+02
6.500000000000000000e+01 3.203411677091033936e+11 3.644662831437836304e+11 3.640000000000000000e+02
6.600000000000000000e+01 3.167646080828290405e+11 3.652322400199857178e+11 6.340000000000000000e+02
6.700000000000000000e+01 3.119555095388037109e+11 3.642333527442207031e+11 3.940000000000000000e+02
6.800000000000000000e+01 3.165735844750670166e+11 3.648673354997031860e+11 3.100000000000000000e+02
6.900000000000000000e+01 3.147943030979543457e+11 3.642710487800807495e+11 2.760000000000000000e+02
7.000000000000000000e+01 3.179809833256726685e+11 3.647118779216170654e+11 8.320000000000000000e+02
7.100000000000000000e+01 3.112091662700491943e+11 3.645611454098922729e+11 3.900000000000000000e+02
7.200000000000000000e+01 3.167249404639401855e+11 3.657319923093652344e+11 3.520000000000000000e+02
7.300000000000000000e+01 3.209264435920263672e+11 3.644418527619551392e+11 2.840000000000000000e+02
7.400000000000000000e+01 3.146021735224188232e+11 3.648731003619769287e+11 6.400000000000000000e+02
7.500000000000000000e+01 3.079406515621367188e+11 3.645150199392062378e+11 4.060000000000000000e+02
7.600000000000000000e+01 3.156882038635308228e+11 3.651349829661542969e+11 4.640000000000000000e+02
7.700000000000000000e+01 3.098968497272485962e+11 3.645391503875272827e+11 4.100000000000000000e+02
7.800000000000000000e+01 3.026439947516708984e+11 3.651679490346119995e+11 7.880000000000000000e+02
7.900000000000000000e+01 3.157320923563536987e+11 3.653914290897913208e+11 3.820000000000000000e+02
8.000000000000000000e+01 3.177530180815065308e+11 3.639361644255532227e+11 5.520000000000000000e+02
8.100000000000000000e+01 3.076232906617631226e+11 3.645768473981602783e+11 4.920000000000000000e+02
8.200000000000000000e+01 3.022793843716560059e+11 3.646934117743188477e+11 4.720000000000000000e+02
8.300000000000000000e+01 3.177594710808055420e+11 3.650359768028011475e+11 7.700000000000000000e+02
8.400000000000000000e+01 3.091811275912738037e+11 3.653748827417803345e+11 5.800000000000000000e+02
8.500000000000000000e+01 3.186008010196071777e+11 3.649146223451152344e+11 6.140000000000000000e+02
8.600000000000000000e+01 3.162365401581435547e+11 3.653079270859220581e+11 4.060000000000000000e+02
8.700000000000000000e+01 3.234856774070775757e+11 3.655319574742451172e+11 3.840000000000000000e+02
8.800000000000000000e+01 3.114747755861554565e+11 3.652603471424165649e+11 4.760000000000000000e+02
8.900000000000000000e+01 3.095445932302725220e+11 3.652320496893509521e+11 8.720000000000000000e+02
9.000000000000000000e+01 3.123146096182611694e+11 3.647059036238842163e+11 3.560000000000000000e+02
9.100000000000000000e+01 3.182337413638872070e+11 3.650830496044689331e+11 4.120000000000000000e+02
9.200000000000000000e+01 3.132022645977324829e+11 3.646352570793557129e+11 3.000000000000000000e+02
9.300000000000000000e+01 3.108506613173901978e+11 3.651972014775108032e+11 3.560000000000000000e+02
9.400000000000000000e+01 3.150345723002020874e+11 3.654329270122545166e+11 3.320000000000000000e+02
9.500000000000000000e+01 3.100782266951066284e+11 3.650616306127149658e+11 4.980000000000000000e+02
9.600000000000000000e+01 3.071946109751352539e+11 3.651502208362330933e+11 7.460000000000000000e+02
9.700000000000000000e+01 3.033370051982210083e+11 3.657700770403848267e+11 3.780000000000000000e+02
9.800000000000000000e+01 3.188315685795956421e+11 3.649807254935745239e+11 4.940000000000000000e+02
9.900000000000000000e+01 3.197164452317230835e+11 3.652796293943432617e+11 6.660000000000000000e+02
1.000000000000000000e+02 3.049076458928186035e+11 3.652078282984385986e+11 4.380000000000000000e+02
1.010000000000000000e+02 3.117630573549885864e+11 3.653148735882055664e+11 5.160000000000000000e+02
1.020000000000000000e+02 3.206994085403031616e+11 3.647656580894639893e+11 6.160000000000000000e+02
1.030000000000000000e+02 3.220558643251119385e+11 3.661810088438237305e+11 3.240000000000000000e+02
1.040000000000000000e+02 3.174757111131312866e+11 3.651527823728768311e+11 5.460000000000000000e+02
1.050000000000000000e+02 3.134888478644679565e+11 3.651015046782091064e+11 6.000000000000000000e+02
1.060000000000000000e+02 3.110165152475609741e+11 3.646659287793076782e+11 5.420000000000000000e+02
1.070000000000000000e+02 3.141788516307621460e+11 3.650668301247749023e+11 2.780000000000000000e+02
1.080000000000000000e+02 3.169172018064990845e+11 3.648292925671521606e+11 4.340000000000000000e+02
1.090000000000000000e+02 3.182381370630302734e+11 3.652214149051952515e+11 3.720000000000000000e+02
1.100000000000000000e+02 3.053098982400126953e+11 3.652283959929064331e+11 5.400000000000000000e+02
1.110000000000000000e+02 3.153641915789868164e+11 3.652279278447539673e+11 6.080000000000000000e+02
1.120000000000000000e+02 3.187049794601206055e+11 3.645404941781018677e+11 3.280000000000000000e+02
1.130000000000000000e+02 3.016043450257216797e+11 3.656155491947554932e+11 4.620000000000000000e+02
1.140000000000000000e+02 3.167012876775150146e+11 3.651552136003683472e+11 5.180000000000000000e+02
1.150000000000000000e+02 3.208170720501403809e+11 3.649259415152937622e+11 9.420000000000000000e+02
1.160000000000000000e+02 3.140522619451512451e+11 3.648073930309699707e+11 4.020000000000000000e+02
1.170000000000000000e+02 3.207029109258197632e+11 3.653509904663896484e+11 8.140000000000000000e+02
1.180000000000000000e+02 3.152904926453048096e+11 3.654514453461305542e+11 5.840000000000000000e+02
1.190000000000000000e+02 3.199342340508784180e+11 3.648021811592923584e+11 4.600000000000000000e+02
1.200000000000000000e+02 3.201979394223265991e+11 3.661702868818338013e+11 4.580000000000000000e+02
1.210000000000000000e+02 3.160813028237781982e+11 3.645654646599051514e+11 6.700000000000000000e+02
1.220000000000000000e+02 3.169345748426129761e+11 3.651490345041347656e+11 4.280000000000000000e+02
1.230000000000000000e+02 3.189281825031459351e+11 3.650751559887419434e+11 6.460000000000000000e+02
1.240000000000000000e+02 3.122563551939585571e+11 3.642308909677024536e+11 7.680000000000000000e+02
1.250000000000000000e+02 3.152790723562753296e+11 3.652159956078073120e+11 3.960000000000000000e+02
1.260000000000000000e+02 3.231837943341990356e+11 3.642483113464530640e+11 6.500000000000000000e+02
1.270000000000000000e+02 3.221932429402824707e+11 3.656532274474354248e+11 3.160000000000000000e+02
1.280000000000000000e+02 3.138514133781986084e+11 3.652151968708999023e+11 5.500000000000000000e+02
1.290000000000000000e+02 3.099800605027360840e+11 3.649613284010298462e+11 3.500000000000000000e+02
1.300000000000000000e+02 3.097356281297315063e+11 3.645005671121648560e+11 5.800000000000000000e+02
1.310000000000000000e+02 3.162058253864477539e+11 3.646142851499860840e+11 5.540000000000000000e+02
1.320000000000000000e+02 3.098209564402788696e+11 3.650330090317653198e+11 6.540000000000000000e+02
1.330000000000000000e+02 3.132434882451644897e+11 3.644611439988380127e+11 6.860000000000000000e+02
1.340000000000000000e+02 3.212815909984102783e+11 3.660203650148422241e+11 3.660000000000000000e+02
1.350000000000000000e+02 3.166675799112203369e+11 3.651933673813284302e+11 1.112000000000000000e+03
1.360000000000000000e+02 3.184852141248187866e+11 3.651726244678258667e+11 4.400000000000000000e+02
1.370000000000000000e+02 3.017060967720510864e+11 3.659928057112831421e+11 4.480000000000000000e+02
1.380000000000000000e+02 3.078382649826506348e+11 3.643401001074520874e+11 4.540000000000000000e+02
1.390000000000000000e+02 3.173860154631752930e+11 3.658746043186289673e+11 5.020000000000000000e+02
1.400000000000000000e+02 3.211374871152583618e+11 3.652216715341379395e+11 5.820000000000000000e+02
1.410000000000000000e+02 3.049195658745483398e+11 3.652144035570082397e+11 7.780000000000000000e+02
1.420000000000000000e+02 3.190672614434636841e+11 3.650973444574882202e+11 3.840000000000000000e+02
1.430000000000000000e+02 3.190672614434636841e+11 3.650973444574882202e+11 3.840000000000000000e+02
1.440000000000000000e+02 3.111085742757264404e+11 3.652986579382536011e+11 8.400000000000000000e+02
1.450000000000000000e+02 3.088016158539147949e+11 3.652581974509901733e+11 3.640000000000000000e+02
1.460000000000000000e+02 3.107653935985198975e+11 3.651457195440079956e+11 4.640000000000000000e+02
1.470000000000000000e+02 3.126939689763560181e+11 3.655088236057746582e+11 4.500000000000000000e+02
1.480000000000000000e+02 3.121555678242877808e+11 3.643337837753981934e+11 1.110000000000000000e+03
1.490000000000000000e+02 3.012448045816483154e+11 3.647897269602477417e+11 4.220000000000000000e+02
1.500000000000000000e+02 3.141814397816489258e+11 3.654003607603977051e+11 4.200000000000000000e+02
1.510000000000000000e+02 3.211964181438508911e+11 3.644075418843579102e+11 4.660000000000000000e+02
1.520000000000000000e+02 3.143950654898254395e+11 3.648808069570531616e+11 5.960000000000000000e+02
1.530000000000000000e+02 3.168314848337087402e+11 3.646337671654544678e+11 4.540000000000000000e+02
1.540000000000000000e+02 3.113722678922293091e+11 3.650080861930016479e+11 5.020000000000000000e+02
1.550000000000000000e+02 3.136237273072824097e+11 3.658304803651262817e+11 4.520000000000000000e+02
1.560000000000000000e+02 3.127980052714130249e+11 3.654217128254515381e+11 9.880000000000000000e+02
1.570000000000000000e+02 3.208825938530963745e+11 3.658097088224603271e+11 3.820000000000000000e+02
1.580000000000000000e+02 3.102278586118796387e+11 3.656627946416433716e+11 3.500000000000000000e+02
1.590000000000000000e+02 3.172354745054649658e+11 3.644928311208308716e+11 6.440000000000000000e+02
1.600000000000000000e+02 3.195479948527706299e+11 3.651871237182395630e+11 5.460000000000000000e+02
1.610000000000000000e+02 3.212085231409868774e+11 3.650003554791176758e+11 3.940000000000000000e+02
1.620000000000000000e+02 3.195316805779281006e+11 3.657211217094859619e+11 4.400000000000000000e+02
1.630000000000000000e+02 3.131231278160481567e+11 3.653470474633669434e+11 3.480000000000000000e+02
1.640000000000000000e+02 3.128300389050977173e+11 3.660032415778728027e+11 3.860000000000000000e+02
1.650000000000000000e+02 3.184488982789957275e+11 3.653274921984301147e+11 4.540000000000000000e+02
1.660000000000000000e+02 3.168547416288966675e+11 3.657395896169197388e+11 3.420000000000000000e+02
1.670000000000000000e+02 3.088670156272828369e+11 3.655543158020220337e+11 5.900000000000000000e+02
1.680000000000000000e+02 3.105755840996560059e+11 3.652119246896522827e+11 3.380000000000000000e+02
1.690000000000000000e+02 3.126698098462025757e+11 3.651470486704959106e+11 2.840000000000000000e+02
1.700000000000000000e+02 3.164873372370264282e+11 3.647501812554908447e+11 4.480000000000000000e+02
1.710000000000000000e+02 3.150515909085894775e+11 3.650242776392569580e+11 4.060000000000000000e+02
1.720000000000000000e+02 3.123526569306472168e+11 3.645010375760098877e+11 3.500000000000000000e+02
1.730000000000000000e+02 3.231256238974078979e+11 3.645550835488203735e+11 3.160000000000000000e+02
1.740000000000000000e+02 3.163775498277239990e+11 3.655375111797843018e+11 4.380000000000000000e+02
1.750000000000000000e+02 3.218550079786629028e+11 3.652405947414052734e+11 7.820000000000000000e+02
1.760000000000000000e+02 3.116532568917184448e+11 3.649550214711717529e+11 3.620000000000000000e+02
1.770000000000000000e+02 3.146027878337982788e+11 3.654714455214281006e+11 6.100000000000000000e+02
1.780000000000000000e+02 3.157318151509305420e+11 3.643005580684210815e+11 5.200000000000000000e+02
1.790000000000000000e+02 3.090226719208407593e+11 3.655775637164534912e+11 3.560000000000000000e+02
1.800000000000000000e+02 3.084509603730648193e+11 3.649506651547099609e+11 5.860000000000000000e+02
1.810000000000000000e+02 3.117477766147029419e+11 3.649961299292258911e+11 4.000000000000000000e+02
1.820000000000000000e+02 3.247329876461030273e+11 3.647206437654516602e+11 7.160000000000000000e+02
1.830000000000000000e+02 3.181782740565678101e+11 3.651186643190833740e+11 7.220000000000000000e+02
1.840000000000000000e+02 3.238818500799863892e+11 3.645460724992488403e+11 5.400000000000000000e+02
1.850000000000000000e+02 3.259772920385921631e+11 3.645982337891384277e+11 3.700000000000000000e+02
1.860000000000000000e+02 3.177685074620145264e+11 3.642310022616887207e+11 4.120000000000000000e+02
1.870000000000000000e+02 3.123338386807325439e+11 3.651261244412624512e+11 3.820000000000000000e+02
1.880000000000000000e+02 3.180692996935832520e+11 3.652426620936771851e+11 7.200000000000000000e+02
1.890000000000000000e+02 3.185164003187122192e+11 3.649803184319407959e+11 6.200000000000000000e+02
1.900000000000000000e+02 3.189991736582489014e+11 3.653622095156869507e+11 7.720000000000000000e+02
1.910000000000000000e+02 3.236978451532435303e+11 3.656400774935072632e+11 6.440000000000000000e+02
1.920000000000000000e+02 3.104493968075758667e+11 3.650386422957504272e+11 3.400000000000000000e+02
1.930000000000000000e+02 3.152296534866964722e+11 3.654777775975275879e+11 9.920000000000000000e+02
1.940000000000000000e+02 3.152296534866964722e+11 3.654777775975275879e+11 9.920000000000000000e+02
1.950000000000000000e+02 3.163622029853210449e+11 3.646807349977884521e+11 4.680000000000000000e+02
1.960000000000000000e+02 3.244016397894502563e+11 3.649923589202348633e+11 4.260000000000000000e+02
1.970000000000000000e+02 3.111955535977672119e+11 3.641457967052210083e+11 5.700000000000000000e+02
1.980000000000000000e+02 3.214739218634472656e+11 3.659159050764783325e+11 3.700000000000000000e+02
1.990000000000000000e+02 3.142669165089517212e+11 3.654905105556227417e+11 4.500000000000000000e+02
