# snopt results: id, AEP init (Whr), AEP final (Whr), fcalls total
0.000000000000000000e+00 3.487915500393433228e+11 3.635173720058897705e+11 5.600000000000000000e+02
1.000000000000000000e+00 3.101786211500721436e+11 3.630596313866972046e+11 1.486000000000000000e+03
2.000000000000000000e+00 3.092539430250391846e+11 3.624746146537429810e+11 2.942000000000000000e+03
3.000000000000000000e+00 3.203570727540653076e+11 3.633728151265977783e+11 6.934000000000000000e+03
4.000000000000000000e+00 3.052393381234149780e+11 3.622253447360805054e+11 5.424000000000000000e+03
5.000000000000000000e+00 3.168413217171948242e+11 3.640541933379668579e+11 2.920000000000000000e+03
6.000000000000000000e+00 3.141057324454245605e+11 3.642224392457286987e+11 1.560000000000000000e+03
7.000000000000000000e+00 3.129982098805272217e+11 3.626754322647907104e+11 5.864000000000000000e+03
8.000000000000000000e+00 3.149400008129152222e+11 3.637054642225948486e+11 2.776000000000000000e+03
9.000000000000000000e+00 3.169830095040826416e+11 3.630581131151835327e+11 2.236000000000000000e+03
1.000000000000000000e+01 3.165831083888615112e+11 3.623676791602341309e+11 3.032000000000000000e+03
1.100000000000000000e+01 3.106815821714679565e+11 3.629112343097305908e+11 5.222000000000000000e+03
1.200000000000000000e+01 3.215843645326675415e+11 3.636821336692098389e+11 2.572000000000000000e+03
1.300000000000000000e+01 3.167161543744799805e+11 3.628145961604088745e+11 3.802000000000000000e+03
1.400000000000000000e+01 3.195240877357333374e+11 3.618866808487109375e+11 5.038000000000000000e+03
1.500000000000000000e+01 3.146286364703188477e+11 3.627509409821075439e+11 2.160000000000000000e+03
1.600000000000000000e+01 3.156808085451831055e+11 3.636873656285230103e+11 3.804000000000000000e+03
1.700000000000000000e+01 3.121814789429577637e+11 3.618439162030135498e+11 3.910000000000000000e+03
1.800000000000000000e+01 3.101111288694235229e+11 3.630863814692201538e+11 3.402000000000000000e+03
1.900000000000000000e+01 3.173275726991582031e+11 3.630002059899418335e+11 2.776000000000000000e+03
2.000000000000000000e+01 3.173783756795325928e+11 3.629330816360458984e+11 2.160000000000000000e+03
2.100000000000000000e+01 3.146871196408348389e+11 3.633503404916641846e+11 2.818000000000000000e+03
2.200000000000000000e+01 3.144733537646567383e+11 3.625294003244275513e+11 2.748000000000000000e+03
2.300000000000000000e+01 3.091375862331461792e+11 3.629223608116544800e+11 3.496000000000000000e+03
2.400000000000000000e+01 3.154360379331007080e+11 3.619889838325287476e+11 5.192000000000000000e+03
2.500000000000000000e+01 3.122727492251663818e+11 3.638505221045866699e+11 3.228000000000000000e+03
2.600000000000000000e+01 3.177375356899683228e+11 3.618741576655419312e+11 2.682000000000000000e+03
2.700000000000000000e+01 3.178258896058706055e+11 3.631465173438560181e+11 9.180000000000000000e+02
2.800000000000000000e+01 3.163314869019802856e+11 3.636126553575535278e+11 3.160000000000000000e+03
2.900000000000000000e+01 3.113811180799569092e+11 3.634696198017846069e+11 2.308000000000000000e+03
3.000000000000000000e+01 3.096654886663078003e+11 3.631748643555183716e+11 2.460000000000000000e+03
3.100000000000000000e+01 3.133653419275528564e+11 3.628176977889953613e+11 6.008000000000000000e+03
3.200000000000000000e+01 3.085508389677124634e+11 3.634129383530577393e+11 2.734000000000000000e+03
3.300000000000000000e+01 3.152700119837515869e+11 3.622414566280880127e+11 1.664000000000000000e+03
3.400000000000000000e+01 3.110612515554354248e+11 3.631668043986504517e+11 1.786000000000000000e+03
3.500000000000000000e+01 3.152625677574570923e+11 3.633213033875607910e+11 4.118000000000000000e+03
3.600000000000000000e+01 3.189100197602384033e+11 3.622785755385848389e+11 3.316000000000000000e+03
3.700000000000000000e+01 3.167303192026940308e+11 3.627417437660773315e+11 4.146000000000000000e+03
3.800000000000000000e+01 3.211962040102321167e+11 3.633713133988178711e+11 1.698000000000000000e+03
3.900000000000000000e+01 3.186110940332431030e+11 3.636541873221771851e+11 2.712000000000000000e+03
4.000000000000000000e+01 3.123366259540305176e+11 3.635688727775007324e+11 4.306000000000000000e+03
4.100000000000000000e+01 3.126154779631759033e+11 3.614782781391815186e+11 1.664000000000000000e+04
4.200000000000000000e+01 3.119880665280131836e+11 3.644480733381574097e+11 2.600000000000000000e+03
4.300000000000000000e+01 3.174307372570898438e+11 3.637728476632709961e+11 2.138000000000000000e+03
4.400000000000000000e+01 3.136965010619467773e+11 3.639535795618862305e+11 7.720000000000000000e+03
4.500000000000000000e+01 3.104671513987653809e+11 3.634390711830250244e+11 2.096000000000000000e+03
4.600000000000000000e+01 3.083841337249826660e+11 3.630687688467609863e+11 1.514000000000000000e+03
4.700000000000000000e+01 3.201126609800137939e+11 3.636506797545233765e+11 6.638000000000000000e+03
4.800000000000000000e+01 3.116017942109521484e+11 3.626258018006136475e+11 3.500000000000000000e+03
4.900000000000000000e+01 3.092858044439188232e+11 3.642835311529237061e+11 3.312000000000000000e+03
5.000000000000000000e+01 3.183866308649071655e+11 3.643403317348612061e+11 1.638000000000000000e+03
5.100000000000000000e+01 3.146512066701450195e+11 3.622907884411477051e+11 1.214000000000000000e+03
5.200000000000000000e+01 3.166638006131569824e+11 3.629238673278157959e+11 2.126000000000000000e+03
5.300000000000000000e+01 3.201485634531549683e+11 3.642747318351233521e+11 1.828000000000000000e+03
5.400000000000000000e+01 3.158297401676259766e+11 3.632540488755576782e+11 6.568000000000000000e+03
5.500000000000000000e+01 3.173107121635891113e+11 3.617805910813194580e+11 1.262000000000000000e+03
5.600000000000000000e+01 3.162000630360319824e+11 3.631543615006210938e+11 2.194000000000000000e+03
5.700000000000000000e+01 3.075133705602690430e+11 3.645408547516307983e+11 3.320000000000000000e+03
5.800000000000000000e+01 3.105779791783107910e+11 3.639660849916645508e+11 3.926000000000000000e+03
5.900000000000000000e+01 3.142521915980243530e+11 3.626714063317689209e+11 1.990000000000000000e+03
6.000000000000000000e+01 3.122411607348978271e+11 3.617776133797364502e+11 2.664000000000000000e+03
6.100000000000000000e+01 3.128312466202742310e+11 3.635701577599554443e+11 3.236000000000000000e+03
6.200000000000000000e+01 3.184171956234174805e+11 3.624118043761355591e+11 2.578000000000000000e+03
6.300000000000000000e+01 3.115336964692395630e+11 3.629115602842232666e+11 1.920000000000000000e+03
6.400000000000000000e+01 3.192722086504729614e+11 3.630626171502731323e+11 6.564000000000000000e+03
6.500000000000000000e+01 3.203411677091033936e+11 3.628816268345557251e+11 3.830000000000000000e+03
6.600000000000000000e+01 3.167646080828290405e+11 3.626111239271881714e+11 1.360000000000000000e+03
6.700000000000000000e+01 3.119555095388037109e+11 3.629420515340332642e+11 1.770000000000000000e+03
6.800000000000000000e+01 3.165735844750670166e+11 3.625526538744757080e+11 1.802000000000000000e+03
6.900000000000000000e+01 3.147943030979543457e+11 3.633246617778781738e+11 1.830000000000000000e+03
7.000000000000000000e+01 3.179809833256726685e+11 3.627697755170219116e+11 2.608000000000000000e+03
7.100000000000000000e+01 3.112091662700491943e+11 3.619389251238779297e+11 4.238000000000000000e+03
7.200000000000000000e+01 3.167249404639401855e+11 3.638889706203281860e+11 4.626000000000000000e+03
7.300000000000000000e+01 3.209264435920263672e+11 3.620659549078369751e+11 1.634800000000000000e+04
7.400000000000000000e+01 3.146021735224188232e+11 3.632008623191661987e+11 6.130000000000000000e+03
7.500000000000000000e+01 3.079406515621367188e+11 3.638987764801513062e+11 2.430000000000000000e+03
7.600000000000000000e+01 3.156882038635308228e+11 3.615500237394371338e+11 1.824000000000000000e+03
7.700000000000000000e+01 3.098968497272485962e+11 3.647103065478674927e+11 2.018000000000000000e+03
7.800000000000000000e+01 3.026439947516708984e+11 3.634250571069608765e+11 1.688000000000000000e+03
7.900000000000000000e+01 3.157320923563536987e+11 3.635751958353955078e+11 1.518000000000000000e+03
8.000000000000000000e+01 3.177530180815065308e+11 3.630537886967133179e+11 3.734000000000000000e+03
8.100000000000000000e+01 3.076232906617631226e+11 3.634026864692611084e+11 1.194000000000000000e+03
8.200000000000000000e+01 3.022793843716560059e+11 3.623911136507363281e+11 7.802000000000000000e+03
8.300000000000000000e+01 3.177594710808055420e+11 3.634287366618261719e+11 4.296000000000000000e+03
8.400000000000000000e+01 3.091811275912738037e+11 3.633587400018197021e+11 4.282000000000000000e+03
8.500000000000000000e+01 3.186008010196071777e+11 3.627747838239609985e+11 2.322000000000000000e+03
8.600000000000000000e+01 3.162365401581435547e+11 3.626810167080001831e+11 2.664000000000000000e+03
8.700000000000000000e+01 3.234856774070775757e+11 3.632920137161523438e+11 5.514000000000000000e+03
8.800000000000000000e+01 3.114747755861554565e+11 3.642686573826285400e+11 3.072000000000000000e+03
8.900000000000000000e+01 3.095445932302725220e+11 3.632807272235629272e+11 2.634000000000000000e+03
9.000000000000000000e+01 3.123146096182611694e+11 3.635255560573112793e+11 1.736000000000000000e+03
9.100000000000000000e+01 3.182337413638872070e+11 3.628781678617462158e+11 4.000000000000000000e+03
9.200000000000000000e+01 3.132022645977324829e+11 3.632744025672569580e+11 1.984000000000000000e+03
9.300000000000000000e+01 3.108506613173901978e+11 3.636634447550492554e+11 1.946000000000000000e+03
9.400000000000000000e+01 3.150345723002020874e+11 3.632099665848436279e+11 2.880000000000000000e+03
9.500000000000000000e+01 3.100782266951066284e+11 3.635857424471613770e+11 2.458000000000000000e+03
9.600000000000000000e+01 3.071946109751352539e+11 3.629435724064368896e+11 2.628000000000000000e+03
9.700000000000000000e+01 3.033370051982210083e+11 3.624543188456994019e+11 1.518000000000000000e+03
9.800000000000000000e+01 3.188315685795956421e+11 3.640612878954744263e+11 1.882000000000000000e+03
9.900000000000000000e+01 3.197164452317230835e+11 3.624364723210596313e+11 5.222000000000000000e+03
1.000000000000000000e+02 3.049076458928186035e+11 3.628030711806442261e+11 1.710000000000000000e+03
1.010000000000000000e+02 3.117630573549885864e+11 3.627272669194975586e+11 3.928000000000000000e+03
1.020000000000000000e+02 3.206994085403031616e+11 3.639204711180991821e+11 2.428000000000000000e+03
1.030000000000000000e+02 3.220558643251119385e+11 3.620693993890334473e+11 3.220000000000000000e+03
1.040000000000000000e+02 3.174757111131312866e+11 3.637454320286120605e+11 3.826000000000000000e+03
1.050000000000000000e+02 3.134888478644679565e+11 3.639666785320538940e+11 2.408000000000000000e+03
1.060000000000000000e+02 3.110165152475609741e+11 3.618842244613298340e+11 2.064000000000000000e+03
1.070000000000000000e+02 3.141788516307621460e+11 3.630749617092619629e+11 9.138000000000000000e+03
1.080000000000000000e+02 3.169172018064990845e+11 3.646685746776831665e+11 2.384000000000000000e+03
1.090000000000000000e+02 3.182381370630302734e+11 3.622885764212531128e+11 1.408800000000000000e+04
1.100000000000000000e+02 3.053098982400126953e+11 3.643510447855025635e+11 2.424000000000000000e+03
1.110000000000000000e+02 3.153641915789868164e+11 3.633237901049263916e+11 7.520000000000000000e+03
1.120000000000000000e+02 3.187049794601206055e+11 3.634279259043142700e+11 3.416000000000000000e+03
1.130000000000000000e+02 3.016043450257216797e+11 3.625130310925581055e+11 3.236000000000000000e+03
1.140000000000000000e+02 3.167012876775150146e+11 3.624826005088121338e+11 3.876000000000000000e+03
1.150000000000000000e+02 3.208170720501403809e+11 3.636554386064732666e+11 3.342000000000000000e+03
1.160000000000000000e+02 3.140522619451512451e+11 3.632179721323566284e+11 2.266000000000000000e+03
1.170000000000000000e+02 3.207029109258197632e+11 3.634647700813983154e+11 1.598000000000000000e+03
1.180000000000000000e+02 3.152904926453048096e+11 3.629917691536920166e+11 2.748000000000000000e+03
1.190000000000000000e+02 3.199342340508784180e+11 3.637259892619453735e+11 2.784000000000000000e+03
1.200000000000000000e+02 3.201979394223265991e+11 3.630373201025307617e+11 8.590000000000000000e+03
1.210000000000000000e+02 3.160813028237781982e+11 3.631606635232311401e+11 4.660000000000000000e+03
1.220000000000000000e+02 3.169345748426129761e+11 3.642585493853858032e+11 2.296000000000000000e+03
1.230000000000000000e+02 3.189281825031459351e+11 3.620169226397725830e+11 4.372000000000000000e+03
1.240000000000000000e+02 3.122563551939585571e+11 3.638613760225513916e+11 9.834000000000000000e+03
1.250000000000000000e+02 3.152790723562753296e+11 3.635413261558933105e+11 1.848000000000000000e+03
1.260000000000000000e+02 3.231837943341990356e+11 3.634891534938449707e+11 5.250000000000000000e+03
1.270000000000000000e+02 3.221932429402824707e+11 3.617799212746672974e+11 5.368000000000000000e+03
1.280000000000000000e+02 3.138514133781986084e+11 3.619414897976246338e+11 3.436000000000000000e+03
1.290000000000000000e+02 3.099800605027360840e+11 3.631423109015595703e+11 1.157600000000000000e+04
1.300000000000000000e+02 3.097356281297315063e+11 3.636739055497945557e+11 2.132000000000000000e+03
1.310000000000000000e+02 3.162058253864477539e+11 3.626830950324339600e+11 3.778000000000000000e+03
1.320000000000000000e+02 3.098209564402788696e+11 3.642701546590291138e+11 2.886000000000000000e+03
1.330000000000000000e+02 3.132434882451644897e+11 3.628450168316591187e+11 3.162000000000000000e+03
1.340000000000000000e+02 3.212815909984102783e+11 3.625756894555172119e+11 2.248000000000000000e+03
1.350000000000000000e+02 3.166675799112203369e+11 3.627003512382133789e+11 1.127400000000000000e+04
1.360000000000000000e+02 3.184852141248187866e+11 3.627232739969679565e+11 2.992000000000000000e+03
1.370000000000000000e+02 3.017060967720510864e+11 3.630050414935242920e+11 1.128800000000000000e+04
1.380000000000000000e+02 3.078382649826506348e+11 3.637004909181376953e+11 1.696000000000000000e+03
1.390000000000000000e+02 3.173860154631752930e+11 3.618186137483381958e+11 3.250000000000000000e+03
1.400000000000000000e+02 3.211374871152583618e+11 3.624240350937337036e+11 1.100800000000000000e+04
1.410000000000000000e+02 3.049195658745483398e+11 3.617168470157982178e+11 1.130000000000000000e+03
1.420000000000000000e+02 3.049195658745483398e+11 3.617168470157982178e+11 1.130000000000000000e+03
1.430000000000000000e+02 3.123743249217153931e+11 3.639313586725397949e+11 2.716000000000000000e+03
1.440000000000000000e+02 3.111085742757264404e+11 3.641367035862810669e+11 1.952000000000000000e+03
1.450000000000000000e+02 3.088016158539147949e+11 3.647536005291266479e+11 2.934000000000000000e+03
1.460000000000000000e+02 3.088016158539147949e+11 3.647536005291266479e+11 2.934000000000000000e+03
1.470000000000000000e+02 3.126939689763560181e+11 3.633498563360819702e+11 6.238000000000000000e+03
1.480000000000000000e+02 3.121555678242877808e+11 3.619048818230737305e+11 2.174000000000000000e+03
1.490000000000000000e+02 3.121555678242877808e+11 3.619048818230737305e+11 2.174000000000000000e+03
1.500000000000000000e+02 3.121555678242877808e+11 3.619048818230737305e+11 2.174000000000000000e+03
1.510000000000000000e+02 3.211964181438508911e+11 3.628563004725621338e+11 3.212000000000000000e+03
1.520000000000000000e+02 3.143950654898254395e+11 3.627522614265062866e+11 2.548000000000000000e+03
1.530000000000000000e+02 3.168314848337087402e+11 3.641035257609615479e+11 2.370000000000000000e+03
1.540000000000000000e+02 3.113722678922293091e+11 3.621019642353516235e+11 1.339000000000000000e+04
1.550000000000000000e+02 3.136237273072824097e+11 3.643782977331310425e+11 1.648000000000000000e+03
1.560000000000000000e+02 3.127980052714130249e+11 3.633437331962468262e+11 2.514000000000000000e+03
1.570000000000000000e+02 3.208825938530963745e+11 3.638395945579229736e+11 1.430000000000000000e+03
1.580000000000000000e+02 3.102278586118796387e+11 3.628028851758936157e+11 3.464000000000000000e+03
1.590000000000000000e+02 3.172354745054649658e+11 3.625128777813862305e+11 2.234000000000000000e+03
1.600000000000000000e+02 3.195479948527706299e+11 3.629664788183168945e+11 4.870000000000000000e+03
1.610000000000000000e+02 3.212085231409868774e+11 3.632427633617651978e+11 2.890000000000000000e+03
1.620000000000000000e+02 3.195316805779281006e+11 3.634991373153702393e+11 3.752000000000000000e+03
1.630000000000000000e+02 3.131231278160481567e+11 3.634434968957493286e+11 2.498000000000000000e+03
1.640000000000000000e+02 3.128300389050977173e+11 3.620659660933574829e+11 1.376000000000000000e+03
1.650000000000000000e+02 3.184488982789957275e+11 3.622476350116585693e+11 1.356000000000000000e+03
1.660000000000000000e+02 3.168547416288966675e+11 3.633160147622612305e+11 1.560000000000000000e+03
1.670000000000000000e+02 3.088670156272828369e+11 3.629636711549580078e+11 1.546000000000000000e+03
1.680000000000000000e+02 3.105755840996560059e+11 3.635607047305821533e+11 3.042000000000000000e+03
1.690000000000000000e+02 3.126698098462025757e+11 3.626419174785906982e+11 1.318000000000000000e+03
1.700000000000000000e+02 3.164873372370264282e+11 3.630119013974978638e+11 2.142000000000000000e+03
1.710000000000000000e+02 3.150515909085894775e+11 3.633114646137225952e+11 2.356000000000000000e+03
1.720000000000000000e+02 3.123526569306472168e+11 3.631562946449006958e+11 1.968000000000000000e+03
1.730000000000000000e+02 3.231256238974078979e+11 3.636131427875438232e+11 2.036000000000000000e+03
1.740000000000000000e+02 3.163775498277239990e+11 3.632272170980566406e+11 1.962000000000000000e+03
1.750000000000000000e+02 3.163775498277239990e+11 3.632272170980566406e+11 1.962000000000000000e+03
1.760000000000000000e+02 3.116532568917184448e+11 3.626533267257943726e+11 3.082000000000000000e+03
1.770000000000000000e+02 3.146027878337982788e+11 3.623456736350629272e+11 1.732000000000000000e+03
1.780000000000000000e+02 3.157318151509305420e+11 3.634908221150604248e+11 3.796000000000000000e+03
1.790000000000000000e+02 3.090226719208407593e+11 3.628196671963842773e+11 5.180000000000000000e+03
1.800000000000000000e+02 3.084509603730648193e+11 3.631087188290031738e+11 1.584000000000000000e+03
1.810000000000000000e+02 3.117477766147029419e+11 3.634982494816826782e+11 6.072000000000000000e+03
1.820000000000000000e+02 3.247329876461030273e+11 3.628104394534471436e+11 2.272000000000000000e+03
1.830000000000000000e+02 3.181782740565678101e+11 3.624512870075805054e+11 4.902000000000000000e+03
1.840000000000000000e+02 3.238818500799863892e+11 3.636856951347518311e+11 2.020000000000000000e+03
1.850000000000000000e+02 3.259772920385921631e+11 3.625719784372850342e+11 1.310000000000000000e+03
1.860000000000000000e+02 3.177685074620145264e+11 3.627343109456436157e+11 2.460000000000000000e+03
1.870000000000000000e+02 3.123338386807325439e+11 3.631490710308348389e+11 2.394000000000000000e+03
1.880000000000000000e+02 3.123338386807325439e+11 3.631490710308348389e+11 2.394000000000000000e+03
1.890000000000000000e+02 3.185164003187122192e+11 3.627672816775208740e+11 2.296000000000000000e+03
1.900000000000000000e+02 3.189991736582489014e+11 3.633375917001173706e+11 2.338000000000000000e+03
1.910000000000000000e+02 3.236978451532435303e+11 3.641509454641614990e+11 2.598000000000000000e+03
1.920000000000000000e+02 3.104493968075758667e+11 3.634877510867066650e+11 1.383400000000000000e+04
1.930000000000000000e+02 3.152296534866964722e+11 3.624040624918295898e+11 2.788000000000000000e+03
1.940000000000000000e+02 3.195792271646477051e+11 3.636467435052527466e+11 2.430000000000000000e+03
1.950000000000000000e+02 3.163622029853210449e+11 3.615334284581066895e+11 2.726000000000000000e+03
1.960000000000000000e+02 3.244016397894502563e+11 3.627992393657646484e+11 9.078000000000000000e+03
1.970000000000000000e+02 3.111955535977672119e+11 3.639168805814843140e+11 2.784000000000000000e+03
1.980000000000000000e+02 3.214739218634472656e+11 3.621609166773081665e+11 4.464000000000000000e+03
1.990000000000000000e+02 3.142669165089517212e+11 3.622779554027747192e+11 2.228000000000000000e+03
