# snopt results: id, AEP init (Whr), AEP final (Whr), fcalls total
0.000000000000000000e+00 7.121572437279298401e+10 7.198509934250399780e+10 1.580000000000000000e+02
1.000000000000000000e+00 6.504619075115740967e+10 7.304378301086622620e+10 2.220000000000000000e+02
2.000000000000000000e+00 6.222574713749827576e+10 7.318517299332336426e+10 1.076000000000000000e+03
3.000000000000000000e+00 5.888102347786907196e+10 7.196728713417387390e+10 4.880000000000000000e+02
4.000000000000000000e+00 5.888102347786907196e+10 7.196728713417387390e+10 4.880000000000000000e+02
5.000000000000000000e+00 5.858771479707969666e+10 7.459723248917835999e+10 5.980000000000000000e+02
6.000000000000000000e+00 5.890476439549398804e+10 7.417069737266990662e+10 1.020000000000000000e+03
7.000000000000000000e+00 5.983274730091127014e+10 7.343825166006118774e+10 4.340000000000000000e+02
8.000000000000000000e+00 6.203535843128188324e+10 7.417201837314746094e+10 8.020000000000000000e+02
9.000000000000000000e+00 6.053679892964009857e+10 7.192854206038124084e+10 2.800000000000000000e+02
1.000000000000000000e+01 6.354078745428315735e+10 7.313331851604562378e+10 5.480000000000000000e+02
1.100000000000000000e+01 6.426671641035673523e+10 7.403048462321369934e+10 3.320000000000000000e+02
1.200000000000000000e+01 6.191962625680556488e+10 7.364926030936206055e+10 1.092000000000000000e+03
1.300000000000000000e+01 6.234943543008296204e+10 7.252813758733802795e+10 2.740000000000000000e+02
1.400000000000000000e+01 5.909811352904682159e+10 7.307103135074403381e+10 6.600000000000000000e+02
1.500000000000000000e+01 6.018794725967570496e+10 7.279522518010487366e+10 7.380000000000000000e+02
1.600000000000000000e+01 6.078638526502799225e+10 7.361662908880355835e+10 3.940000000000000000e+02
1.700000000000000000e+01 5.424738664065643311e+10 7.149842568024691772e+10 5.100000000000000000e+02
1.800000000000000000e+01 5.892418152840270233e+10 7.217649627615347290e+10 5.680000000000000000e+02
1.900000000000000000e+01 6.020368056999032593e+10 7.238668316922648621e+10 1.022000000000000000e+03
2.000000000000000000e+01 6.261522278537081146e+10 7.552317374500624084e+10 1.302000000000000000e+03
2.100000000000000000e+01 6.100438863946863556e+10 7.224216238364556885e+10 7.420000000000000000e+02
2.200000000000000000e+01 6.164070979074623108e+10 7.454787710138392639e+10 2.540000000000000000e+02
2.300000000000000000e+01 6.060075804570861816e+10 7.375706259621952820e+10 6.200000000000000000e+02
2.400000000000000000e+01 6.316108534584662628e+10 7.261493015242968750e+10 2.178000000000000000e+03
2.500000000000000000e+01 6.137213614718772125e+10 7.473151719186291504e+10 7.860000000000000000e+02
2.600000000000000000e+01 6.241288317771627808e+10 7.317361865248667908e+10 5.300000000000000000e+02
2.700000000000000000e+01 6.450313998721392822e+10 7.198900341071296692e+10 5.260000000000000000e+02
2.800000000000000000e+01 6.091290519459364319e+10 7.161959755137170410e+10 3.920000000000000000e+02
2.900000000000000000e+01 5.455351738249110413e+10 7.300411208894563293e+10 4.860000000000000000e+02
3.000000000000000000e+01 6.038724695409313202e+10 7.371006117933914185e+10 5.600000000000000000e+02
3.100000000000000000e+01 6.560359206566320801e+10 7.356295881580532837e+10 3.060000000000000000e+02
3.200000000000000000e+01 5.782005958990720367e+10 7.304455281450488281e+10 3.460000000000000000e+02
3.300000000000000000e+01 5.904951329658342743e+10 7.209231552335330200e+10 7.620000000000000000e+02
3.400000000000000000e+01 5.844245423402835083e+10 7.340492588914045715e+10 4.060000000000000000e+02
3.500000000000000000e+01 5.942304551955692291e+10 7.532375536612857056e+10 6.040000000000000000e+02
3.600000000000000000e+01 6.060710748146676636e+10 7.337367639327908325e+10 1.924000000000000000e+03
3.700000000000000000e+01 6.139433365627985382e+10 7.484156831927879333e+10 1.062000000000000000e+03
3.800000000000000000e+01 6.070342111285011292e+10 7.482652667238772583e+10 6.720000000000000000e+02
3.900000000000000000e+01 6.269004675613684845e+10 7.486847149155758667e+10 3.980000000000000000e+02
4.000000000000000000e+01 5.897047900578472900e+10 7.264109186350061035e+10 1.640000000000000000e+02
4.100000000000000000e+01 5.979264495935543060e+10 7.239559681590626526e+10 3.142000000000000000e+03
4.200000000000000000e+01 5.551776496956668854e+10 7.356383622346403503e+10 5.480000000000000000e+02
4.300000000000000000e+01 6.273524986134980774e+10 7.182609739315293884e+10 1.296000000000000000e+03
4.400000000000000000e+01 6.401270615817700195e+10 7.342360251419143677e+10 7.060000000000000000e+02
4.500000000000000000e+01 5.975875120300907898e+10 7.423696538901852417e+10 3.140000000000000000e+02
4.600000000000000000e+01 6.081190893573434448e+10 7.356852920009120178e+10 4.120000000000000000e+02
4.700000000000000000e+01 5.773078421779282379e+10 7.294704532999519348e+10 5.560000000000000000e+02
4.800000000000000000e+01 5.771826388578802490e+10 7.340414492346218872e+10 7.920000000000000000e+02
4.900000000000000000e+01 6.512246635431027222e+10 7.261647519459881592e+10 4.360000000000000000e+02
5.000000000000000000e+01 5.843294773278604126e+10 7.234615303209277344e+10 3.940000000000000000e+02
5.100000000000000000e+01 5.643430615513541412e+10 7.328618691603282166e+10 5.600000000000000000e+02
5.200000000000000000e+01 5.998486026880765533e+10 7.564375056747505188e+10 5.280000000000000000e+02
5.300000000000000000e+01 6.218267955482601929e+10 7.477168457074539185e+10 3.300000000000000000e+02
5.400000000000000000e+01 6.405843223079944611e+10 7.309563992955203247e+10 5.060000000000000000e+02
5.500000000000000000e+01 6.309028326903458405e+10 7.209469805645938110e+10 7.460000000000000000e+02
5.600000000000000000e+01 6.390322626300057983e+10 7.210246980746302795e+10 3.920000000000000000e+02
5.700000000000000000e+01 6.123700053096024323e+10 7.351779351419941711e+10 2.198000000000000000e+03
5.800000000000000000e+01 5.963009979188396454e+10 7.176815859018554688e+10 6.720000000000000000e+02
5.900000000000000000e+01 6.120854980940781403e+10 6.895093200703178406e+10 7.300000000000000000e+02
6.000000000000000000e+01 6.100003484188861847e+10 7.321590699326414490e+10 4.780000000000000000e+02
6.100000000000000000e+01 6.218521784915352631e+10 7.437088375801731873e+10 6.140000000000000000e+02
6.200000000000000000e+01 6.324142547386473846e+10 7.333548920445123291e+10 1.884000000000000000e+03
6.300000000000000000e+01 6.026148328541967010e+10 7.046193570246194458e+10 5.200000000000000000e+02
6.400000000000000000e+01 6.147874300320659637e+10 7.408018068735928345e+10 3.740000000000000000e+02
6.500000000000000000e+01 5.778684766884857941e+10 7.298303675075471497e+10 3.280000000000000000e+02
6.600000000000000000e+01 5.439043156968000031e+10 7.256850800900045776e+10 4.460000000000000000e+02
6.700000000000000000e+01 6.330855880404267120e+10 7.255921113662915039e+10 4.780000000000000000e+02
6.800000000000000000e+01 5.503562208061127472e+10 7.236684793082003784e+10 5.000000000000000000e+02
6.900000000000000000e+01 6.184495710293764496e+10 7.173879232638385010e+10 7.500000000000000000e+02
7.000000000000000000e+01 6.026709713033115387e+10 7.074439005290313721e+10 1.460000000000000000e+03
7.100000000000000000e+01 6.030444119502778625e+10 7.260576405610272217e+10 8.100000000000000000e+02
7.200000000000000000e+01 6.176833270306767273e+10 7.482837156163403320e+10 1.940000000000000000e+02
7.300000000000000000e+01 6.330450528217460632e+10 7.334777606887789917e+10 5.560000000000000000e+02
7.400000000000000000e+01 6.217062176064472961e+10 7.499271426365982056e+10 4.000000000000000000e+02
7.500000000000000000e+01 5.889280651055377960e+10 7.266307261447279358e+10 4.300000000000000000e+02
7.600000000000000000e+01 5.445940203973063660e+10 7.131103211303202820e+10 4.640000000000000000e+02
7.700000000000000000e+01 6.393197026941871643e+10 7.235191780465956116e+10 8.560000000000000000e+02
7.800000000000000000e+01 6.481671321906396484e+10 7.471250562538455200e+10 2.560000000000000000e+02
7.900000000000000000e+01 5.603829880267407990e+10 7.343751410819502258e+10 1.246000000000000000e+03
8.000000000000000000e+01 5.818634288832888794e+10 7.347859712975099182e+10 3.060000000000000000e+02
8.100000000000000000e+01 6.119670006464762878e+10 7.431890670265374756e+10 9.520000000000000000e+02
8.200000000000000000e+01 6.500074163170489502e+10 7.301910685072218323e+10 2.440000000000000000e+02
8.300000000000000000e+01 6.094591776372322845e+10 7.431205709779382324e+10 3.560000000000000000e+02
8.400000000000000000e+01 6.068510193025272369e+10 7.323757850942759705e+10 1.180000000000000000e+03
8.500000000000000000e+01 6.210903623665902710e+10 7.350432673196800232e+10 2.020000000000000000e+02
8.600000000000000000e+01 5.401518714168013763e+10 7.384562362922357178e+10 4.420000000000000000e+02
8.700000000000000000e+01 5.795675810618241882e+10 7.424486029662742615e+10 5.360000000000000000e+02
8.800000000000000000e+01 6.023569081341540527e+10 7.407045822020855713e+10 6.740000000000000000e+02
8.900000000000000000e+01 5.377718010332882690e+10 7.179258091329753113e+10 8.700000000000000000e+02
9.000000000000000000e+01 5.766763910320049286e+10 7.413823740599369812e+10 2.034000000000000000e+03
9.100000000000000000e+01 6.011899715009465790e+10 7.220347761642897034e+10 3.280000000000000000e+02
9.200000000000000000e+01 5.661786709746715546e+10 7.257828188321316528e+10 3.860000000000000000e+02
9.300000000000000000e+01 6.134889430736178589e+10 7.433319844689498901e+10 4.520000000000000000e+02
9.400000000000000000e+01 6.101598898220969391e+10 7.167447117327203369e+10 3.960000000000000000e+02
9.500000000000000000e+01 5.549685812719262695e+10 7.269967765452365112e+10 8.400000000000000000e+02
9.600000000000000000e+01 6.371180966291213989e+10 7.328794984132107544e+10 3.880000000000000000e+02
9.700000000000000000e+01 6.143734919745214081e+10 7.236265292592916870e+10 2.760000000000000000e+02
9.800000000000000000e+01 6.597083100032273865e+10 7.387510838658058167e+10 2.460000000000000000e+02
9.900000000000000000e+01 5.941991011578571320e+10 7.311675944298652649e+10 4.400000000000000000e+02
1.000000000000000000e+02 6.305323197689359283e+10 7.379239766499266052e+10 1.842000000000000000e+03
1.010000000000000000e+02 6.384287548967816925e+10 7.480032898151663208e+10 3.980000000000000000e+02
1.020000000000000000e+02 5.925933151531855774e+10 7.165548757194827271e+10 5.220000000000000000e+02
1.030000000000000000e+02 6.345202450664469910e+10 7.280210768410993958e+10 6.320000000000000000e+02
1.040000000000000000e+02 5.924355861933446503e+10 7.310444819914649963e+10 3.080000000000000000e+02
1.050000000000000000e+02 6.005420342091913605e+10 7.533785789867524719e+10 3.780000000000000000e+02
1.060000000000000000e+02 6.088462540185673523e+10 7.294677292910343933e+10 1.698000000000000000e+03
1.070000000000000000e+02 6.039107614042710114e+10 7.446761364172575378e+10 3.540000000000000000e+02
1.080000000000000000e+02 6.114714765089245605e+10 7.308798965415248108e+10 6.800000000000000000e+02
1.090000000000000000e+02 5.409855463237033844e+10 7.248282910149240112e+10 7.080000000000000000e+02
1.100000000000000000e+02 6.049078454089137268e+10 7.408132447196723938e+10 4.080000000000000000e+02
1.110000000000000000e+02 5.661433908138043976e+10 7.394190189371777344e+10 6.620000000000000000e+02
1.120000000000000000e+02 5.644610201800186920e+10 7.214822363500189209e+10 9.260000000000000000e+02
1.130000000000000000e+02 6.213849818548626709e+10 7.453981434389936829e+10 2.140000000000000000e+02
1.140000000000000000e+02 5.956599232148738098e+10 7.270647341612809753e+10 2.140000000000000000e+03
1.150000000000000000e+02 5.807542552371226501e+10 7.196171168785758972e+10 7.420000000000000000e+02
1.160000000000000000e+02 6.512836359854945374e+10 7.403909632629542542e+10 5.660000000000000000e+02
1.170000000000000000e+02 5.781125307978116608e+10 7.582365914711822510e+10 5.780000000000000000e+02
1.180000000000000000e+02 6.008091698024212646e+10 7.337998415583621216e+10 3.220000000000000000e+02
1.190000000000000000e+02 6.022483073891569519e+10 7.589366935200923157e+10 4.440000000000000000e+02
1.200000000000000000e+02 5.966517126540851593e+10 7.364673554676165771e+10 5.440000000000000000e+02
1.210000000000000000e+02 6.251200831294248199e+10 7.321448911330191040e+10 4.320000000000000000e+02
1.220000000000000000e+02 6.222247786837031555e+10 7.337851340073541260e+10 3.840000000000000000e+02
1.230000000000000000e+02 5.961108658370591736e+10 7.310134445474298096e+10 4.000000000000000000e+02
1.240000000000000000e+02 6.330280031891391754e+10 7.307883529499543762e+10 5.860000000000000000e+02
1.250000000000000000e+02 5.839387585664713287e+10 7.303796678754687500e+10 1.896000000000000000e+03
1.260000000000000000e+02 5.941872508300975037e+10 7.564178691942115784e+10 2.440000000000000000e+02
1.270000000000000000e+02 6.163108958316003418e+10 7.163626481895648193e+10 1.004000000000000000e+03
1.280000000000000000e+02 6.557192666022853851e+10 7.514298671702287292e+10 5.600000000000000000e+02
1.290000000000000000e+02 5.869939155468247223e+10 7.429979804656277466e+10 9.140000000000000000e+02
1.300000000000000000e+02 5.849291635357644653e+10 7.232394830342645264e+10 8.240000000000000000e+02
1.310000000000000000e+02 6.438004836339942169e+10 7.552246368545761108e+10 5.620000000000000000e+02
1.320000000000000000e+02 6.313616627092660522e+10 7.438147351726329041e+10 7.440000000000000000e+02
1.330000000000000000e+02 6.108350538735678101e+10 7.333908561810322571e+10 8.240000000000000000e+02
1.340000000000000000e+02 5.951437239530151367e+10 7.157338775073095703e+10 3.560000000000000000e+02
1.350000000000000000e+02 6.580538283584571075e+10 7.297313900084848022e+10 5.140000000000000000e+02
1.360000000000000000e+02 5.852690594656118011e+10 7.008120221851271057e+10 5.340000000000000000e+02
1.370000000000000000e+02 6.091215935196347046e+10 7.279085076665435791e+10 1.904000000000000000e+03
1.380000000000000000e+02 5.457545223537535858e+10 7.362797342705186462e+10 1.044000000000000000e+03
1.390000000000000000e+02 5.782220476362089539e+10 7.271097834718022156e+10 6.960000000000000000e+02
1.400000000000000000e+02 5.884891456157829285e+10 7.361608535838229370e+10 3.140000000000000000e+02
1.410000000000000000e+02 5.526864982472064972e+10 7.221519107282119751e+10 5.620000000000000000e+02
1.420000000000000000e+02 5.939032155323956299e+10 7.376309334922491455e+10 2.920000000000000000e+02
1.430000000000000000e+02 6.219669005925723267e+10 7.242921393852830505e+10 1.960000000000000000e+02
1.440000000000000000e+02 5.901210734199088287e+10 7.213073195336407471e+10 9.140000000000000000e+02
1.450000000000000000e+02 5.720941903313913727e+10 7.303776535821331787e+10 3.280000000000000000e+02
1.460000000000000000e+02 6.242920189777852631e+10 7.339661739354925537e+10 5.300000000000000000e+02
1.470000000000000000e+02 6.257642832103268433e+10 7.301202139346043396e+10 1.164000000000000000e+03
1.480000000000000000e+02 5.937438853174324799e+10 7.107900412446551514e+10 1.092000000000000000e+03
1.490000000000000000e+02 5.876825244982764435e+10 6.973719909378230286e+10 3.940000000000000000e+02
1.500000000000000000e+02 5.986106414492101288e+10 7.346676228571539307e+10 6.920000000000000000e+02
1.510000000000000000e+02 5.759568677956014252e+10 7.391088913141862488e+10 3.348000000000000000e+03
1.520000000000000000e+02 5.665318571080699921e+10 7.449521875194738770e+10 5.560000000000000000e+02
1.530000000000000000e+02 5.679877188484455109e+10 7.210807307986355591e+10 8.120000000000000000e+02
1.540000000000000000e+02 6.315236439192835999e+10 7.402003602679028320e+10 7.260000000000000000e+02
1.550000000000000000e+02 5.986093885399467468e+10 7.368553660720219421e+10 7.220000000000000000e+02
1.560000000000000000e+02 5.446244286457070160e+10 7.232450239414320374e+10 7.620000000000000000e+02
1.570000000000000000e+02 6.089176755094680023e+10 7.320707701974398804e+10 8.160000000000000000e+02
1.580000000000000000e+02 5.844079840582915497e+10 7.297547340980389404e+10 1.176000000000000000e+03
1.590000000000000000e+02 5.570693790141130066e+10 7.397036228696752930e+10 2.374000000000000000e+03
1.600000000000000000e+02 6.529665446039108276e+10 7.320264118315127563e+10 5.660000000000000000e+02
1.610000000000000000e+02 6.480575042338922882e+10 7.451687424081776428e+10 1.940000000000000000e+02
1.620000000000000000e+02 6.215322843521954346e+10 7.101644614698645020e+10 7.700000000000000000e+02
1.630000000000000000e+02 6.352737019155281830e+10 7.575629253608767700e+10 5.060000000000000000e+02
1.640000000000000000e+02 6.284474765521110535e+10 7.274377263150848389e+10 3.220000000000000000e+02
1.650000000000000000e+02 5.398228166441191101e+10 7.189708140504760742e+10 1.006000000000000000e+03
1.660000000000000000e+02 6.179533064929251862e+10 7.172368316201924133e+10 1.018000000000000000e+03
1.670000000000000000e+02 5.723507043052858734e+10 6.971683061114152527e+10 5.840000000000000000e+02
1.680000000000000000e+02 5.936939013680333710e+10 7.405064505714491272e+10 4.760000000000000000e+02
1.690000000000000000e+02 5.898023665587345886e+10 7.297462886787548828e+10 8.120000000000000000e+02
1.700000000000000000e+02 6.533575426297887421e+10 7.437697907099700928e+10 1.520000000000000000e+02
1.710000000000000000e+02 5.982541497552821350e+10 7.386170539376234436e+10 3.820000000000000000e+02
1.720000000000000000e+02 6.311065524808295441e+10 7.479198937055090332e+10 2.960000000000000000e+02
1.730000000000000000e+02 6.497029263808333588e+10 7.524298191935446167e+10 4.140000000000000000e+02
1.740000000000000000e+02 5.723712697346696472e+10 7.381469943395278931e+10 4.820000000000000000e+02
1.750000000000000000e+02 5.888450718012886810e+10 7.309138011104611206e+10 2.540000000000000000e+02
1.760000000000000000e+02 6.300479995180250549e+10 7.157885310473181152e+10 1.178000000000000000e+03
1.770000000000000000e+02 6.013254275578516388e+10 7.216047435400537109e+10 4.720000000000000000e+02
1.780000000000000000e+02 6.390957041819887543e+10 7.459186702460142517e+10 5.320000000000000000e+02
1.790000000000000000e+02 5.930014214835925293e+10 7.383102767986245728e+10 3.480000000000000000e+02
1.800000000000000000e+02 6.042983759950981903e+10 7.417988168485353088e+10 4.620000000000000000e+02
1.810000000000000000e+02 6.310998879659899139e+10 7.053295610753726196e+10 7.680000000000000000e+02
1.820000000000000000e+02 6.181687340943160248e+10 7.216304244918475342e+10 4.540000000000000000e+02
1.830000000000000000e+02 5.583657617399153137e+10 7.169709530313973999e+10 3.380000000000000000e+02
1.840000000000000000e+02 6.563297881321625519e+10 7.319415858337193298e+10 2.880000000000000000e+02
1.850000000000000000e+02 6.123379109381669617e+10 7.096583382784904480e+10 6.020000000000000000e+02
1.860000000000000000e+02 6.234730333428629303e+10 7.500793588161166382e+10 7.580000000000000000e+02
1.870000000000000000e+02 5.651184403598629761e+10 7.304451498596453857e+10 1.040000000000000000e+03
1.880000000000000000e+02 6.019992110144867706e+10 7.459650673072525024e+10 5.480000000000000000e+02
1.890000000000000000e+02 6.196326374640702820e+10 7.277608048806072998e+10 7.180000000000000000e+02
1.900000000000000000e+02 5.751814596431996155e+10 7.271841831629646301e+10 2.126000000000000000e+03
1.910000000000000000e+02 6.094942085953219604e+10 7.339747564869398499e+10 3.500000000000000000e+02
1.920000000000000000e+02 6.049812536488835144e+10 7.457672919878559875e+10 7.780000000000000000e+02
1.930000000000000000e+02 5.986504728379148865e+10 7.270626878231597900e+10 2.034000000000000000e+03
1.940000000000000000e+02 5.986504728379148865e+10 7.270626878231597900e+10 2.034000000000000000e+03
1.950000000000000000e+02 5.549539420895695496e+10 7.292861763696777344e+10 3.880000000000000000e+02
1.960000000000000000e+02 6.464067450231365967e+10 7.417010275505430603e+10 2.440000000000000000e+02
1.970000000000000000e+02 5.913579210167264557e+10 7.257711262048323059e+10 5.420000000000000000e+02
1.980000000000000000e+02 6.029236162314200592e+10 7.250569320397416687e+10 3.240000000000000000e+02
1.990000000000000000e+02 6.234976736035906219e+10 7.542390560725376892e+10 3.700000000000000000e+02
