# snopt results: id, AEP init (Whr), AEP final (Whr), fcalls total
0.000000000000000000e+00 4.776905228281987000e+10 4.863581514306211853e+10 2.594000000000000000e+03
1.000000000000000000e+00 3.960721676399881744e+10 4.800991448081684875e+10 1.688000000000000000e+03
2.000000000000000000e+00 3.994971212798972321e+10 4.795127708569544220e+10 2.738000000000000000e+03
3.000000000000000000e+00 4.188610916027116394e+10 4.795601159088235474e+10 4.444000000000000000e+03
4.000000000000000000e+00 4.135387843687770081e+10 4.787174267969862366e+10 6.160000000000000000e+03
5.000000000000000000e+00 4.030923128348749542e+10 4.820830608278611755e+10 5.706000000000000000e+03
6.000000000000000000e+00 4.066691979808074951e+10 4.791750125304821014e+10 2.512000000000000000e+03
7.000000000000000000e+00 4.129840909884165192e+10 4.825476508201147461e+10 1.944000000000000000e+03
8.000000000000000000e+00 4.129840909884165192e+10 4.825476508201147461e+10 1.944000000000000000e+03
9.000000000000000000e+00 3.990748905552807617e+10 4.823780739330632782e+10 6.480000000000000000e+02
1.000000000000000000e+01 4.153078466625393677e+10 4.780436126524677277e+10 7.212000000000000000e+03
1.100000000000000000e+01 3.986677932224542236e+10 4.825407973772200012e+10 8.040000000000000000e+02
1.200000000000000000e+01 4.177310588150444794e+10 4.825843954599686432e+10 1.572000000000000000e+03
1.300000000000000000e+01 3.836966441584892273e+10 4.828604919035311127e+10 2.458000000000000000e+03
1.400000000000000000e+01 3.960890346273229980e+10 4.828938492883364105e+10 1.782000000000000000e+03
1.500000000000000000e+01 3.971241523008421326e+10 4.807224418647176361e+10 1.774000000000000000e+03
1.600000000000000000e+01 4.185145834005812073e+10 4.806006047181798553e+10 5.740000000000000000e+03
1.700000000000000000e+01 4.016009018240885162e+10 4.765431720584573364e+10 2.078000000000000000e+03
1.800000000000000000e+01 3.902348631291545868e+10 4.798762066979341125e+10 5.920000000000000000e+02
1.900000000000000000e+01 4.294534156750419617e+10 4.799959485054211426e+10 5.300000000000000000e+03
2.000000000000000000e+01 4.143207246404786682e+10 4.787736391447043610e+10 2.950000000000000000e+03
2.100000000000000000e+01 4.155719977908953857e+10 4.837811860975893402e+10 6.300000000000000000e+02
2.200000000000000000e+01 4.249226986544924164e+10 4.827057669607125092e+10 1.906000000000000000e+03
2.300000000000000000e+01 3.982238567030757904e+10 4.779778745690853119e+10 8.900000000000000000e+02
2.400000000000000000e+01 4.029766390052825165e+10 4.829152934532308960e+10 4.104000000000000000e+03
2.500000000000000000e+01 4.089335745085514069e+10 4.803628536212369537e+10 8.360000000000000000e+02
2.600000000000000000e+01 3.992338700819929504e+10 4.840540028694175720e+10 1.170000000000000000e+03
2.700000000000000000e+01 4.199553227923361206e+10 4.827654123610414886e+10 2.090000000000000000e+03
2.800000000000000000e+01 4.213250897254083252e+10 4.813384594391442108e+10 2.248000000000000000e+03
2.900000000000000000e+01 4.242665590809304810e+10 4.818661291501820374e+10 1.056000000000000000e+03
3.000000000000000000e+01 4.130256864759267426e+10 4.791789550663386536e+10 2.266000000000000000e+03
3.100000000000000000e+01 3.969471550134817505e+10 4.810502229566141510e+10 2.678000000000000000e+03
3.200000000000000000e+01 3.969471550134817505e+10 4.810502229566141510e+10 2.678000000000000000e+03
3.300000000000000000e+01 3.998813175518286133e+10 4.788427856454898834e+10 7.044000000000000000e+03
3.400000000000000000e+01 4.037750992701750946e+10 4.790316185171717834e+10 2.216000000000000000e+03
3.500000000000000000e+01 4.015685540613978577e+10 4.801558443066299438e+10 9.140000000000000000e+02
3.600000000000000000e+01 4.167080066350562286e+10 4.832980719326107788e+10 7.094000000000000000e+03
3.700000000000000000e+01 4.246790435834832001e+10 4.838366984570132446e+10 9.500000000000000000e+02
3.800000000000000000e+01 4.064158273206441498e+10 4.783293330857598114e+10 6.380000000000000000e+02
3.900000000000000000e+01 4.190589820915586853e+10 4.759646429078184509e+10 1.022000000000000000e+03
4.000000000000000000e+01 4.123605112834075165e+10 4.813480582259025574e+10 6.340000000000000000e+02
4.100000000000000000e+01 4.184581062665770721e+10 4.777983497327854156e+10 6.952000000000000000e+03
4.200000000000000000e+01 4.199707338576767731e+10 4.782635104987168121e+10 3.506000000000000000e+03
4.300000000000000000e+01 4.028338154978877258e+10 4.819304601040021515e+10 4.138000000000000000e+03
4.400000000000000000e+01 4.213818910109342194e+10 4.803399260688154602e+10 8.900000000000000000e+02
4.500000000000000000e+01 4.227030044112306976e+10 4.810356844232693481e+10 6.840000000000000000e+03
4.600000000000000000e+01 4.029799186982703400e+10 4.809545130345281982e+10 2.150000000000000000e+03
4.700000000000000000e+01 4.032704884227538300e+10 4.816294196272389221e+10 1.182000000000000000e+03
4.800000000000000000e+01 4.145041193597972870e+10 4.836083963041085052e+10 6.720000000000000000e+02
4.900000000000000000e+01 4.165606529348422241e+10 4.787339372422013092e+10 6.640000000000000000e+02
5.000000000000000000e+01 4.048452633601812744e+10 4.839410580693054199e+10 2.352000000000000000e+03
5.100000000000000000e+01 4.209231266366628265e+10 4.794784278968218231e+10 2.732000000000000000e+03
5.200000000000000000e+01 4.069359934921337128e+10 4.795909106778376770e+10 4.532000000000000000e+03
5.300000000000000000e+01 3.980841765624755096e+10 4.766864498043581390e+10 6.948000000000000000e+03
5.400000000000000000e+01 4.081745765709612274e+10 4.769748135087928009e+10 2.030000000000000000e+03
5.500000000000000000e+01 4.151655574176047516e+10 4.816430587882936859e+10 8.160000000000000000e+02
5.600000000000000000e+01 4.155450391767045593e+10 4.777360724100057220e+10 9.820000000000000000e+02
5.700000000000000000e+01 4.199489498473516083e+10 4.817082439255313110e+10 2.560000000000000000e+03
5.800000000000000000e+01 4.128204091279226685e+10 4.800134525843812561e+10 2.026000000000000000e+03
5.900000000000000000e+01 3.997804605578309631e+10 4.792925381492218018e+10 5.860000000000000000e+02
6.000000000000000000e+01 4.078130918719886780e+10 4.835473478680770874e+10 1.634000000000000000e+03
6.100000000000000000e+01 4.212466637943717957e+10 4.858807791028610229e+10 2.640000000000000000e+03
6.200000000000000000e+01 4.221767807491053009e+10 4.828298506107689667e+10 2.534000000000000000e+03
6.300000000000000000e+01 4.140506349515651703e+10 4.779952031410634613e+10 2.428000000000000000e+03
6.400000000000000000e+01 3.943490752518592072e+10 4.805161898752942657e+10 4.268000000000000000e+03
6.500000000000000000e+01 3.993781884460012054e+10 4.822642037663532257e+10 1.254000000000000000e+03
6.600000000000000000e+01 4.290471859907104492e+10 4.816381881977878571e+10 1.980000000000000000e+03
6.700000000000000000e+01 4.160929439828384399e+10 4.816346918588586426e+10 2.324000000000000000e+03
6.800000000000000000e+01 4.125597239978366852e+10 4.794455424927304077e+10 2.562000000000000000e+03
6.900000000000000000e+01 4.053218759687105560e+10 4.824597503418939209e+10 1.902000000000000000e+03
7.000000000000000000e+01 4.012857898273550415e+10 4.841978722780717468e+10 1.344000000000000000e+03
7.100000000000000000e+01 3.939790343873835754e+10 4.813546274152725220e+10 3.794000000000000000e+03
7.200000000000000000e+01 4.253280077811193085e+10 4.795230353225282288e+10 2.882000000000000000e+03
7.300000000000000000e+01 4.142065668612965393e+10 4.830278372833943176e+10 1.672000000000000000e+03
7.400000000000000000e+01 4.251483654591925812e+10 4.818498855466810608e+10 8.340000000000000000e+02
7.500000000000000000e+01 4.192025951385938263e+10 4.811715320563177490e+10 4.620000000000000000e+03
7.600000000000000000e+01 4.061537154806381226e+10 4.778328243107801819e+10 1.638000000000000000e+03
7.700000000000000000e+01 4.233147455147617340e+10 4.814634493140444183e+10 8.080000000000000000e+02
7.800000000000000000e+01 4.165320986014239502e+10 4.826656145563261414e+10 1.852000000000000000e+03
7.900000000000000000e+01 4.196581672301393127e+10 4.816313256751478577e+10 5.140000000000000000e+02
8.000000000000000000e+01 3.902221653949472046e+10 4.823413543336461639e+10 7.764000000000000000e+03
8.100000000000000000e+01 4.314823691950659943e+10 4.828465973506513214e+10 3.916000000000000000e+03
8.200000000000000000e+01 4.299087758079584503e+10 4.820588481572825623e+10 3.006000000000000000e+03
8.300000000000000000e+01 4.249224889239273834e+10 4.810204911782619476e+10 1.982000000000000000e+03
8.400000000000000000e+01 4.164976586924917603e+10 4.794082151624187469e+10 2.114000000000000000e+03
8.500000000000000000e+01 4.110300323639786530e+10 4.816707487002228546e+10 3.094000000000000000e+03
8.600000000000000000e+01 3.998133812244552612e+10 4.781671202228984070e+10 1.648000000000000000e+03
8.700000000000000000e+01 4.191271180561704254e+10 4.799896304749448395e+10 6.440000000000000000e+02
8.800000000000000000e+01 4.124306113956252289e+10 4.792513091899231720e+10 2.538000000000000000e+03
8.900000000000000000e+01 4.139936544837258148e+10 4.804880113573509216e+10 2.428000000000000000e+03
9.000000000000000000e+01 4.139185727235850525e+10 4.835072859456105042e+10 2.268000000000000000e+03
9.100000000000000000e+01 4.211200897743219757e+10 4.823567329289734650e+10 1.086000000000000000e+03
9.200000000000000000e+01 4.099649613827949524e+10 4.776646078229438019e+10 1.446000000000000000e+03
9.300000000000000000e+01 4.197375658878766632e+10 4.695328619719819641e+10 3.088000000000000000e+03
9.400000000000000000e+01 4.108432151778594208e+10 4.783042506402362061e+10 3.316000000000000000e+03
9.500000000000000000e+01 4.066503455153079224e+10 4.810807384631632996e+10 6.120000000000000000e+02
9.600000000000000000e+01 4.296724406424658966e+10 4.833471601336867523e+10 4.272000000000000000e+03
9.700000000000000000e+01 4.095743747361804962e+10 4.803430633370828247e+10 2.588000000000000000e+03
9.800000000000000000e+01 4.094929822222442627e+10 4.815834650490328979e+10 1.678000000000000000e+03
9.900000000000000000e+01 4.234747975609365082e+10 4.818320296457350922e+10 3.704000000000000000e+03
1.000000000000000000e+02 4.228125451275125885e+10 4.793916377474399567e+10 5.564000000000000000e+03
1.010000000000000000e+02 4.169341011719741058e+10 4.797813995749142456e+10 1.162000000000000000e+03
1.020000000000000000e+02 4.127558359627427673e+10 4.786089831128104401e+10 5.680000000000000000e+02
1.030000000000000000e+02 3.928921254795883942e+10 4.807129462940231323e+10 1.272000000000000000e+03
1.040000000000000000e+02 4.286201131304994202e+10 4.807234611131652069e+10 1.018000000000000000e+03
1.050000000000000000e+02 4.245282828252745819e+10 4.831436565928363037e+10 2.250000000000000000e+03
1.060000000000000000e+02 3.873263137792018127e+10 4.787535113496786499e+10 5.660000000000000000e+02
1.070000000000000000e+02 4.065300763730660248e+10 4.817794719422991943e+10 8.060000000000000000e+02
1.080000000000000000e+02 4.112594374939062500e+10 4.830623229850610352e+10 1.612000000000000000e+03
1.090000000000000000e+02 3.922021583242944336e+10 4.833596506408194733e+10 7.680000000000000000e+02
1.100000000000000000e+02 3.989472844090300751e+10 4.786435583945806122e+10 7.960000000000000000e+02
1.110000000000000000e+02 3.885307394526699066e+10 4.776493626879164886e+10 5.176000000000000000e+03
1.120000000000000000e+02 4.098413930891056061e+10 4.813653063996821594e+10 1.790000000000000000e+03
1.130000000000000000e+02 4.118863791888814545e+10 4.816353603337954712e+10 2.192000000000000000e+03
1.140000000000000000e+02 4.322155739459050751e+10 4.818871657362557983e+10 6.100000000000000000e+02
1.150000000000000000e+02 4.058585070436151123e+10 4.796736253272862244e+10 1.344000000000000000e+03
1.160000000000000000e+02 4.241980572520600891e+10 4.826787360500430298e+10 2.084000000000000000e+03
1.170000000000000000e+02 4.110961726861370087e+10 4.816809143926528168e+10 1.952000000000000000e+03
1.180000000000000000e+02 4.132481603153025055e+10 4.787340915757397461e+10 2.744000000000000000e+03
1.190000000000000000e+02 4.096482786421274567e+10 4.796133498906250763e+10 2.146000000000000000e+03
1.200000000000000000e+02 4.083333845534741211e+10 4.824096644927075958e+10 2.330000000000000000e+03
1.210000000000000000e+02 4.276449461979562378e+10 4.762930177389241791e+10 4.886000000000000000e+03
1.220000000000000000e+02 4.116028549994644165e+10 4.819203994135771942e+10 4.182000000000000000e+03
1.230000000000000000e+02 4.164207611290441895e+10 4.808767376600385284e+10 1.732000000000000000e+03
1.240000000000000000e+02 4.034179596647406006e+10 4.796430547314970398e+10 2.972000000000000000e+03
1.250000000000000000e+02 4.178260940653720856e+10 4.765531023394308472e+10 1.208000000000000000e+03
1.260000000000000000e+02 4.174219556800362396e+10 4.812175210039636993e+10 7.580000000000000000e+02
1.270000000000000000e+02 4.202718617535552979e+10 4.814238730438342285e+10 2.848000000000000000e+03
1.280000000000000000e+02 4.084966300321436310e+10 4.773821176046694946e+10 3.032000000000000000e+03
1.290000000000000000e+02 4.188163420253350067e+10 4.742529266695956421e+10 2.290000000000000000e+03
1.300000000000000000e+02 3.989556305980468750e+10 4.778501551775380707e+10 2.392000000000000000e+03
1.310000000000000000e+02 3.988831785027799988e+10 4.831790986119715118e+10 2.384000000000000000e+03
1.320000000000000000e+02 4.131848616940219116e+10 4.792501104599206543e+10 3.548000000000000000e+03
1.330000000000000000e+02 3.988403934687208557e+10 4.794312593679615021e+10 9.480000000000000000e+02
1.340000000000000000e+02 4.004879854610972595e+10 4.809461785723465729e+10 1.894000000000000000e+03
1.350000000000000000e+02 4.344990877903147888e+10 4.794371082569165039e+10 2.430000000000000000e+03
1.360000000000000000e+02 4.228762903203906250e+10 4.786883208726040649e+10 4.502000000000000000e+03
1.370000000000000000e+02 4.282088181129832458e+10 4.788881742116301727e+10 1.756000000000000000e+03
1.380000000000000000e+02 4.232803911288302612e+10 4.794795266659369659e+10 3.578000000000000000e+03
1.390000000000000000e+02 4.229604241236401367e+10 4.828388494043412781e+10 3.698000000000000000e+03
1.400000000000000000e+02 3.939483055812732697e+10 4.768113115202748871e+10 2.514000000000000000e+03
1.410000000000000000e+02 4.189191158002642059e+10 4.839856891664497375e+10 8.900000000000000000e+02
1.420000000000000000e+02 3.996775714914937592e+10 4.800892024172113037e+10 7.340000000000000000e+02
1.430000000000000000e+02 4.094568808679460144e+10 4.784893880976390839e+10 1.016000000000000000e+03
1.440000000000000000e+02 4.146797106168727112e+10 4.794036587757774353e+10 8.520000000000000000e+02
1.450000000000000000e+02 4.076927569567233276e+10 4.777483212810085297e+10 2.124000000000000000e+03
1.460000000000000000e+02 4.333233267897483063e+10 4.802734842259793854e+10 1.676000000000000000e+03
1.470000000000000000e+02 4.187066561921890259e+10 4.812988566648422241e+10 1.254000000000000000e+03
1.480000000000000000e+02 4.081714714167819214e+10 4.782613243627449036e+10 2.316000000000000000e+03
1.490000000000000000e+02 4.193172144900646210e+10 4.791867785218934631e+10 1.014000000000000000e+03
1.500000000000000000e+02 4.007577239874927521e+10 4.807315994207707977e+10 2.746000000000000000e+03
1.510000000000000000e+02 3.936096398520079803e+10 4.802996395506882477e+10 1.986000000000000000e+03
1.520000000000000000e+02 4.182253896792809296e+10 4.820489992642723083e+10 1.444000000000000000e+03
1.530000000000000000e+02 4.048929135997879791e+10 4.824157560859347534e+10 2.218000000000000000e+03
1.540000000000000000e+02 3.934403282821772766e+10 4.785529188955057526e+10 1.352000000000000000e+03
1.550000000000000000e+02 4.032617860785188293e+10 4.830863329920245361e+10 1.192000000000000000e+03
1.560000000000000000e+02 4.274249435903362274e+10 4.812719631674742889e+10 1.754000000000000000e+03
1.570000000000000000e+02 4.166250905364854431e+10 4.832150608610993958e+10 2.106000000000000000e+03
1.580000000000000000e+02 4.101990312417975616e+10 4.796181191769847107e+10 2.282000000000000000e+03
1.590000000000000000e+02 4.028860490056038666e+10 4.823217777532554626e+10 6.900000000000000000e+02
1.600000000000000000e+02 4.287084930029293823e+10 4.769638519825103760e+10 2.980000000000000000e+03
1.610000000000000000e+02 4.158431676982374573e+10 4.815065133049394989e+10 9.340000000000000000e+02
1.620000000000000000e+02 4.221716734099772644e+10 4.819881580298120117e+10 7.060000000000000000e+02
1.630000000000000000e+02 4.150744606655483246e+10 4.746637003671532440e+10 6.600000000000000000e+02
1.640000000000000000e+02 4.218619181539744568e+10 4.777037733995683289e+10 5.840000000000000000e+02
1.650000000000000000e+02 3.977939797597095490e+10 4.799449941595996094e+10 1.794000000000000000e+03
1.660000000000000000e+02 4.289760095028038025e+10 4.806248307363024139e+10 9.600000000000000000e+02
1.670000000000000000e+02 4.303894753808802032e+10 4.815868395448990631e+10 6.060000000000000000e+02
1.680000000000000000e+02 4.275663726254848480e+10 4.824339008622566986e+10 4.576000000000000000e+03
1.690000000000000000e+02 4.091359162441905212e+10 4.820032241992601013e+10 8.980000000000000000e+02
1.700000000000000000e+02 4.074968835664745331e+10 4.829404081368362427e+10 2.624000000000000000e+03
1.710000000000000000e+02 4.175251240590834808e+10 4.772388223958351898e+10 6.014000000000000000e+03
1.720000000000000000e+02 3.984870932591533661e+10 4.809625497250145721e+10 9.160000000000000000e+02
1.730000000000000000e+02 4.211146614364717865e+10 4.815565735331045532e+10 1.046000000000000000e+03
1.740000000000000000e+02 4.075514181989785767e+10 4.799942964644215393e+10 1.452000000000000000e+03
1.750000000000000000e+02 4.268474141068856812e+10 4.793279902644128418e+10 1.766000000000000000e+03
1.760000000000000000e+02 4.258287925829862213e+10 4.751411860689083862e+10 4.688000000000000000e+03
1.770000000000000000e+02 4.201825186121141815e+10 4.776371167908380890e+10 6.980000000000000000e+02
1.780000000000000000e+02 4.042620967630542755e+10 4.803119067954543304e+10 7.280000000000000000e+02
1.790000000000000000e+02 4.370069894988399506e+10 4.825332666419406128e+10 9.400000000000000000e+02
1.800000000000000000e+02 4.030213020895846558e+10 4.785412881140503693e+10 2.308000000000000000e+03
1.810000000000000000e+02 4.054559587628934479e+10 4.822547279365806580e+10 2.754000000000000000e+03
1.820000000000000000e+02 3.872788698584931183e+10 4.790721977057171631e+10 8.340000000000000000e+02
1.830000000000000000e+02 3.989391075091114807e+10 4.767331793494644165e+10 2.770000000000000000e+03
1.840000000000000000e+02 3.963264804225465393e+10 4.775439218796244812e+10 1.598000000000000000e+03
1.850000000000000000e+02 4.252304963808312988e+10 4.832343531270320892e+10 1.204000000000000000e+03
1.860000000000000000e+02 4.169673916140139771e+10 4.797038975333332062e+10 2.492000000000000000e+03
1.870000000000000000e+02 4.196737587956859589e+10 4.802749899978357697e+10 1.010000000000000000e+03
1.880000000000000000e+02 4.265690883219370270e+10 4.776972840130791473e+10 7.400000000000000000e+02
1.890000000000000000e+02 3.994739887854374695e+10 4.822276447807041168e+10 1.828000000000000000e+03
1.900000000000000000e+02 4.265330935247438812e+10 4.817059721936190033e+10 4.438000000000000000e+03
1.910000000000000000e+02 4.272450632847637177e+10 4.802857642350355530e+10 8.620000000000000000e+02
1.920000000000000000e+02 4.260234652457247925e+10 4.800742706782611084e+10 3.440000000000000000e+03
1.930000000000000000e+02 4.260234652457247925e+10 4.800742706782611084e+10 3.440000000000000000e+03
1.940000000000000000e+02 4.260234652457247925e+10 4.800742706782611084e+10 3.440000000000000000e+03
1.950000000000000000e+02 4.006347923287416840e+10 4.798890753504158020e+10 5.940000000000000000e+02
1.960000000000000000e+02 4.078829242409407043e+10 4.792235615193688202e+10 6.400000000000000000e+03
1.970000000000000000e+02 4.104933380893199921e+10 4.814143944881633759e+10 2.022000000000000000e+03
1.980000000000000000e+02 4.161946157508195496e+10 4.795971579506029510e+10 2.052000000000000000e+03
1.990000000000000000e+02 3.920372534664507294e+10 4.775847133291128540e+10 3.522000000000000000e+03
