# snopt results: id, AEP init (Whr), AEP final (Whr), fcalls total
0.000000000000000000e+00 1.705522140679031982e+11 1.753782638281520691e+11 1.360000000000000000e+02
1.000000000000000000e+00 1.528169123118219910e+11 1.749343162335670471e+11 1.560000000000000000e+02
2.000000000000000000e+00 1.526984680786369934e+11 1.741019149748828430e+11 3.820000000000000000e+02
3.000000000000000000e+00 1.594347923376032715e+11 1.735293222633335876e+11 1.820000000000000000e+02
4.000000000000000000e+00 1.560946998573188477e+11 1.734981105956611023e+11 2.500000000000000000e+02
5.000000000000000000e+00 1.539389635307928772e+11 1.760690350586646423e+11 1.760000000000000000e+02
6.000000000000000000e+00 1.533818209047889404e+11 1.751621590826676636e+11 1.440000000000000000e+02
7.000000000000000000e+00 1.578492646410662231e+11 1.747297404795670166e+11 1.880000000000000000e+02
8.000000000000000000e+00 1.551605677903248901e+11 1.746884500514136047e+11 2.100000000000000000e+02
9.000000000000000000e+00 1.527760288411349487e+11 1.762416683600158997e+11 1.260000000000000000e+02
1.000000000000000000e+01 1.565678587564310913e+11 1.744329883002501221e+11 3.740000000000000000e+02
1.100000000000000000e+01 1.527977234488486023e+11 1.745564881594306641e+11 2.460000000000000000e+02
1.200000000000000000e+01 1.575825882870670166e+11 1.744546348373552246e+11 1.260000000000000000e+02
1.300000000000000000e+01 1.497775343155744019e+11 1.752353329137879639e+11 1.900000000000000000e+02
1.400000000000000000e+01 1.515505643165139771e+11 1.757642091952548523e+11 1.560000000000000000e+02
1.500000000000000000e+01 1.527078013594255676e+11 1.736223257658800049e+11 1.380000000000000000e+02
1.600000000000000000e+01 1.573642614358320007e+11 1.751183869615315857e+11 4.000000000000000000e+02
1.700000000000000000e+01 1.535046154444191895e+11 1.736288054961372375e+11 1.760000000000000000e+02
1.800000000000000000e+01 1.510487529499505615e+11 1.748930925553160706e+11 1.540000000000000000e+02
1.900000000000000000e+01 1.606506699360006409e+11 1.751554611056755371e+11 2.440000000000000000e+02
2.000000000000000000e+01 1.557331976904734802e+11 1.742789021650855103e+11 1.340000000000000000e+02
2.100000000000000000e+01 1.551304019115523376e+11 1.749371810090145569e+11 1.980000000000000000e+02
2.200000000000000000e+01 1.592508517951635437e+11 1.754320921997250061e+11 2.540000000000000000e+02
2.300000000000000000e+01 1.530430199628996277e+11 1.743209580689070740e+11 1.460000000000000000e+02
2.400000000000000000e+01 1.539034653255469971e+11 1.739980858995573120e+11 1.320000000000000000e+02
2.500000000000000000e+01 1.546004300255049438e+11 1.754141884017506409e+11 1.500000000000000000e+02
2.600000000000000000e+01 1.532400864671202087e+11 1.738342554599369507e+11 1.646000000000000000e+03
2.700000000000000000e+01 1.569884055352048645e+11 1.768219784018555298e+11 1.320000000000000000e+03
2.800000000000000000e+01 1.564037150422577209e+11 1.755148600116580200e+11 1.780000000000000000e+02
2.900000000000000000e+01 1.578196294806489258e+11 1.744533711235180969e+11 2.680000000000000000e+02
3.000000000000000000e+01 1.549540639836596069e+11 1.748138020440574646e+11 7.220000000000000000e+02
3.100000000000000000e+01 1.523710705630021057e+11 1.741326178726753235e+11 1.860000000000000000e+02
3.200000000000000000e+01 1.543053579266874390e+11 1.752976889436469421e+11 2.560000000000000000e+02
3.300000000000000000e+01 1.526886102150119629e+11 1.747059631193974304e+11 1.820000000000000000e+02
3.400000000000000000e+01 1.541338285304629211e+11 1.760647419225291443e+11 3.160000000000000000e+02
3.500000000000000000e+01 1.530631488876100464e+11 1.746166707596656494e+11 2.020000000000000000e+02
3.600000000000000000e+01 1.567607543683584290e+11 1.742595297422854309e+11 2.460000000000000000e+02
3.700000000000000000e+01 1.596129379441487427e+11 1.745343540512465515e+11 3.180000000000000000e+02
3.800000000000000000e+01 1.543113137261874390e+11 1.730716873610972290e+11 1.440000000000000000e+02
3.900000000000000000e+01 1.557202710091697998e+11 1.754394452000466614e+11 1.920000000000000000e+02
4.000000000000000000e+01 1.551905782573781433e+11 1.749572292069278870e+11 1.700000000000000000e+02
4.100000000000000000e+01 1.573126969370169067e+11 1.747446957167188416e+11 1.260000000000000000e+02
4.200000000000000000e+01 1.582563373481712036e+11 1.756811633533462830e+11 1.640000000000000000e+02
4.300000000000000000e+01 1.536621132556329651e+11 1.763172910877205200e+11 1.720000000000000000e+02
4.400000000000000000e+01 1.582757102450951233e+11 1.732384047701312561e+11 1.540000000000000000e+02
4.500000000000000000e+01 1.574680163544223022e+11 1.751594373391026001e+11 2.080000000000000000e+02
4.600000000000000000e+01 1.544021908907481995e+11 1.752071941499848633e+11 2.180000000000000000e+02
4.700000000000000000e+01 1.533141106247449341e+11 1.729150461193171692e+11 1.580000000000000000e+02
4.800000000000000000e+01 1.552303246609238281e+11 1.762719341523943176e+11 3.760000000000000000e+02
4.900000000000000000e+01 1.560556434618735657e+11 1.742069111645877991e+11 1.700000000000000000e+02
5.000000000000000000e+01 1.537442598629841614e+11 1.745900345255125122e+11 1.600000000000000000e+02
5.100000000000000000e+01 1.577688485882601318e+11 1.735273603300201721e+11 1.720000000000000000e+02
5.200000000000000000e+01 1.544245685030228577e+11 1.742219572239427185e+11 1.580000000000000000e+02
5.300000000000000000e+01 1.532638421423025818e+11 1.747981906552802734e+11 3.320000000000000000e+02
5.400000000000000000e+01 1.547430340341040344e+11 1.747837185749346313e+11 1.320000000000000000e+02
5.500000000000000000e+01 1.569267956015516357e+11 1.744455783382741089e+11 1.980000000000000000e+02
5.600000000000000000e+01 1.558131229618008423e+11 1.748848256342864075e+11 3.660000000000000000e+02
5.700000000000000000e+01 1.573450085996338806e+11 1.744500758955289612e+11 1.320000000000000000e+02
5.800000000000000000e+01 1.559272899919262085e+11 1.727686431851414185e+11 1.400000000000000000e+02
5.900000000000000000e+01 1.528419406884328308e+11 1.744698103882786865e+11 2.200000000000000000e+02
6.000000000000000000e+01 1.554128258005853271e+11 1.739034433517185974e+11 2.780000000000000000e+02
6.100000000000000000e+01 1.579720156058596497e+11 1.734759250040841980e+11 1.760000000000000000e+02
6.200000000000000000e+01 1.578530783873164978e+11 1.745179390850127563e+11 1.558000000000000000e+03
6.300000000000000000e+01 1.548066241586256104e+11 1.752647874907297668e+11 2.740000000000000000e+02
6.400000000000000000e+01 1.498531072229389648e+11 1.748611277174371033e+11 2.760000000000000000e+02
6.500000000000000000e+01 1.519941023927128601e+11 1.760646949987955933e+11 2.980000000000000000e+02
6.600000000000000000e+01 1.608217822127858887e+11 1.743943703125209961e+11 1.040000000000000000e+02
6.700000000000000000e+01 1.568034706889035645e+11 1.742586176518594666e+11 2.260000000000000000e+02
6.800000000000000000e+01 1.563893160991226196e+11 1.736808102643588257e+11 1.620000000000000000e+02
6.900000000000000000e+01 1.544804335196321106e+11 1.735861500351418457e+11 1.720000000000000000e+02
7.000000000000000000e+01 1.531556510001430969e+11 1.753194551897704468e+11 3.780000000000000000e+02
7.100000000000000000e+01 1.514442004512136230e+11 1.740336604383229065e+11 3.120000000000000000e+02
7.200000000000000000e+01 1.592963382214000244e+11 1.737108523584733887e+11 1.260000000000000000e+02
7.300000000000000000e+01 1.560072679210410156e+11 1.734077711867650146e+11 1.820000000000000000e+02
7.400000000000000000e+01 1.593564771183907776e+11 1.747880918331919861e+11 2.380000000000000000e+02
7.500000000000000000e+01 1.573353041642992554e+11 1.738639212559970093e+11 3.480000000000000000e+02
7.600000000000000000e+01 1.541379073933807068e+11 1.749594563023722229e+11 1.540000000000000000e+02
7.700000000000000000e+01 1.578775887634512024e+11 1.761330719799439087e+11 3.380000000000000000e+02
7.800000000000000000e+01 1.574344175324345398e+11 1.747129790661061707e+11 2.480000000000000000e+02
7.900000000000000000e+01 1.564512868449137573e+11 1.727655687517948914e+11 1.640000000000000000e+02
8.000000000000000000e+01 1.492060987504494934e+11 1.755184519678359680e+11 1.182000000000000000e+03
8.100000000000000000e+01 1.608069122621299744e+11 1.730160613615990295e+11 2.060000000000000000e+02
8.200000000000000000e+01 1.581655793915427856e+11 1.732732176520163574e+11 2.440000000000000000e+02
8.300000000000000000e+01 1.585052903921947632e+11 1.756395821631064758e+11 2.200000000000000000e+02
8.400000000000000000e+01 1.572090216206716919e+11 1.735451985318314819e+11 2.500000000000000000e+02
8.500000000000000000e+01 1.563162185517326660e+11 1.732682175055078430e+11 2.060000000000000000e+02
8.600000000000000000e+01 1.521546510268065796e+11 1.728103621335990906e+11 2.320000000000000000e+02
8.700000000000000000e+01 1.579448037832101440e+11 1.758849470396915588e+11 1.780000000000000000e+02
8.800000000000000000e+01 1.570167451977439270e+11 1.732361369068487854e+11 1.640000000000000000e+02
8.900000000000000000e+01 1.559694271984335022e+11 1.749016908513387146e+11 1.520000000000000000e+02
9.000000000000000000e+01 1.560294067968190002e+11 1.740972818983232422e+11 5.380000000000000000e+02
9.100000000000000000e+01 1.592573953270136719e+11 1.752047776771656189e+11 1.560000000000000000e+02
9.200000000000000000e+01 1.551657801991457520e+11 1.753816421975044250e+11 1.720000000000000000e+02
9.300000000000000000e+01 1.579853943918074341e+11 1.750513141354149170e+11 1.960000000000000000e+02
9.400000000000000000e+01 1.551611278025605164e+11 1.747210991305924683e+11 1.480000000000000000e+02
9.500000000000000000e+01 1.546691313291665955e+11 1.734801615608005676e+11 1.760000000000000000e+02
9.600000000000000000e+01 1.610354304652484131e+11 1.755669404362988281e+11 1.920000000000000000e+02
9.700000000000000000e+01 1.549108843682416382e+11 1.756931148675763550e+11 2.860000000000000000e+02
9.800000000000000000e+01 1.546529135527150574e+11 1.740943017244879456e+11 2.300000000000000000e+02
9.900000000000000000e+01 1.590592823084867554e+11 1.737668706144502563e+11 1.740000000000000000e+02
1.000000000000000000e+02 1.584060228292263184e+11 1.738987624757816162e+11 2.020000000000000000e+02
1.010000000000000000e+02 1.567956477004368591e+11 1.730284705918005676e+11 5.500000000000000000e+02
1.020000000000000000e+02 1.564741894187939148e+11 1.750529958282416992e+11 2.880000000000000000e+02
1.030000000000000000e+02 1.497835519175765076e+11 1.754182506573321533e+11 1.760000000000000000e+02
1.040000000000000000e+02 1.598559264727913513e+11 1.738247610198942566e+11 1.540000000000000000e+02
1.050000000000000000e+02 1.586642273087257080e+11 1.746903709193043823e+11 1.480000000000000000e+02
1.060000000000000000e+02 1.500582997442555542e+11 1.751850523129826050e+11 2.140000000000000000e+02
1.070000000000000000e+02 1.559748299413158569e+11 1.748428058920287476e+11 2.220000000000000000e+02
1.080000000000000000e+02 1.562101233251863708e+11 1.747140317320552063e+11 1.422000000000000000e+03
1.090000000000000000e+02 1.503427645191027832e+11 1.737166099724295654e+11 2.080000000000000000e+02
1.100000000000000000e+02 1.529861589869129639e+11 1.728901526219716492e+11 2.400000000000000000e+02
1.110000000000000000e+02 1.499841671262877502e+11 1.736398879029510193e+11 1.380000000000000000e+02
1.120000000000000000e+02 1.556341258736438904e+11 1.737012704335386963e+11 2.080000000000000000e+02
1.130000000000000000e+02 1.551695881866063538e+11 1.763853743535702515e+11 2.940000000000000000e+02
1.140000000000000000e+02 1.610094243210979919e+11 1.764675711059917297e+11 1.280000000000000000e+02
1.150000000000000000e+02 1.539937867216242676e+11 1.732763151426604004e+11 2.420000000000000000e+02
1.160000000000000000e+02 1.581788676922407837e+11 1.735993238587563782e+11 1.860000000000000000e+02
1.170000000000000000e+02 1.543895778126817932e+11 1.753476383847145386e+11 1.780000000000000000e+02
1.180000000000000000e+02 1.560490006699714355e+11 1.728530601641070557e+11 1.680000000000000000e+02
1.190000000000000000e+02 1.546836384908073120e+11 1.737456878719255371e+11 1.780000000000000000e+02
1.200000000000000000e+02 1.549841202587276001e+11 1.752608044768207397e+11 2.440000000000000000e+02
1.210000000000000000e+02 1.593201785142630310e+11 1.739080616037218628e+11 7.220000000000000000e+02
1.220000000000000000e+02 1.559819092712938538e+11 1.745161680930977783e+11 1.140000000000000000e+02
1.230000000000000000e+02 1.565394998131534424e+11 1.755851465348912354e+11 7.420000000000000000e+02
1.240000000000000000e+02 1.529280388264555969e+11 1.747498571906488037e+11 1.340000000000000000e+02
1.250000000000000000e+02 1.567190622869382019e+11 1.730833714395619507e+11 1.220000000000000000e+02
1.260000000000000000e+02 1.570838038689584961e+11 1.755558862280742188e+11 3.300000000000000000e+02
1.270000000000000000e+02 1.568419815724902344e+11 1.728612443976651001e+11 1.820000000000000000e+02
1.280000000000000000e+02 1.548521319329063416e+11 1.736078029153009338e+11 1.900000000000000000e+02
1.290000000000000000e+02 1.573888607555259399e+11 1.734519636254550476e+11 3.440000000000000000e+02
1.300000000000000000e+02 1.529684421676768799e+11 1.731604609904450073e+11 1.400000000000000000e+02
1.310000000000000000e+02 1.530489560424476624e+11 1.746452620973644409e+11 2.060000000000000000e+02
1.320000000000000000e+02 1.556516394280211182e+11 1.740471997321101685e+11 1.412000000000000000e+03
1.330000000000000000e+02 1.528980453626191406e+11 1.743118663445688782e+11 2.320000000000000000e+02
1.340000000000000000e+02 1.535344649651018372e+11 1.734919890678766174e+11 2.160000000000000000e+02
1.350000000000000000e+02 1.603434204071647949e+11 1.757176334500195007e+11 1.640000000000000000e+02
1.360000000000000000e+02 1.572025736206220093e+11 1.726556896166598206e+11 2.600000000000000000e+02
1.370000000000000000e+02 1.592772727075878601e+11 1.732154134656701660e+11 2.220000000000000000e+02
1.380000000000000000e+02 1.584284592025728149e+11 1.739301353366112366e+11 1.660000000000000000e+02
1.390000000000000000e+02 1.576397958137388611e+11 1.738198762453598328e+11 2.300000000000000000e+02
1.400000000000000000e+02 1.517728733384286194e+11 1.732126204126878967e+11 1.780000000000000000e+02
1.410000000000000000e+02 1.571621713182276917e+11 1.744831815381362610e+11 2.240000000000000000e+02
1.420000000000000000e+02 1.520588964677361450e+11 1.748403146550278931e+11 2.520000000000000000e+02
1.430000000000000000e+02 1.548282239387671814e+11 1.750828281703282776e+11 1.800000000000000000e+02
1.440000000000000000e+02 1.566317396531535950e+11 1.748812476706888428e+11 2.180000000000000000e+02
1.450000000000000000e+02 1.544895384736856995e+11 1.743625512223521423e+11 3.360000000000000000e+02
1.460000000000000000e+02 1.610925799672204590e+11 1.741236014059646301e+11 1.680000000000000000e+02
1.470000000000000000e+02 1.576976464621386719e+11 1.721905994617151794e+11 2.100000000000000000e+02
1.480000000000000000e+02 1.547961587015195312e+11 1.750275230876242676e+11 2.020000000000000000e+02
1.490000000000000000e+02 1.573665054395125427e+11 1.742418308906285706e+11 1.680000000000000000e+02
1.500000000000000000e+02 1.520794033498035278e+11 1.753327357442839050e+11 2.060000000000000000e+02
1.510000000000000000e+02 1.519081668657589417e+11 1.755001729508371887e+11 1.200000000000000000e+02
1.520000000000000000e+02 1.569519132407968750e+11 1.739228062933298950e+11 9.600000000000000000e+01
1.530000000000000000e+02 1.537865397700021057e+11 1.744026679381299744e+11 2.760000000000000000e+02
1.540000000000000000e+02 1.508464264990810852e+11 1.754775781930764465e+11 2.620000000000000000e+02
1.550000000000000000e+02 1.538145582575429993e+11 1.741709305451372375e+11 1.120000000000000000e+02
1.560000000000000000e+02 1.593862125737975769e+11 1.734191812243573303e+11 1.680000000000000000e+02
1.570000000000000000e+02 1.570287394480908203e+11 1.757788469988114014e+11 1.840000000000000000e+02
1.580000000000000000e+02 1.556955608862971802e+11 1.746908767779807434e+11 1.320000000000000000e+02
1.590000000000000000e+02 1.541364506479567566e+11 1.745848819046962585e+11 1.560000000000000000e+02
1.600000000000000000e+02 1.597987129684655151e+11 1.738887644961438904e+11 1.540000000000000000e+02
1.610000000000000000e+02 1.575111045334908752e+11 1.744013287442650452e+11 1.780000000000000000e+02
1.620000000000000000e+02 1.579615469701711731e+11 1.736296666633233032e+11 2.080000000000000000e+02
1.630000000000000000e+02 1.556605815675579834e+11 1.727692000195617065e+11 1.600000000000000000e+02
1.640000000000000000e+02 1.563614128387018738e+11 1.735860222075338440e+11 2.660000000000000000e+02
1.650000000000000000e+02 1.524569627386541138e+11 1.724789005828294678e+11 1.720000000000000000e+02
1.660000000000000000e+02 1.590205337727185974e+11 1.752260545316564026e+11 1.160000000000000000e+02
1.670000000000000000e+02 1.598979719197065125e+11 1.740869615135041504e+11 1.560000000000000000e+02
1.680000000000000000e+02 1.604552614223193970e+11 1.741038813373629761e+11 2.020000000000000000e+02
1.690000000000000000e+02 1.561025956167419128e+11 1.738302710007106018e+11 2.840000000000000000e+02
1.700000000000000000e+02 1.542623554211571350e+11 1.746949808517056580e+11 2.820000000000000000e+02
1.710000000000000000e+02 1.561470008091571350e+11 1.753435322768479614e+11 1.960000000000000000e+02
1.720000000000000000e+02 1.523651993607895203e+11 1.725144902548416138e+11 1.540000000000000000e+02
1.730000000000000000e+02 1.580394404391707764e+11 1.737772436992619934e+11 1.460000000000000000e+02
1.740000000000000000e+02 1.538838932959783020e+11 1.746501619051244812e+11 3.320000000000000000e+02
1.750000000000000000e+02 1.579401340289393005e+11 1.759108106155236816e+11 3.240000000000000000e+02
1.760000000000000000e+02 1.589419700388471680e+11 1.751860659453859863e+11 2.780000000000000000e+02
1.770000000000000000e+02 1.572685010235446777e+11 1.745286270521878052e+11 2.240000000000000000e+02
1.780000000000000000e+02 1.526665541043959961e+11 1.736788837381737671e+11 2.020000000000000000e+02
1.790000000000000000e+02 1.622887628002197876e+11 1.758996326646350403e+11 1.980000000000000000e+02
1.800000000000000000e+02 1.534729979024985657e+11 1.755904471648924561e+11 2.120000000000000000e+02
1.810000000000000000e+02 1.526334824550496216e+11 1.719639792237826843e+11 1.800000000000000000e+02
1.820000000000000000e+02 1.494046801679790344e+11 1.733187462430043945e+11 2.260000000000000000e+02
1.830000000000000000e+02 1.540680549735393677e+11 1.747317428782250977e+11 1.780000000000000000e+02
1.840000000000000000e+02 1.511775245408442993e+11 1.744702243647309570e+11 2.660000000000000000e+02
1.850000000000000000e+02 1.593756523189684448e+11 1.746329963840545959e+11 1.000000000000000000e+02
1.860000000000000000e+02 1.573629670390879211e+11 1.760837383349274292e+11 1.440000000000000000e+02
1.870000000000000000e+02 1.590183541143542480e+11 1.753375295221824951e+11 2.780000000000000000e+02
1.880000000000000000e+02 1.597437380203505554e+11 1.742224342155630493e+11 1.880000000000000000e+02
1.890000000000000000e+02 1.530790344337088928e+11 1.754343637786300354e+11 1.360000000000000000e+02
1.900000000000000000e+02 1.582485990316129456e+11 1.742149829814005737e+11 2.720000000000000000e+02
1.910000000000000000e+02 1.600428556124850464e+11 1.749123381995785217e+11 2.540000000000000000e+02
1.920000000000000000e+02 1.582493138673138733e+11 1.730769565852148438e+11 1.620000000000000000e+02
1.930000000000000000e+02 1.560611496382182312e+11 1.745932279764105530e+11 2.320000000000000000e+02
1.940000000000000000e+02 1.560368750391420898e+11 1.738242360067272644e+11 1.700000000000000000e+02
1.950000000000000000e+02 1.517560718817271118e+11 1.743803790555438232e+11 2.760000000000000000e+02
1.960000000000000000e+02 1.549544700729938965e+11 1.742823041005776062e+11 2.560000000000000000e+02
1.970000000000000000e+02 1.546720149834385986e+11 1.752229571185398560e+11 1.480000000000000000e+02
1.980000000000000000e+02 1.566430689677502136e+11 1.723869453408863525e+11 1.760000000000000000e+02
1.990000000000000000e+02 1.503578117048901062e+11 1.736119124208526306e+11 2.200000000000000000e+02
