# # run number, exp fac, ti calc, ti opt, aep init calc (kW), aep init opt (kW), aep run calc (kW), aep run opt (kW), run time (s), obj func calls, sens func calls
0.000000000000000000e+00 1.000000000000000000e+00 4.000000000000000000e+00 5.000000000000000000e+00 9.698615658924242258e+08 9.698636292384606600e+08 1.045396340555560589e+09 1.045395658800180674e+09 1.786512508392333984e+02 1.090000000000000000e+02 1.050000000000000000e+02
0.000000000000000000e+00 1.000000000000000000e+00 4.000000000000000000e+00 5.000000000000000000e+00 9.698615658924242258e+08 9.698636292384606600e+08 1.045396340555560470e+09 1.045395658800180793e+09 1.371837639808654785e+02 1.090000000000000000e+02 1.050000000000000000e+02
1.000000000000000000e+00 1.000000000000000000e+00 4.000000000000000000e+00 5.000000000000000000e+00 8.194714595797584057e+08 8.194756368407497406e+08 9.938125309283946753e+08 9.938108888897435665e+08 5.627959280014038086e+02 3.080000000000000000e+02 3.040000000000000000e+02
1.000000000000000000e+00 1.000000000000000000e+00 4.000000000000000000e+00 5.000000000000000000e+00 8.194714595797584057e+08 8.194756368407497406e+08 9.938125351523903608e+08 9.938108900125632286e+08 5.242383048534393311e+02 3.080000000000000000e+02 3.040000000000000000e+02
2.000000000000000000e+00 1.000000000000000000e+00 4.000000000000000000e+00 5.000000000000000000e+00 8.146508322264180183e+08 8.146629194193730354e+08 9.985878001011601686e+08 9.985857573854851723e+08 4.546500408649444580e+02 2.390000000000000000e+02 2.340000000000000000e+02
2.000000000000000000e+00 1.000000000000000000e+00 4.000000000000000000e+00 5.000000000000000000e+00 8.146508322264180183e+08 8.146629194193730354e+08 9.985878004655361176e+08 9.985857578139595985e+08 4.939027299880981445e+02 2.310000000000000000e+02 2.260000000000000000e+02
3.000000000000000000e+00 1.000000000000000000e+00 4.000000000000000000e+00 5.000000000000000000e+00 8.685256195739291906e+08 8.685266695998095274e+08 1.010776916797721148e+09 1.010774407555894136e+09 4.284083459377288818e+02 2.340000000000000000e+02 2.290000000000000000e+02
3.000000000000000000e+00 1.000000000000000000e+00 4.000000000000000000e+00 5.000000000000000000e+00 8.685256195739291906e+08 8.685266695998095274e+08 1.010776918269749880e+09 1.010774409042760253e+09 5.754235959053039551e+02 2.350000000000000000e+02 2.300000000000000000e+02
4.000000000000000000e+00 1.000000000000000000e+00 4.000000000000000000e+00 5.000000000000000000e+00 8.614953989516531229e+08 8.614995187680881023e+08 9.946657429586175680e+08 9.946632827119777203e+08 4.090935490131378174e+02 2.160000000000000000e+02 2.120000000000000000e+02
4.000000000000000000e+00 1.000000000000000000e+00 4.000000000000000000e+00 5.000000000000000000e+00 8.614953989516531229e+08 8.614995187680881023e+08 9.946657429786349535e+08 9.946632827151817083e+08 5.414576189517974854e+02 2.160000000000000000e+02 2.120000000000000000e+02
5.000000000000000000e+00 1.000000000000000000e+00 4.000000000000000000e+00 5.000000000000000000e+00 8.323195805467363596e+08 8.323277450447957516e+08 1.003578061732775211e+09 1.003575895800006747e+09 7.997866880893707275e+02 4.650000000000000000e+02 4.600000000000000000e+02
5.000000000000000000e+00 1.000000000000000000e+00 4.000000000000000000e+00 5.000000000000000000e+00 8.323195805467363596e+08 8.323277450447957516e+08 1.003578061731914043e+09 1.003575895801506281e+09 9.584664847850799561e+02 4.140000000000000000e+02 4.090000000000000000e+02
6.000000000000000000e+00 1.000000000000000000e+00 4.000000000000000000e+00 5.000000000000000000e+00 8.298717600765730143e+08 8.298774944782991409e+08 1.005825030010455012e+09 1.005820391152327538e+09 1.002531453847885132e+03 5.970000000000000000e+02 5.930000000000000000e+02
6.000000000000000000e+00 1.000000000000000000e+00 4.000000000000000000e+00 5.000000000000000000e+00 8.298717600765730143e+08 8.298774944782991409e+08 1.002480414780932784e+09 1.002478332702674866e+09 1.446778267860412598e+03 5.700000000000000000e+02 5.650000000000000000e+02
7.000000000000000000e+00 1.000000000000000000e+00 4.000000000000000000e+00 5.000000000000000000e+00 8.463316318084439039e+08 8.463384401675078869e+08 1.015906602408257723e+09 1.015904759572679281e+09 2.513551020622253418e+02 1.680000000000000000e+02 1.640000000000000000e+02
7.000000000000000000e+00 1.000000000000000000e+00 4.000000000000000000e+00 5.000000000000000000e+00 8.463316318084439039e+08 8.463384401675078869e+08 1.015906602408258080e+09 1.015904759572679043e+09 3.744043490886688232e+02 1.680000000000000000e+02 1.640000000000000000e+02
8.000000000000000000e+00 1.000000000000000000e+00 4.000000000000000000e+00 5.000000000000000000e+00 8.365283213574746847e+08 8.365302540921528339e+08 1.018918547532542944e+09 1.018914620421825528e+09 3.269717111587524414e+02 1.750000000000000000e+02 1.710000000000000000e+02
8.000000000000000000e+00 1.000000000000000000e+00 4.000000000000000000e+00 5.000000000000000000e+00 8.365283213574746847e+08 8.365302540921528339e+08 1.018918547532543182e+09 1.018914620421825528e+09 4.274244980812072754e+02 1.750000000000000000e+02 1.710000000000000000e+02
9.000000000000000000e+00 1.000000000000000000e+00 4.000000000000000000e+00 5.000000000000000000e+00 8.243563440019340515e+08 8.243609146601084471e+08 1.018836643331121206e+09 1.018832435217036247e+09 3.989778108596801758e+02 2.040000000000000000e+02 2.000000000000000000e+02
9.000000000000000000e+00 1.000000000000000000e+00 4.000000000000000000e+00 5.000000000000000000e+00 8.243563440019340515e+08 8.243609146601084471e+08 1.018836643331214070e+09 1.018832435217036009e+09 4.878028180599212646e+02 2.040000000000000000e+02 2.000000000000000000e+02
1.000000000000000000e+01 1.000000000000000000e+00 4.000000000000000000e+00 5.000000000000000000e+00 8.557321452490423918e+08 8.557359245158380270e+08 1.016605863714785337e+09 1.016603238385579109e+09 4.004165601730346680e+02 2.110000000000000000e+02 2.070000000000000000e+02
1.000000000000000000e+01 1.000000000000000000e+00 4.000000000000000000e+00 5.000000000000000000e+00 8.557321452490423918e+08 8.557359245158380270e+08 1.016605862730363011e+09 1.016603238338846684e+09 4.594283280372619629e+02 2.090000000000000000e+02 2.050000000000000000e+02
1.100000000000000000e+01 1.000000000000000000e+00 4.000000000000000000e+00 5.000000000000000000e+00 8.218779721089138985e+08 8.218809407288651466e+08 1.006291400646359921e+09 1.006288716745106101e+09 6.234801950454711914e+02 2.990000000000000000e+02 2.950000000000000000e+02
1.100000000000000000e+01 1.000000000000000000e+00 4.000000000000000000e+00 5.000000000000000000e+00 8.218779721089138985e+08 8.218809407288651466e+08 1.006291400428884983e+09 1.006288716858937621e+09 7.192568371295928955e+02 2.940000000000000000e+02 2.900000000000000000e+02
1.200000000000000000e+01 1.000000000000000000e+00 4.000000000000000000e+00 5.000000000000000000e+00 8.560055923708398342e+08 8.560082094328763485e+08 9.975027244953968525e+08 9.975015978014678955e+08 5.650612277984619141e+02 3.270000000000000000e+02 3.220000000000000000e+02
1.200000000000000000e+01 1.000000000000000000e+00 4.000000000000000000e+00 5.000000000000000000e+00 8.560055923708398342e+08 8.560082094328763485e+08 9.975027270771950483e+08 9.975015991045378447e+08 7.829623610973358154e+02 3.030000000000000000e+02 2.980000000000000000e+02
1.300000000000000000e+01 1.000000000000000000e+00 4.000000000000000000e+00 5.000000000000000000e+00 7.985456457433402538e+08 7.985507983048050404e+08 1.004000345767150402e+09 1.004000239538127303e+09 6.072412800788879395e+02 2.920000000000000000e+02 2.870000000000000000e+02
1.300000000000000000e+01 1.000000000000000000e+00 4.000000000000000000e+00 5.000000000000000000e+00 7.985456457433402538e+08 7.985507983048050404e+08 1.004001790693127513e+09 1.004001834323766828e+09 9.452567219734191895e+02 3.760000000000000000e+02 3.710000000000000000e+02
1.400000000000000000e+01 1.000000000000000000e+00 4.000000000000000000e+00 5.000000000000000000e+00 8.173470097511314154e+08 8.173485402034845352e+08 1.017620439556898117e+09 1.017617461119467616e+09 7.625590300559997559e+02 3.690000000000000000e+02 3.650000000000000000e+02
1.400000000000000000e+01 1.000000000000000000e+00 4.000000000000000000e+00 5.000000000000000000e+00 8.173470097511314154e+08 8.173485402034845352e+08 1.017620439977100134e+09 1.017617461214309573e+09 8.916698389053344727e+02 3.560000000000000000e+02 3.520000000000000000e+02
1.500000000000000000e+01 1.000000000000000000e+00 4.000000000000000000e+00 5.000000000000000000e+00 8.186882617099429369e+08 8.186893811894633770e+08 1.009618705540650606e+09 1.009617921889286757e+09 6.980475039482116699e+02 3.220000000000000000e+02 3.170000000000000000e+02
1.500000000000000000e+01 1.000000000000000000e+00 4.000000000000000000e+00 5.000000000000000000e+00 8.186882617099429369e+08 8.186893811894633770e+08 1.009618705175388336e+09 1.009617921473516583e+09 8.146106119155883789e+02 3.280000000000000000e+02 3.230000000000000000e+02
1.600000000000000000e+01 1.000000000000000000e+00 4.000000000000000000e+00 5.000000000000000000e+00 8.609993543305261135e+08 8.610034999606968164e+08 1.017590393476053357e+09 1.017586942148733377e+09 3.805161831378936768e+02 1.760000000000000000e+02 1.720000000000000000e+02
1.600000000000000000e+01 1.000000000000000000e+00 4.000000000000000000e+00 5.000000000000000000e+00 8.609993543305261135e+08 8.610034999606968164e+08 1.017590393475814819e+09 1.017586942148737073e+09 4.372363610267639160e+02 1.760000000000000000e+02 1.720000000000000000e+02
1.700000000000000000e+01 1.000000000000000000e+00 4.000000000000000000e+00 5.000000000000000000e+00 8.320884566734415293e+08 8.320943145394431353e+08 9.927851247698546648e+08 9.927823453169223070e+08 9.639158201217651367e+02 4.490000000000000000e+02 4.440000000000000000e+02
1.700000000000000000e+01 1.000000000000000000e+00 4.000000000000000000e+00 5.000000000000000000e+00 8.320884566734415293e+08 8.320943145394431353e+08 9.927851248683228493e+08 9.927823452894221544e+08 1.010489372968673706e+03 4.220000000000000000e+02 4.170000000000000000e+02
1.800000000000000000e+01 1.000000000000000000e+00 4.000000000000000000e+00 5.000000000000000000e+00 8.081747523021608591e+08 8.081912165937113762e+08 9.815922693776209354e+08 9.815914362039644718e+08 7.675789952278137207e+02 4.100000000000000000e+02 4.050000000000000000e+02
1.800000000000000000e+01 1.000000000000000000e+00 4.000000000000000000e+00 5.000000000000000000e+00 8.081747523021608591e+08 8.081912165937113762e+08 9.815922690873801708e+08 9.815914372938483953e+08 1.020633512020111084e+03 4.040000000000000000e+02 3.990000000000000000e+02
1.900000000000000000e+01 1.000000000000000000e+00 4.000000000000000000e+00 5.000000000000000000e+00 8.787295427163072824e+08 8.787339944525288343e+08 1.034520922997751355e+09 1.034519884213080168e+09 5.711499168872833252e+02 3.490000000000000000e+02 3.450000000000000000e+02
1.900000000000000000e+01 1.000000000000000000e+00 4.000000000000000000e+00 5.000000000000000000e+00 8.787295427163072824e+08 8.787339944525288343e+08 1.021721998894603133e+09 1.021720009462439299e+09 8.618853039741516113e+02 3.780000000000000000e+02 3.740000000000000000e+02
2.000000000000000000e+01 1.000000000000000000e+00 4.000000000000000000e+00 5.000000000000000000e+00 8.486920821973627806e+08 8.486954194389227629e+08 9.824202518126683235e+08 9.824183224947865009e+08 4.816503839492797852e+02 2.740000000000000000e+02 2.690000000000000000e+02
2.000000000000000000e+01 1.000000000000000000e+00 4.000000000000000000e+00 5.000000000000000000e+00 8.486920821973627806e+08 8.486954194389227629e+08 9.824202504513976574e+08 9.824183210678511858e+08 7.563840839862823486e+02 2.660000000000000000e+02 2.610000000000000000e+02
2.100000000000000000e+01 1.000000000000000000e+00 4.000000000000000000e+00 5.000000000000000000e+00 8.425646208444045782e+08 8.425663873870211840e+08 1.033464108521023512e+09 1.033460933865674615e+09 4.415984771251678467e+02 2.640000000000000000e+02 2.600000000000000000e+02
2.100000000000000000e+01 1.000000000000000000e+00 4.000000000000000000e+00 5.000000000000000000e+00 8.425646208444045782e+08 8.425663873870211840e+08 1.033464108519610286e+09 1.033460933865620494e+09 6.163649139404296875e+02 2.640000000000000000e+02 2.600000000000000000e+02
2.200000000000000000e+01 1.000000000000000000e+00 4.000000000000000000e+00 5.000000000000000000e+00 8.670167835704218149e+08 8.670301981793744564e+08 1.016714031597559690e+09 1.016712248846082211e+09 6.087326741218566895e+02 3.260000000000000000e+02 3.220000000000000000e+02
2.200000000000000000e+01 1.000000000000000000e+00 4.000000000000000000e+00 5.000000000000000000e+00 8.670167835704218149e+08 8.670301981793744564e+08 1.016714029110341668e+09 1.016712250210650086e+09 6.849825160503387451e+02 3.220000000000000000e+02 3.180000000000000000e+02
2.300000000000000000e+01 1.000000000000000000e+00 4.000000000000000000e+00 5.000000000000000000e+00 8.274085687483694553e+08 8.274158530622357130e+08 1.010162944921195388e+09 1.010160991989872456e+09 2.881692659854888916e+02 1.580000000000000000e+02 1.540000000000000000e+02
2.300000000000000000e+01 1.000000000000000000e+00 4.000000000000000000e+00 5.000000000000000000e+00 8.274085687483694553e+08 8.274158530622357130e+08 1.010162944921190739e+09 1.010160991989872456e+09 3.854359719753265381e+02 1.580000000000000000e+02 1.540000000000000000e+02
2.400000000000000000e+01 1.000000000000000000e+00 4.000000000000000000e+00 5.000000000000000000e+00 8.270643367233660221e+08 8.270704651123446226e+08 1.004031803649980903e+09 1.004031912251524448e+09 3.884898130893707275e+02 1.870000000000000000e+02 1.830000000000000000e+02
2.400000000000000000e+01 1.000000000000000000e+00 4.000000000000000000e+00 5.000000000000000000e+00 8.270643367233660221e+08 8.270704651123446226e+08 1.004031803650109410e+09 1.004031912251528263e+09 4.666915450096130371e+02 1.870000000000000000e+02 1.830000000000000000e+02
2.500000000000000000e+01 1.000000000000000000e+00 4.000000000000000000e+00 5.000000000000000000e+00 8.254192393565590382e+08 8.254230667294691801e+08 1.003010676119179726e+09 1.003009398607760191e+09 9.544543299674987793e+02 3.820000000000000000e+02 3.780000000000000000e+02
2.500000000000000000e+01 1.000000000000000000e+00 4.000000000000000000e+00 5.000000000000000000e+00 8.254192393565590382e+08 8.254230667294691801e+08 1.003012202750968099e+09 1.003010364170075893e+09 8.713146212100982666e+02 3.520000000000000000e+02 3.480000000000000000e+02
2.600000000000000000e+01 1.000000000000000000e+00 4.000000000000000000e+00 5.000000000000000000e+00 8.341095516421741247e+08 8.341151342213323116e+08 1.010010454064503193e+09 1.010007383678969145e+09 3.528411469459533691e+02 1.420000000000000000e+02 1.380000000000000000e+02
2.600000000000000000e+01 1.000000000000000000e+00 4.000000000000000000e+00 5.000000000000000000e+00 8.341095516421741247e+08 8.341151342213323116e+08 1.010010454064503193e+09 1.010007383678969145e+09 3.417164230346679688e+02 1.420000000000000000e+02 1.380000000000000000e+02
2.700000000000000000e+01 1.000000000000000000e+00 4.000000000000000000e+00 5.000000000000000000e+00 8.448280091984957457e+08 8.448324500774563551e+08 9.970767923352290392e+08 9.970763688817816973e+08 4.857196469306945801e+02 2.070000000000000000e+02 2.030000000000000000e+02
2.700000000000000000e+01 1.000000000000000000e+00 4.000000000000000000e+00 5.000000000000000000e+00 8.448280091984957457e+08 8.448324500774563551e+08 9.970767923352288008e+08 9.970763688817816973e+08 4.960152068138122559e+02 2.070000000000000000e+02 2.030000000000000000e+02
2.800000000000000000e+01 1.000000000000000000e+00 4.000000000000000000e+00 5.000000000000000000e+00 8.588971794474827051e+08 8.589035094907133579e+08 1.001807819733634830e+09 1.001806619629806995e+09 5.240647251605987549e+02 2.060000000000000000e+02 2.020000000000000000e+02
2.800000000000000000e+01 1.000000000000000000e+00 4.000000000000000000e+00 5.000000000000000000e+00 8.588971794474827051e+08 8.589035094907133579e+08 1.001807819733635783e+09 1.001806619629807234e+09 5.232166941165924072e+02 2.060000000000000000e+02 2.020000000000000000e+02
2.900000000000000000e+01 1.000000000000000000e+00 4.000000000000000000e+00 5.000000000000000000e+00 8.684423135368735790e+08 8.684446289827145338e+08 1.012246964940102577e+09 1.012244564435547233e+09 5.773099610805511475e+02 2.320000000000000000e+02 2.280000000000000000e+02
2.900000000000000000e+01 1.000000000000000000e+00 4.000000000000000000e+00 5.000000000000000000e+00 8.684423135368735790e+08 8.684446289827145338e+08 1.012246964954359412e+09 1.012244564437521338e+09 3.888586130142211914e+02 2.320000000000000000e+02 2.280000000000000000e+02
3.000000000000000000e+01 1.000000000000000000e+00 4.000000000000000000e+00 5.000000000000000000e+00 8.538095658862922192e+08 8.538147048743612766e+08 1.013287714092305660e+09 1.013284557872421503e+09 6.277394709587097168e+02 2.380000000000000000e+02 2.340000000000000000e+02
3.000000000000000000e+01 1.000000000000000000e+00 4.000000000000000000e+00 5.000000000000000000e+00 8.538095658862922192e+08 8.538147048743612766e+08 1.013287714092256904e+09 1.013284557872421980e+09 3.909297411441802979e+02 2.380000000000000000e+02 2.340000000000000000e+02
3.100000000000000000e+01 1.000000000000000000e+00 4.000000000000000000e+00 5.000000000000000000e+00 8.234845958994250298e+08 8.234878156682521105e+08 9.995874183139790297e+08 9.995849812502945662e+08 5.439213380813598633e+02 2.110000000000000000e+02 2.070000000000000000e+02
3.100000000000000000e+01 1.000000000000000000e+00 4.000000000000000000e+00 5.000000000000000000e+00 8.234845958994250298e+08 8.234878156682521105e+08 9.995874183098192215e+08 9.995849812497315407e+08 3.748412189483642578e+02 2.110000000000000000e+02 2.070000000000000000e+02
3.200000000000000000e+01 1.000000000000000000e+00 4.000000000000000000e+00 5.000000000000000000e+00 8.386373479890394211e+08 8.386458812748224735e+08 9.999483005483740568e+08 9.999458890061503649e+08 3.949811558723449707e+02 1.530000000000000000e+02 1.490000000000000000e+02
3.200000000000000000e+01 1.000000000000000000e+00 4.000000000000000000e+00 5.000000000000000000e+00 8.386373479890394211e+08 8.386458812748224735e+08 9.999483005483738184e+08 9.999458890061501265e+08 2.768852970600128174e+02 1.530000000000000000e+02 1.490000000000000000e+02
3.300000000000000000e+01 1.000000000000000000e+00 4.000000000000000000e+00 5.000000000000000000e+00 8.284953925953204632e+08 8.285038653605319262e+08 9.997497916355333328e+08 9.997471292578051090e+08 4.883488190174102783e+02 2.160000000000000000e+02 2.110000000000000000e+02
3.300000000000000000e+01 1.000000000000000000e+00 4.000000000000000000e+00 5.000000000000000000e+00 8.284953925953204632e+08 8.285038653605319262e+08 9.997497916357802153e+08 9.997471292580198050e+08 2.896934270858764648e+02 2.260000000000000000e+02 2.210000000000000000e+02
3.400000000000000000e+01 1.000000000000000000e+00 4.000000000000000000e+00 5.000000000000000000e+00 8.286634636958100796e+08 8.286699609873069525e+08 9.990022910720381737e+08 9.990014783468351364e+08 8.443437068462371826e+02 3.450000000000000000e+02 3.400000000000000000e+02
3.400000000000000000e+01 1.000000000000000000e+00 4.000000000000000000e+00 5.000000000000000000e+00 8.286634636958100796e+08 8.286699609873069525e+08 9.990022911031286716e+08 9.990014783774877787e+08 4.365301108360290527e+02 3.450000000000000000e+02 3.400000000000000000e+02
3.500000000000000000e+01 1.000000000000000000e+00 4.000000000000000000e+00 5.000000000000000000e+00 8.111948028508449793e+08 8.111999978772302866e+08 1.013078240988858938e+09 1.013075844624332190e+09 1.048956525087356567e+03 4.130000000000000000e+02 4.080000000000000000e+02
3.500000000000000000e+01 1.000000000000000000e+00 4.000000000000000000e+00 5.000000000000000000e+00 8.111948028508449793e+08 8.111999978772302866e+08 1.013078241056954622e+09 1.013075844605351686e+09 7.864554610252380371e+02 4.280000000000000000e+02 4.230000000000000000e+02
3.600000000000000000e+01 1.000000000000000000e+00 4.000000000000000000e+00 5.000000000000000000e+00 8.516402273869673014e+08 8.516451227003318071e+08 1.000148770595951915e+09 1.000145979342986226e+09 1.409683615922927856e+03 5.670000000000000000e+02 5.630000000000000000e+02
3.600000000000000000e+01 1.000000000000000000e+00 4.000000000000000000e+00 5.000000000000000000e+00 8.516402273869673014e+08 8.516451227003318071e+08 1.000148771201408148e+09 1.000145979292775750e+09 1.017017745018005371e+03 6.390000000000000000e+02 6.350000000000000000e+02
3.700000000000000000e+01 1.000000000000000000e+00 4.000000000000000000e+00 5.000000000000000000e+00 8.878748705692952871e+08 8.878789441614178419e+08 9.983489408000088930e+08 9.983469960142875910e+08 5.464422719478607178e+02 2.000000000000000000e+02 1.960000000000000000e+02
3.700000000000000000e+01 1.000000000000000000e+00 4.000000000000000000e+00 5.000000000000000000e+00 8.878748705692952871e+08 8.878789441614178419e+08 9.983489408001523018e+08 9.983469960142593384e+08 2.594120559692382812e+02 2.000000000000000000e+02 1.960000000000000000e+02
3.800000000000000000e+01 1.000000000000000000e+00 4.000000000000000000e+00 5.000000000000000000e+00 8.272891297160171270e+08 8.272957169869914055e+08 1.008542670690608621e+09 1.008540566374595404e+09 6.699221320152282715e+02 2.530000000000000000e+02 2.490000000000000000e+02
3.800000000000000000e+01 1.000000000000000000e+00 4.000000000000000000e+00 5.000000000000000000e+00 8.272891297160171270e+08 8.272957169869914055e+08 1.008542670599308848e+09 1.008540566372910738e+09 4.651466131210327148e+02 2.530000000000000000e+02 2.490000000000000000e+02
3.900000000000000000e+01 1.000000000000000000e+00 4.000000000000000000e+00 5.000000000000000000e+00 8.466245123714698553e+08 8.466284897350617647e+08 1.009247237744390488e+09 1.009246655060778499e+09 7.316415779590606689e+02 2.840000000000000000e+02 2.790000000000000000e+02
3.900000000000000000e+01 1.000000000000000000e+00 4.000000000000000000e+00 5.000000000000000000e+00 8.466245123714698553e+08 8.466284897350617647e+08 1.009247243986005783e+09 1.009246659446809292e+09 9.781757919788360596e+02 5.900000000000000000e+02 5.850000000000000000e+02
4.000000000000000000e+01 1.000000000000000000e+00 4.000000000000000000e+00 5.000000000000000000e+00 8.514681869738949537e+08 8.514729396365586519e+08 1.004191223806404948e+09 1.004187649212057114e+09 5.133333249092102051e+02 2.310000000000000000e+02 2.270000000000000000e+02
4.000000000000000000e+01 1.000000000000000000e+00 4.000000000000000000e+00 5.000000000000000000e+00 8.514681869738949537e+08 8.514729396365586519e+08 1.004191223806800246e+09 1.004187649212078691e+09 2.985777399539947510e+02 2.310000000000000000e+02 2.270000000000000000e+02
4.100000000000000000e+01 1.000000000000000000e+00 4.000000000000000000e+00 5.000000000000000000e+00 8.549386779972639084e+08 8.549400058416563272e+08 1.015304616911787391e+09 1.015301492910102963e+09 5.732040209770202637e+02 2.430000000000000000e+02 2.380000000000000000e+02
4.100000000000000000e+01 1.000000000000000000e+00 4.000000000000000000e+00 5.000000000000000000e+00 8.549386779972639084e+08 8.549400058416563272e+08 1.015304596735165000e+09 1.015301489898077965e+09 2.565253489017486572e+02 1.670000000000000000e+02 1.620000000000000000e+02
4.200000000000000000e+01 1.000000000000000000e+00 4.000000000000000000e+00 5.000000000000000000e+00 8.664828336407316923e+08 8.664911298094180822e+08 1.008246350957325220e+09 1.008246322407022476e+09 6.424688730239868164e+02 2.520000000000000000e+02 2.480000000000000000e+02
4.200000000000000000e+01 1.000000000000000000e+00 4.000000000000000000e+00 5.000000000000000000e+00 8.664828336407316923e+08 8.664911298094180822e+08 1.008246311447107553e+09 1.008246318067375779e+09 3.253384439945220947e+02 2.470000000000000000e+02 2.430000000000000000e+02
4.300000000000000000e+01 1.000000000000000000e+00 4.000000000000000000e+00 5.000000000000000000e+00 8.224867830647665262e+08 8.224929853605526686e+08 1.016466461740382910e+09 1.016464433027176380e+09 5.574600358009338379e+02 2.210000000000000000e+02 2.160000000000000000e+02
4.300000000000000000e+01 1.000000000000000000e+00 4.000000000000000000e+00 5.000000000000000000e+00 8.224867830647665262e+08 8.224929853605526686e+08 1.016466461727730632e+09 1.016464433029709578e+09 3.000667500495910645e+02 2.310000000000000000e+02 2.260000000000000000e+02
4.400000000000000000e+01 1.000000000000000000e+00 4.000000000000000000e+00 5.000000000000000000e+00 8.556705247222728729e+08 8.556770002635632753e+08 1.009674767364355087e+09 1.009672282419645667e+09 1.641336307048797607e+03 6.500000000000000000e+02 6.460000000000000000e+02
4.400000000000000000e+01 1.000000000000000000e+00 4.000000000000000000e+00 5.000000000000000000e+00 8.556705247222728729e+08 8.556770002635632753e+08 1.009674765959620953e+09 1.009672282491683722e+09 7.679855120182037354e+02 5.820000000000000000e+02 5.780000000000000000e+02
4.500000000000000000e+01 1.000000000000000000e+00 4.000000000000000000e+00 5.000000000000000000e+00 8.556516941213936806e+08 8.556566166014659405e+08 1.021616737863025069e+09 1.021612040726831436e+09 1.335635548114776611e+03 5.600000000000000000e+02 5.560000000000000000e+02
4.500000000000000000e+01 1.000000000000000000e+00 4.000000000000000000e+00 5.000000000000000000e+00 8.556516941213936806e+08 8.556566166014659405e+08 1.021616736546260118e+09 1.021612040786813378e+09 8.092058179378509521e+02 5.420000000000000000e+02 5.380000000000000000e+02
4.600000000000000000e+01 1.000000000000000000e+00 4.000000000000000000e+00 5.000000000000000000e+00 8.425574994422279596e+08 8.425617356034088135e+08 1.010256354793480873e+09 1.010257781226605654e+09 5.425265619754791260e+02 2.370000000000000000e+02 2.320000000000000000e+02
4.600000000000000000e+01 1.000000000000000000e+00 4.000000000000000000e+00 5.000000000000000000e+00 8.425574994422279596e+08 8.425617356034088135e+08 1.011009388270456910e+09 1.011009074970845699e+09 1.207062808990478516e+03 6.760000000000000000e+02 6.710000000000000000e+02
4.700000000000000000e+01 1.000000000000000000e+00 4.000000000000000000e+00 5.000000000000000000e+00 8.351068304747542143e+08 8.351144921386711597e+08 1.004048800048704982e+09 1.004046890550019264e+09 8.499819219112396240e+02 3.370000000000000000e+02 3.330000000000000000e+02
4.700000000000000000e+01 1.000000000000000000e+00 4.000000000000000000e+00 5.000000000000000000e+00 8.351068304747542143e+08 8.351144921386711597e+08 1.003189929005505323e+09 1.003187802149171114e+09 4.429357559680938721e+02 2.980000000000000000e+02 2.940000000000000000e+02
4.800000000000000000e+01 1.000000000000000000e+00 4.000000000000000000e+00 5.000000000000000000e+00 8.371803249190294743e+08 8.371857283273216486e+08 1.016482345189357281e+09 1.016480357542528152e+09 1.070104658126831055e+03 4.330000000000000000e+02 4.290000000000000000e+02
4.800000000000000000e+01 1.000000000000000000e+00 4.000000000000000000e+00 5.000000000000000000e+00 8.371803249190294743e+08 8.371857283273216486e+08 1.016482345838929534e+09 1.016480357523393393e+09 7.393241660594940186e+02 4.270000000000000000e+02 4.230000000000000000e+02
4.900000000000000000e+01 1.000000000000000000e+00 4.000000000000000000e+00 5.000000000000000000e+00 8.504133235109106302e+08 8.504188368799012899e+08 1.010044524343137026e+09 1.010042825046765685e+09 5.976270899772644043e+02 2.430000000000000000e+02 2.390000000000000000e+02
4.900000000000000000e+01 1.000000000000000000e+00 4.000000000000000000e+00 5.000000000000000000e+00 8.504133235109106302e+08 8.504188368799012899e+08 1.010044523333121181e+09 1.010042825017077565e+09 2.900488870143890381e+02 2.150000000000000000e+02 2.110000000000000000e+02
5.000000000000000000e+01 1.000000000000000000e+00 4.000000000000000000e+00 5.000000000000000000e+00 8.354004035377444029e+08 8.354021516109853983e+08 1.008000727647374153e+09 1.007999522418852329e+09 1.690615791082382202e+03 6.790000000000000000e+02 6.750000000000000000e+02
5.000000000000000000e+01 1.000000000000000000e+00 4.000000000000000000e+00 5.000000000000000000e+00 8.354004035377444029e+08 8.354021516109853983e+08 1.005561618488172293e+09 1.005559983279733658e+09 7.254819078445434570e+02 4.810000000000000000e+02 4.760000000000000000e+02
5.100000000000000000e+01 1.000000000000000000e+00 4.000000000000000000e+00 5.000000000000000000e+00 8.532730846862850189e+08 8.532763741518372297e+08 1.015587129413920999e+09 1.015584810380352139e+09 1.041115822076797485e+03 4.190000000000000000e+02 4.150000000000000000e+02
5.100000000000000000e+01 1.000000000000000000e+00 4.000000000000000000e+00 5.000000000000000000e+00 8.532730846862850189e+08 8.532763741518372297e+08 1.015587125904790401e+09 1.015584810396102309e+09 7.554842350482940674e+02 4.750000000000000000e+02 4.710000000000000000e+02
5.200000000000000000e+01 1.000000000000000000e+00 4.000000000000000000e+00 5.000000000000000000e+00 8.443480801298950911e+08 8.443493043751423359e+08 9.953817607461704016e+08 9.953794037150272131e+08 4.500892930030822754e+02 1.740000000000000000e+02 1.700000000000000000e+02
5.200000000000000000e+01 1.000000000000000000e+00 4.000000000000000000e+00 5.000000000000000000e+00 8.443480801298950911e+08 8.443493043751423359e+08 9.953817607461488247e+08 9.953794037150249481e+08 3.000244951248168945e+02 1.740000000000000000e+02 1.700000000000000000e+02
# # run number, exp fac, ti calc, ti opt, aep init calc (kW), aep init opt (kW), aep run calc (kW), aep run opt (kW), run time (s), obj func calls, sens func calls
0.000000000000000000e+00 1.000000000000000000e+00 4.000000000000000000e+00 5.000000000000000000e+00 9.698615658924242258e+08 9.698636292384606600e+08 1.045396340555560589e+09 1.045395658800180674e+09 1.786512508392333984e+02 1.090000000000000000e+02 1.050000000000000000e+02
1.000000000000000000e+00 1.000000000000000000e+00 4.000000000000000000e+00 5.000000000000000000e+00 8.194714595797584057e+08 8.194756368407497406e+08 9.938125309283946753e+08 9.938108888897435665e+08 5.627959280014038086e+02 3.080000000000000000e+02 3.040000000000000000e+02
2.000000000000000000e+00 1.000000000000000000e+00 4.000000000000000000e+00 5.000000000000000000e+00 8.146508322264180183e+08 8.146629194193730354e+08 9.985878001011601686e+08 9.985857573854851723e+08 4.546500408649444580e+02 2.390000000000000000e+02 2.340000000000000000e+02
3.000000000000000000e+00 1.000000000000000000e+00 4.000000000000000000e+00 5.000000000000000000e+00 8.685256195739291906e+08 8.685266695998095274e+08 1.010776916797721148e+09 1.010774407555894136e+09 4.284083459377288818e+02 2.340000000000000000e+02 2.290000000000000000e+02
4.000000000000000000e+00 1.000000000000000000e+00 4.000000000000000000e+00 5.000000000000000000e+00 8.614953989516531229e+08 8.614995187680881023e+08 9.946657429586175680e+08 9.946632827119777203e+08 4.090935490131378174e+02 2.160000000000000000e+02 2.120000000000000000e+02
5.000000000000000000e+00 1.000000000000000000e+00 4.000000000000000000e+00 5.000000000000000000e+00 8.323195805467363596e+08 8.323277450447957516e+08 1.003578061732775211e+09 1.003575895800006747e+09 7.997866880893707275e+02 4.650000000000000000e+02 4.600000000000000000e+02
6.000000000000000000e+00 1.000000000000000000e+00 4.000000000000000000e+00 5.000000000000000000e+00 8.298717600765730143e+08 8.298774944782991409e+08 1.005825030010455012e+09 1.005820391152327538e+09 1.002531453847885132e+03 5.970000000000000000e+02 5.930000000000000000e+02
7.000000000000000000e+00 1.000000000000000000e+00 4.000000000000000000e+00 5.000000000000000000e+00 8.463316318084439039e+08 8.463384401675078869e+08 1.015906602408257723e+09 1.015904759572679281e+09 2.513551020622253418e+02 1.680000000000000000e+02 1.640000000000000000e+02
8.000000000000000000e+00 1.000000000000000000e+00 4.000000000000000000e+00 5.000000000000000000e+00 8.365283213574746847e+08 8.365302540921528339e+08 1.018918547532542944e+09 1.018914620421825528e+09 3.269717111587524414e+02 1.750000000000000000e+02 1.710000000000000000e+02
9.000000000000000000e+00 1.000000000000000000e+00 4.000000000000000000e+00 5.000000000000000000e+00 8.243563440019340515e+08 8.243609146601084471e+08 1.018836643331121206e+09 1.018832435217036247e+09 3.989778108596801758e+02 2.040000000000000000e+02 2.000000000000000000e+02
1.000000000000000000e+01 1.000000000000000000e+00 4.000000000000000000e+00 5.000000000000000000e+00 8.557321452490423918e+08 8.557359245158380270e+08 1.016605863714785337e+09 1.016603238385579109e+09 4.004165601730346680e+02 2.110000000000000000e+02 2.070000000000000000e+02
1.100000000000000000e+01 1.000000000000000000e+00 4.000000000000000000e+00 5.000000000000000000e+00 8.218779721089138985e+08 8.218809407288651466e+08 1.006291400646359921e+09 1.006288716745106101e+09 6.234801950454711914e+02 2.990000000000000000e+02 2.950000000000000000e+02
1.200000000000000000e+01 1.000000000000000000e+00 4.000000000000000000e+00 5.000000000000000000e+00 8.560055923708398342e+08 8.560082094328763485e+08 9.975027244953968525e+08 9.975015978014678955e+08 5.650612277984619141e+02 3.270000000000000000e+02 3.220000000000000000e+02
1.300000000000000000e+01 1.000000000000000000e+00 4.000000000000000000e+00 5.000000000000000000e+00 7.985456457433402538e+08 7.985507983048050404e+08 1.004000345767150402e+09 1.004000239538127303e+09 6.072412800788879395e+02 2.920000000000000000e+02 2.870000000000000000e+02
1.400000000000000000e+01 1.000000000000000000e+00 4.000000000000000000e+00 5.000000000000000000e+00 8.173470097511314154e+08 8.173485402034845352e+08 1.017620439556898117e+09 1.017617461119467616e+09 7.625590300559997559e+02 3.690000000000000000e+02 3.650000000000000000e+02
1.500000000000000000e+01 1.000000000000000000e+00 4.000000000000000000e+00 5.000000000000000000e+00 8.186882617099429369e+08 8.186893811894633770e+08 1.009618705540650606e+09 1.009617921889286757e+09 6.980475039482116699e+02 3.220000000000000000e+02 3.170000000000000000e+02
1.600000000000000000e+01 1.000000000000000000e+00 4.000000000000000000e+00 5.000000000000000000e+00 8.609993543305261135e+08 8.610034999606968164e+08 1.017590393476053357e+09 1.017586942148733377e+09 3.805161831378936768e+02 1.760000000000000000e+02 1.720000000000000000e+02
1.700000000000000000e+01 1.000000000000000000e+00 4.000000000000000000e+00 5.000000000000000000e+00 8.320884566734415293e+08 8.320943145394431353e+08 9.927851247698546648e+08 9.927823453169223070e+08 9.639158201217651367e+02 4.490000000000000000e+02 4.440000000000000000e+02
1.800000000000000000e+01 1.000000000000000000e+00 4.000000000000000000e+00 5.000000000000000000e+00 8.081747523021608591e+08 8.081912165937113762e+08 9.815922693776209354e+08 9.815914362039644718e+08 7.675789952278137207e+02 4.100000000000000000e+02 4.050000000000000000e+02
1.900000000000000000e+01 1.000000000000000000e+00 4.000000000000000000e+00 5.000000000000000000e+00 8.787295427163072824e+08 8.787339944525288343e+08 1.034520922997751355e+09 1.034519884213080168e+09 5.711499168872833252e+02 3.490000000000000000e+02 3.450000000000000000e+02
2.000000000000000000e+01 1.000000000000000000e+00 4.000000000000000000e+00 5.000000000000000000e+00 8.486920821973627806e+08 8.486954194389227629e+08 9.824202518126683235e+08 9.824183224947865009e+08 4.816503839492797852e+02 2.740000000000000000e+02 2.690000000000000000e+02
2.100000000000000000e+01 1.000000000000000000e+00 4.000000000000000000e+00 5.000000000000000000e+00 8.425646208444045782e+08 8.425663873870211840e+08 1.033464108521023512e+09 1.033460933865674615e+09 4.415984771251678467e+02 2.640000000000000000e+02 2.600000000000000000e+02
2.200000000000000000e+01 1.000000000000000000e+00 4.000000000000000000e+00 5.000000000000000000e+00 8.670167835704218149e+08 8.670301981793744564e+08 1.016714031597559690e+09 1.016712248846082211e+09 6.087326741218566895e+02 3.260000000000000000e+02 3.220000000000000000e+02
2.300000000000000000e+01 1.000000000000000000e+00 4.000000000000000000e+00 5.000000000000000000e+00 8.274085687483694553e+08 8.274158530622357130e+08 1.010162944921195388e+09 1.010160991989872456e+09 2.881692659854888916e+02 1.580000000000000000e+02 1.540000000000000000e+02
2.400000000000000000e+01 1.000000000000000000e+00 4.000000000000000000e+00 5.000000000000000000e+00 8.270643367233660221e+08 8.270704651123446226e+08 1.004031803649980903e+09 1.004031912251524448e+09 3.884898130893707275e+02 1.870000000000000000e+02 1.830000000000000000e+02
2.500000000000000000e+01 1.000000000000000000e+00 4.000000000000000000e+00 5.000000000000000000e+00 8.254192393565590382e+08 8.254230667294691801e+08 1.003010676119179726e+09 1.003009398607760191e+09 9.544543299674987793e+02 3.820000000000000000e+02 3.780000000000000000e+02
2.600000000000000000e+01 1.000000000000000000e+00 4.000000000000000000e+00 5.000000000000000000e+00 8.341095516421741247e+08 8.341151342213323116e+08 1.010010454064503193e+09 1.010007383678969145e+09 3.528411469459533691e+02 1.420000000000000000e+02 1.380000000000000000e+02
2.700000000000000000e+01 1.000000000000000000e+00 4.000000000000000000e+00 5.000000000000000000e+00 8.448280091984957457e+08 8.448324500774563551e+08 9.970767923352290392e+08 9.970763688817816973e+08 4.857196469306945801e+02 2.070000000000000000e+02 2.030000000000000000e+02
2.800000000000000000e+01 1.000000000000000000e+00 4.000000000000000000e+00 5.000000000000000000e+00 8.588971794474827051e+08 8.589035094907133579e+08 1.001807819733634830e+09 1.001806619629806995e+09 5.240647251605987549e+02 2.060000000000000000e+02 2.020000000000000000e+02
2.900000000000000000e+01 1.000000000000000000e+00 4.000000000000000000e+00 5.000000000000000000e+00 8.684423135368735790e+08 8.684446289827145338e+08 1.012246964940102577e+09 1.012244564435547233e+09 5.773099610805511475e+02 2.320000000000000000e+02 2.280000000000000000e+02
3.000000000000000000e+01 1.000000000000000000e+00 4.000000000000000000e+00 5.000000000000000000e+00 8.538095658862922192e+08 8.538147048743612766e+08 1.013287714092305660e+09 1.013284557872421503e+09 6.277394709587097168e+02 2.380000000000000000e+02 2.340000000000000000e+02
3.100000000000000000e+01 1.000000000000000000e+00 4.000000000000000000e+00 5.000000000000000000e+00 8.234845958994250298e+08 8.234878156682521105e+08 9.995874183139790297e+08 9.995849812502945662e+08 5.439213380813598633e+02 2.110000000000000000e+02 2.070000000000000000e+02
3.200000000000000000e+01 1.000000000000000000e+00 4.000000000000000000e+00 5.000000000000000000e+00 8.386373479890394211e+08 8.386458812748224735e+08 9.999483005483740568e+08 9.999458890061503649e+08 3.949811558723449707e+02 1.530000000000000000e+02 1.490000000000000000e+02
3.300000000000000000e+01 1.000000000000000000e+00 4.000000000000000000e+00 5.000000000000000000e+00 8.284953925953204632e+08 8.285038653605319262e+08 9.997497916355333328e+08 9.997471292578051090e+08 4.883488190174102783e+02 2.160000000000000000e+02 2.110000000000000000e+02
3.400000000000000000e+01 1.000000000000000000e+00 4.000000000000000000e+00 5.000000000000000000e+00 8.286634636958100796e+08 8.286699609873069525e+08 9.990022910720381737e+08 9.990014783468351364e+08 8.443437068462371826e+02 3.450000000000000000e+02 3.400000000000000000e+02
3.500000000000000000e+01 1.000000000000000000e+00 4.000000000000000000e+00 5.000000000000000000e+00 8.111948028508449793e+08 8.111999978772302866e+08 1.013078240988858938e+09 1.013075844624332190e+09 1.048956525087356567e+03 4.130000000000000000e+02 4.080000000000000000e+02
3.600000000000000000e+01 1.000000000000000000e+00 4.000000000000000000e+00 5.000000000000000000e+00 8.516402273869673014e+08 8.516451227003318071e+08 1.000148770595951915e+09 1.000145979342986226e+09 1.409683615922927856e+03 5.670000000000000000e+02 5.630000000000000000e+02
3.700000000000000000e+01 1.000000000000000000e+00 4.000000000000000000e+00 5.000000000000000000e+00 8.878748705692952871e+08 8.878789441614178419e+08 9.983489408000088930e+08 9.983469960142875910e+08 5.464422719478607178e+02 2.000000000000000000e+02 1.960000000000000000e+02
3.800000000000000000e+01 1.000000000000000000e+00 4.000000000000000000e+00 5.000000000000000000e+00 8.272891297160171270e+08 8.272957169869914055e+08 1.008542670690608621e+09 1.008540566374595404e+09 6.699221320152282715e+02 2.530000000000000000e+02 2.490000000000000000e+02
3.900000000000000000e+01 1.000000000000000000e+00 4.000000000000000000e+00 5.000000000000000000e+00 8.466245123714698553e+08 8.466284897350617647e+08 1.009247237744390488e+09 1.009246655060778499e+09 7.316415779590606689e+02 2.840000000000000000e+02 2.790000000000000000e+02
4.000000000000000000e+01 1.000000000000000000e+00 4.000000000000000000e+00 5.000000000000000000e+00 8.514681869738949537e+08 8.514729396365586519e+08 1.004191223806404948e+09 1.004187649212057114e+09 5.133333249092102051e+02 2.310000000000000000e+02 2.270000000000000000e+02
4.100000000000000000e+01 1.000000000000000000e+00 4.000000000000000000e+00 5.000000000000000000e+00 8.549386779972639084e+08 8.549400058416563272e+08 1.015304616911787391e+09 1.015301492910102963e+09 5.732040209770202637e+02 2.430000000000000000e+02 2.380000000000000000e+02
4.200000000000000000e+01 1.000000000000000000e+00 4.000000000000000000e+00 5.000000000000000000e+00 8.664828336407316923e+08 8.664911298094180822e+08 1.008246350957325220e+09 1.008246322407022476e+09 6.424688730239868164e+02 2.520000000000000000e+02 2.480000000000000000e+02
4.300000000000000000e+01 1.000000000000000000e+00 4.000000000000000000e+00 5.000000000000000000e+00 8.224867830647665262e+08 8.224929853605526686e+08 1.016466461740382910e+09 1.016464433027176380e+09 5.574600358009338379e+02 2.210000000000000000e+02 2.160000000000000000e+02
4.400000000000000000e+01 1.000000000000000000e+00 4.000000000000000000e+00 5.000000000000000000e+00 8.556705247222728729e+08 8.556770002635632753e+08 1.009674767364355087e+09 1.009672282419645667e+09 1.641336307048797607e+03 6.500000000000000000e+02 6.460000000000000000e+02
4.500000000000000000e+01 1.000000000000000000e+00 4.000000000000000000e+00 5.000000000000000000e+00 8.556516941213936806e+08 8.556566166014659405e+08 1.021616737863025069e+09 1.021612040726831436e+09 1.335635548114776611e+03 5.600000000000000000e+02 5.560000000000000000e+02
4.600000000000000000e+01 1.000000000000000000e+00 4.000000000000000000e+00 5.000000000000000000e+00 8.425574994422279596e+08 8.425617356034088135e+08 1.010256354793480873e+09 1.010257781226605654e+09 5.425265619754791260e+02 2.370000000000000000e+02 2.320000000000000000e+02
4.700000000000000000e+01 1.000000000000000000e+00 4.000000000000000000e+00 5.000000000000000000e+00 8.351068304747542143e+08 8.351144921386711597e+08 1.004048800048704982e+09 1.004046890550019264e+09 8.499819219112396240e+02 3.370000000000000000e+02 3.330000000000000000e+02
4.800000000000000000e+01 1.000000000000000000e+00 4.000000000000000000e+00 5.000000000000000000e+00 8.371803249190294743e+08 8.371857283273216486e+08 1.016482345189357281e+09 1.016480357542528152e+09 1.070104658126831055e+03 4.330000000000000000e+02 4.290000000000000000e+02
4.900000000000000000e+01 1.000000000000000000e+00 4.000000000000000000e+00 5.000000000000000000e+00 8.504133235109106302e+08 8.504188368799012899e+08 1.010044524343137026e+09 1.010042825046765685e+09 5.976270899772644043e+02 2.430000000000000000e+02 2.390000000000000000e+02
5.000000000000000000e+01 1.000000000000000000e+00 4.000000000000000000e+00 5.000000000000000000e+00 8.354004035377444029e+08 8.354021516109853983e+08 1.008000727647374153e+09 1.007999522418852329e+09 1.690615791082382202e+03 6.790000000000000000e+02 6.750000000000000000e+02
5.100000000000000000e+01 1.000000000000000000e+00 4.000000000000000000e+00 5.000000000000000000e+00 8.532730846862850189e+08 8.532763741518372297e+08 1.015587129413920999e+09 1.015584810380352139e+09 1.041115822076797485e+03 4.190000000000000000e+02 4.150000000000000000e+02
5.200000000000000000e+01 1.000000000000000000e+00 4.000000000000000000e+00 5.000000000000000000e+00 8.443480801298950911e+08 8.443493043751423359e+08 9.953817607461704016e+08 9.953794037150272131e+08 4.500892930030822754e+02 1.740000000000000000e+02 1.700000000000000000e+02
5.300000000000000000e+01 1.000000000000000000e+00 4.000000000000000000e+00 5.000000000000000000e+00 8.274728274846398830e+08 8.274759628211290836e+08 9.988772155734030008e+08 9.988791252732892036e+08 3.025347606801986694e+04 2.107400000000000000e+04 2.106900000000000000e+04
5.400000000000000000e+01 1.000000000000000000e+00 4.000000000000000000e+00 5.000000000000000000e+00 8.421817444442266226e+08 8.421873826531558037e+08 1.008981674544426203e+09 1.008981303650146604e+09 4.961503021717071533e+02 1.930000000000000000e+02 1.890000000000000000e+02
5.500000000000000000e+01 1.000000000000000000e+00 4.000000000000000000e+00 5.000000000000000000e+00 8.604110876268893480e+08 8.604191521959981918e+08 1.001119100142416954e+09 1.001117801968206048e+09 4.825044240951538086e+02 1.930000000000000000e+02 1.890000000000000000e+02
5.600000000000000000e+01 1.000000000000000000e+00 4.000000000000000000e+00 5.000000000000000000e+00 8.479021430069785118e+08 8.479079335828505754e+08 1.004875345445780158e+09 1.004874678269352674e+09 5.594558279514312744e+02 2.170000000000000000e+02 2.130000000000000000e+02
5.700000000000000000e+01 1.000000000000000000e+00 4.000000000000000000e+00 5.000000000000000000e+00 8.695442937174164057e+08 8.695488393793419600e+08 1.008307821156875730e+09 1.008306946031760454e+09 7.935640721321105957e+02 3.220000000000000000e+02 3.170000000000000000e+02
5.800000000000000000e+01 1.000000000000000000e+00 4.000000000000000000e+00 5.000000000000000000e+00 8.482931324209785461e+08 8.482932240126162767e+08 1.015536429876837611e+09 1.015535115710099459e+09 5.969031279087066650e+02 2.390000000000000000e+02 2.350000000000000000e+02
5.900000000000000000e+01 1.000000000000000000e+00 4.000000000000000000e+00 5.000000000000000000e+00 8.354176210794137716e+08 8.354215716244658232e+08 1.001788779484093189e+09 1.001786079394603014e+09 5.686019771099090576e+02 2.240000000000000000e+02 2.200000000000000000e+02
6.000000000000000000e+01 1.000000000000000000e+00 4.000000000000000000e+00 5.000000000000000000e+00 8.463994723831051588e+08 8.464029368997366428e+08 1.002218350469715953e+09 1.002218538344549179e+09 1.947459409952163696e+03 7.750000000000000000e+02 7.700000000000000000e+02
6.100000000000000000e+01 1.000000000000000000e+00 4.000000000000000000e+00 5.000000000000000000e+00 8.733558113068070412e+08 8.733587094228169918e+08 1.016652010455850363e+09 1.016648829371398807e+09 4.426806499958038330e+02 1.830000000000000000e+02 1.790000000000000000e+02
6.200000000000000000e+01 1.000000000000000000e+00 4.000000000000000000e+00 5.000000000000000000e+00 8.767687650739015341e+08 8.767707246725932360e+08 1.016990025640052438e+09 1.016987712847016454e+09 8.569134428501129150e+02 3.410000000000000000e+02 3.360000000000000000e+02
6.300000000000000000e+01 1.000000000000000000e+00 4.000000000000000000e+00 5.000000000000000000e+00 8.410134353692523241e+08 8.410264413500802517e+08 1.000931061783487678e+09 1.000927965247702003e+09 4.808459379673004150e+02 1.900000000000000000e+02 1.860000000000000000e+02
6.400000000000000000e+01 1.000000000000000000e+00 4.000000000000000000e+00 5.000000000000000000e+00 8.021904889360206127e+08 8.021924792533981800e+08 1.014308014043760300e+09 1.014306197882093310e+09 7.022574770450592041e+02 2.760000000000000000e+02 2.720000000000000000e+02
6.500000000000000000e+01 1.000000000000000000e+00 4.000000000000000000e+00 5.000000000000000000e+00 8.228700611573141813e+08 8.228700052613980770e+08 9.917962480987234116e+08 9.917948818340873718e+08 6.126602480411529541e+02 2.310000000000000000e+02 2.270000000000000000e+02
6.600000000000000000e+01 1.000000000000000000e+00 4.000000000000000000e+00 5.000000000000000000e+00 8.779487061911865473e+08 8.779532276826735735e+08 1.020266442991837263e+09 1.020260664820588231e+09 3.418650419712066650e+02 1.470000000000000000e+02 1.430000000000000000e+02
6.700000000000000000e+01 1.000000000000000000e+00 4.000000000000000000e+00 5.000000000000000000e+00 8.549296996640331745e+08 8.549327642225022316e+08 1.023502615976912379e+09 1.023500698741589546e+09 4.595437250137329102e+02 1.960000000000000000e+02 1.920000000000000000e+02
6.800000000000000000e+01 1.000000000000000000e+00 4.000000000000000000e+00 5.000000000000000000e+00 8.504144907276262045e+08 8.504159120454137325e+08 9.932716992839804888e+08 9.932690948128216267e+08 7.617664139270782471e+02 3.120000000000000000e+02 3.070000000000000000e+02
6.900000000000000000e+01 1.000000000000000000e+00 4.000000000000000000e+00 5.000000000000000000e+00 8.319618934039030075e+08 8.319740357291696072e+08 1.022093216015461683e+09 1.022092392163574815e+09 4.976830830574035645e+02 2.070000000000000000e+02 2.030000000000000000e+02
7.000000000000000000e+01 1.000000000000000000e+00 4.000000000000000000e+00 5.000000000000000000e+00 8.296933862871264219e+08 8.296980097762506008e+08 1.015969878058582664e+09 1.015966699556549311e+09 5.847599358558654785e+02 2.360000000000000000e+02 2.320000000000000000e+02
7.100000000000000000e+01 1.000000000000000000e+00 4.000000000000000000e+00 5.000000000000000000e+00 8.072958911371517181e+08 8.072983958188654184e+08 1.010871853709711075e+09 1.010867616735854745e+09 5.679473781585693359e+02 2.220000000000000000e+02 2.180000000000000000e+02
7.200000000000000000e+01 1.000000000000000000e+00 4.000000000000000000e+00 5.000000000000000000e+00 8.567101505945761204e+08 8.567212194690873623e+08 1.010790164054544687e+09 1.010787472131196499e+09 2.225841023921966553e+03 9.330000000000000000e+02 9.280000000000000000e+02
7.300000000000000000e+01 1.000000000000000000e+00 4.000000000000000000e+00 5.000000000000000000e+00 8.469303012580233812e+08 8.469328577799131870e+08 1.004870131303330183e+09 1.004869076993116260e+09 4.057751920223236084e+02 1.660000000000000000e+02 1.620000000000000000e+02
7.400000000000000000e+01 1.000000000000000000e+00 4.000000000000000000e+00 5.000000000000000000e+00 8.705082738554171324e+08 8.705103094424144030e+08 1.007629253154046178e+09 1.007627041389698029e+09 1.043010347127914429e+03 4.430000000000000000e+02 4.380000000000000000e+02
7.500000000000000000e+01 1.000000000000000000e+00 4.000000000000000000e+00 5.000000000000000000e+00 8.631938610894165039e+08 8.631957866868233681e+08 1.013492338836848617e+09 1.013486980298358679e+09 8.868097910881042480e+02 3.630000000000000000e+02 3.580000000000000000e+02
7.600000000000000000e+01 1.000000000000000000e+00 4.000000000000000000e+00 5.000000000000000000e+00 8.381428882040333748e+08 8.381463722461704016e+08 1.010148093334699273e+09 1.010146313991951585e+09 6.089375669956207275e+02 2.440000000000000000e+02 2.400000000000000000e+02
7.700000000000000000e+01 1.000000000000000000e+00 4.000000000000000000e+00 5.000000000000000000e+00 8.608066137368091345e+08 8.608130202006344795e+08 1.011663067399084568e+09 1.011661016326537967e+09 4.585514910221099854e+02 1.860000000000000000e+02 1.820000000000000000e+02
7.800000000000000000e+01 1.000000000000000000e+00 4.000000000000000000e+00 5.000000000000000000e+00 8.556912198022953272e+08 8.556921785785440207e+08 1.001314036432837009e+09 1.001310185646198630e+09 1.704235577106475830e+03 6.880000000000000000e+02 6.840000000000000000e+02
7.900000000000000000e+01 1.000000000000000000e+00 4.000000000000000000e+00 5.000000000000000000e+00 8.444206187175035477e+08 8.444262691407210827e+08 9.877975318261642456e+08 9.880356818000057936e+08 8.352894241809844971e+02 3.220000000000000000e+02 3.170000000000000000e+02
8.000000000000000000e+01 1.000000000000000000e+00 4.000000000000000000e+00 5.000000000000000000e+00 7.986325969670503139e+08 7.986373671225185394e+08 9.973420146101323366e+08 9.973378512102764845e+08 9.123737661838531494e+02 3.380000000000000000e+02 3.340000000000000000e+02
8.100000000000000000e+01 1.000000000000000000e+00 4.000000000000000000e+00 5.000000000000000000e+00 8.806694437303922176e+08 8.806730986729470491e+08 1.001413313914168954e+09 1.001413433653872609e+09 3.998658590316772461e+02 1.720000000000000000e+02 1.670000000000000000e+02
8.200000000000000000e+01 1.000000000000000000e+00 4.000000000000000000e+00 5.000000000000000000e+00 8.633017477252711058e+08 8.633091898926885128e+08 1.001582960553374410e+09 1.001579669006337881e+09 7.030871179103851318e+02 2.840000000000000000e+02 2.790000000000000000e+02
8.300000000000000000e+01 1.000000000000000000e+00 4.000000000000000000e+00 5.000000000000000000e+00 8.585853578744139671e+08 8.585882927106091976e+08 1.013659275717399240e+09 1.013656714011752129e+09 5.705053200721740723e+02 2.310000000000000000e+02 2.270000000000000000e+02
8.400000000000000000e+01 1.000000000000000000e+00 4.000000000000000000e+00 5.000000000000000000e+00 8.640404867682110071e+08 8.640416674029777050e+08 1.000625202102367401e+09 1.000623820023118854e+09 3.083171029090881348e+02 2.360000000000000000e+02 2.310000000000000000e+02
8.500000000000000000e+01 1.000000000000000000e+00 4.000000000000000000e+00 5.000000000000000000e+00 8.394886725133798122e+08 8.394909363200497627e+08 9.909275818281661272e+08 9.909252985317256451e+08 2.845478758811950684e+02 2.120000000000000000e+02 2.080000000000000000e+02
8.600000000000000000e+01 1.000000000000000000e+00 4.000000000000000000e+00 5.000000000000000000e+00 8.079617620372545719e+08 8.079653238311530352e+08 9.854497067630701065e+08 9.854483604302695990e+08 3.194009280204772949e+02 2.380000000000000000e+02 2.340000000000000000e+02
8.700000000000000000e+01 1.000000000000000000e+00 4.000000000000000000e+00 5.000000000000000000e+00 8.660608577068672180e+08 8.660645628434890509e+08 1.013594630559533596e+09 1.013593648322609901e+09 4.522401938438415527e+02 3.640000000000000000e+02 3.600000000000000000e+02
8.800000000000000000e+01 1.000000000000000000e+00 4.000000000000000000e+00 5.000000000000000000e+00 8.455889002564339638e+08 8.455900857378656864e+08 1.004665647353560209e+09 1.004661782314486265e+09 6.663846299648284912e+02 5.200000000000000000e+02 5.150000000000000000e+02
8.900000000000000000e+01 1.000000000000000000e+00 4.000000000000000000e+00 5.000000000000000000e+00 8.445436286177604198e+08 8.445494737596185207e+08 1.007694143889559865e+09 1.007692434281727672e+09 3.911843528747558594e+02 3.030000000000000000e+02 2.980000000000000000e+02
9.000000000000000000e+01 1.000000000000000000e+00 4.000000000000000000e+00 5.000000000000000000e+00 8.507844571426104307e+08 8.507957465823206902e+08 1.012789994625522971e+09 1.012788530351227999e+09 2.597956659793853760e+02 1.960000000000000000e+02 1.920000000000000000e+02
9.100000000000000000e+01 1.000000000000000000e+00 4.000000000000000000e+00 5.000000000000000000e+00 8.658513153807935715e+08 8.658548189480801821e+08 1.014600262271530747e+09 1.014598459148778915e+09 5.350530581474304199e+02 4.310000000000000000e+02 4.270000000000000000e+02
9.200000000000000000e+01 1.000000000000000000e+00 4.000000000000000000e+00 5.000000000000000000e+00 8.423473411852046251e+08 8.423512707702683210e+08 1.016885362729345679e+09 1.016884301117036700e+09 3.534027020931243896e+02 2.490000000000000000e+02 2.440000000000000000e+02
9.300000000000000000e+01 1.000000000000000000e+00 4.000000000000000000e+00 5.000000000000000000e+00 8.670246299001529217e+08 8.670266077154455185e+08 1.003243896735910654e+09 1.003242310552089334e+09 5.603773410320281982e+02 3.050000000000000000e+02 3.010000000000000000e+02
9.400000000000000000e+01 1.000000000000000000e+00 4.000000000000000000e+00 5.000000000000000000e+00 8.391614823150572777e+08 8.391668032690728903e+08 1.012789488764843106e+09 1.012788776747843742e+09 5.138620839118957520e+02 2.800000000000000000e+02 2.760000000000000000e+02
9.500000000000000000e+01 1.000000000000000000e+00 4.000000000000000000e+00 5.000000000000000000e+00 8.415831324356746674e+08 8.415870962122088671e+08 1.001173702284627676e+09 1.001171733773266196e+09 4.357297251224517822e+02 2.680000000000000000e+02 2.640000000000000000e+02
9.600000000000000000e+01 1.000000000000000000e+00 4.000000000000000000e+00 5.000000000000000000e+00 8.740710684979684353e+08 8.740826890825518370e+08 1.012464709016366124e+09 1.012462248219708800e+09 3.109327189922332764e+02 1.880000000000000000e+02 1.840000000000000000e+02
9.700000000000000000e+01 1.000000000000000000e+00 4.000000000000000000e+00 5.000000000000000000e+00 8.485294131684621572e+08 8.485365787093660831e+08 1.019327972812064052e+09 1.019324233281739593e+09 3.190779659748077393e+02 1.850000000000000000e+02 1.810000000000000000e+02
9.800000000000000000e+01 1.000000000000000000e+00 4.000000000000000000e+00 5.000000000000000000e+00 8.380290428168706894e+08 8.380341285349658728e+08 1.004931745255997777e+09 1.004930642552306294e+09 1.597205316066741943e+03 9.230000000000000000e+02 9.180000000000000000e+02
9.900000000000000000e+01 1.000000000000000000e+00 4.000000000000000000e+00 5.000000000000000000e+00 8.664581959491130114e+08 8.664615682854396105e+08 1.003655055210294724e+09 1.003650660388694286e+09 2.974400420188903809e+02 1.700000000000000000e+02 1.660000000000000000e+02
1.000000000000000000e+02 1.000000000000000000e+00 4.000000000000000000e+00 5.000000000000000000e+00 8.641871976731992960e+08 8.641943531787301302e+08 1.015345625125944257e+09 1.015343834857664585e+09 5.960034189224243164e+02 3.220000000000000000e+02 3.180000000000000000e+02
1.010000000000000000e+02 1.000000000000000000e+00 4.000000000000000000e+00 5.000000000000000000e+00 8.540074655855624676e+08 8.540126427869557142e+08 1.007733991809777379e+09 1.007731826806073427e+09 6.111439030170440674e+02 3.550000000000000000e+02 3.510000000000000000e+02
1.020000000000000000e+02 1.000000000000000000e+00 4.000000000000000000e+00 5.000000000000000000e+00 8.510471408309223652e+08 8.510529640007900000e+08 1.008169103071192503e+09 1.008165577229680657e+09 2.590060799121856689e+02 2.000000000000000000e+02 1.960000000000000000e+02
1.030000000000000000e+02 1.000000000000000000e+00 4.000000000000000000e+00 5.000000000000000000e+00 8.144540197758656740e+08 8.144596725341955423e+08 1.009955044677377462e+09 1.009951099555761218e+09 5.606674010753631592e+02 3.750000000000000000e+02 3.710000000000000000e+02
1.040000000000000000e+02 1.000000000000000000e+00 4.000000000000000000e+00 5.000000000000000000e+00 8.795416069797778130e+08 8.795448849989476204e+08 1.016116103794013858e+09 1.016114766802177429e+09 2.910914380550384521e+02 2.310000000000000000e+02 2.270000000000000000e+02
1.050000000000000000e+02 1.000000000000000000e+00 4.000000000000000000e+00 5.000000000000000000e+00 8.689813470572868586e+08 8.689821558054745197e+08 1.017262210936908364e+09 1.017256707657867074e+09 2.882559409141540527e+02 2.310000000000000000e+02 2.270000000000000000e+02
1.060000000000000000e+02 1.000000000000000000e+00 4.000000000000000000e+00 5.000000000000000000e+00 8.052252833690915108e+08 8.052265364799145460e+08 1.010643309971623302e+09 1.010641978030234575e+09 4.596120650768280029e+02 3.520000000000000000e+02 3.480000000000000000e+02
1.070000000000000000e+02 1.000000000000000000e+00 4.000000000000000000e+00 5.000000000000000000e+00 8.578936777744432688e+08 8.578933770483763218e+08 1.002126071408031106e+09 1.002125512013636231e+09 5.110238740444183350e+02 4.010000000000000000e+02 3.960000000000000000e+02
1.080000000000000000e+02 1.000000000000000000e+00 4.000000000000000000e+00 5.000000000000000000e+00 8.576946363018790483e+08 8.576970742563893795e+08 1.010104076668729305e+09 1.010099806521898150e+09 2.864180660247802734e+02 2.250000000000000000e+02 2.210000000000000000e+02
1.090000000000000000e+02 1.000000000000000000e+00 4.000000000000000000e+00 5.000000000000000000e+00 8.052256396451904774e+08 8.052368046008111238e+08 9.948950609767876863e+08 9.948928836375725269e+08 4.883033158779144287e+02 2.580000000000000000e+02 2.540000000000000000e+02
1.100000000000000000e+02 1.000000000000000000e+00 4.000000000000000000e+00 5.000000000000000000e+00 8.277425931573090553e+08 8.277492472255986929e+08 1.024151434619488955e+09 1.024150799449326634e+09 7.126171100139617920e+02 4.180000000000000000e+02 4.130000000000000000e+02
1.110000000000000000e+02 1.000000000000000000e+00 4.000000000000000000e+00 5.000000000000000000e+00 7.995007911105685234e+08 7.995049479588726759e+08 9.933439984741423130e+08 9.933418800759031773e+08 3.831818758010864258e+03 2.887000000000000000e+03 2.882000000000000000e+03
1.120000000000000000e+02 1.000000000000000000e+00 4.000000000000000000e+00 5.000000000000000000e+00 8.395261757780627012e+08 8.395347083580887318e+08 1.012128362863330364e+09 1.012127244053186655e+09 3.053035359382629395e+02 1.790000000000000000e+02 1.750000000000000000e+02
1.130000000000000000e+02 1.000000000000000000e+00 4.000000000000000000e+00 5.000000000000000000e+00 8.379626029229221344e+08 8.379658467117323875e+08 1.000831247589607358e+09 1.000829468083013535e+09 1.012581297874450684e+03 5.530000000000000000e+02 5.490000000000000000e+02
1.140000000000000000e+02 1.000000000000000000e+00 4.000000000000000000e+00 5.000000000000000000e+00 8.826557173508596420e+08 8.826619232839670181e+08 1.001898816708172321e+09 1.001897505946280360e+09 2.400757848024368286e+03 1.514000000000000000e+03 1.509000000000000000e+03
1.150000000000000000e+02 1.000000000000000000e+00 4.000000000000000000e+00 5.000000000000000000e+00 8.343533218223314285e+08 8.343539316250157356e+08 9.701779117830569744e+08 9.701782727567422390e+08 1.033439512014389038e+03 5.960000000000000000e+02 5.920000000000000000e+02
1.160000000000000000e+02 1.000000000000000000e+00 4.000000000000000000e+00 5.000000000000000000e+00 8.720873100437766314e+08 8.720899421870912313e+08 1.013791193539824247e+09 1.013788851558400631e+09 2.611638998985290527e+02 2.020000000000000000e+02 1.980000000000000000e+02
1.170000000000000000e+02 1.000000000000000000e+00 4.000000000000000000e+00 5.000000000000000000e+00 8.303258611742063761e+08 8.303289526579777002e+08 1.011308713655602813e+09 1.011306724488374352e+09 3.939804589748382568e+02 2.650000000000000000e+02 2.610000000000000000e+02
1.180000000000000000e+02 1.000000000000000000e+00 4.000000000000000000e+00 5.000000000000000000e+00 8.441078553504031897e+08 8.441143751151803732e+08 9.940389950924631357e+08 9.940360057679513693e+08 3.333866589069366455e+02 2.180000000000000000e+02 2.140000000000000000e+02
1.190000000000000000e+02 1.000000000000000000e+00 4.000000000000000000e+00 5.000000000000000000e+00 8.392045809429094791e+08 8.392062652802982330e+08 9.984091995549131632e+08 9.984080366663155556e+08 7.344004459381103516e+02 4.990000000000000000e+02 4.940000000000000000e+02
1.200000000000000000e+02 1.000000000000000000e+00 4.000000000000000000e+00 5.000000000000000000e+00 8.567129674398106337e+08 8.567169336592148542e+08 1.002808245912156224e+09 1.002806361323540449e+09 2.464344849586486816e+02 1.660000000000000000e+02 1.610000000000000000e+02
1.210000000000000000e+02 1.000000000000000000e+00 4.000000000000000000e+00 5.000000000000000000e+00 8.785742832765251398e+08 8.785779552059289217e+08 1.000176780392272711e+09 1.000175538444271803e+09 5.233380880355834961e+02 3.290000000000000000e+02 3.240000000000000000e+02
1.220000000000000000e+02 1.000000000000000000e+00 4.000000000000000000e+00 5.000000000000000000e+00 8.399859734878246784e+08 8.399905838070107698e+08 1.019253437019411802e+09 1.019250460639811516e+09 3.100115439891815186e+02 1.730000000000000000e+02 1.690000000000000000e+02
1.230000000000000000e+02 1.000000000000000000e+00 4.000000000000000000e+00 5.000000000000000000e+00 8.578889979062757492e+08 8.578954458018027544e+08 1.013716842606502056e+09 1.013713448399392128e+09 3.761369390487670898e+02 2.230000000000000000e+02 2.190000000000000000e+02
1.240000000000000000e+02 1.000000000000000000e+00 4.000000000000000000e+00 5.000000000000000000e+00 8.101271299785375595e+08 8.101315266440286636e+08 1.013640538765368938e+09 1.013640326159255624e+09 3.944182679653167725e+02 2.110000000000000000e+02 2.070000000000000000e+02
1.250000000000000000e+02 1.000000000000000000e+00 4.000000000000000000e+00 5.000000000000000000e+00 8.530381063434087038e+08 8.530414145395369530e+08 1.021279041564909339e+09 1.021275631730703831e+09 2.564412802934646606e+03 1.882000000000000000e+03 1.878000000000000000e+03
1.260000000000000000e+02 1.000000000000000000e+00 4.000000000000000000e+00 5.000000000000000000e+00 8.446984837757240534e+08 8.447010740458265543e+08 1.020253937783996463e+09 1.020252283978939652e+09 3.376387729644775391e+02 1.950000000000000000e+02 1.910000000000000000e+02
1.270000000000000000e+02 1.000000000000000000e+00 4.000000000000000000e+00 5.000000000000000000e+00 8.443787287415642738e+08 8.443786896416623592e+08 1.036974646283858776e+09 1.036972940120121121e+09 3.263262739181518555e+02 1.910000000000000000e+02 1.870000000000000000e+02
1.280000000000000000e+02 1.000000000000000000e+00 4.000000000000000000e+00 5.000000000000000000e+00 8.365121801022435427e+08 8.365142249190565348e+08 9.836881722367968559e+08 9.836866255464421511e+08 3.938972690105438232e+02 2.400000000000000000e+02 2.350000000000000000e+02
1.290000000000000000e+02 1.000000000000000000e+00 4.000000000000000000e+00 5.000000000000000000e+00 8.478603680861718655e+08 8.478713252801762819e+08 1.005768943263204336e+09 1.005766149637685061e+09 5.691084778308868408e+02 3.320000000000000000e+02 3.280000000000000000e+02
1.300000000000000000e+02 1.000000000000000000e+00 4.000000000000000000e+00 5.000000000000000000e+00 8.259082446860281229e+08 8.259160393085837364e+08 9.995519437835103273e+08 9.995505845866316557e+08 3.079891149997711182e+02 1.770000000000000000e+02 1.730000000000000000e+02
1.310000000000000000e+02 1.000000000000000000e+00 4.000000000000000000e+00 5.000000000000000000e+00 8.260543944469525814e+08 8.260632669163644314e+08 1.018304241219577312e+09 1.018301913673976660e+09 3.175303611755371094e+02 2.470000000000000000e+02 2.430000000000000000e+02
1.320000000000000000e+02 1.000000000000000000e+00 4.000000000000000000e+00 5.000000000000000000e+00 8.311340964282029867e+08 8.311363367831612825e+08 1.005012638155928612e+09 1.005011289992360592e+09 1.215381906700134277e+04 6.921000000000000000e+03 6.916000000000000000e+03
1.860000000000000000e+02 1.000000000000000000e+00 4.000000000000000000e+00 5.000000000000000000e+00 8.506816281181151867e+08 8.506930014937025309e+08 1.003666761360807538e+09 1.003665141471252680e+09 2.185460983037948608e+03 9.760000000000000000e+02 9.710000000000000000e+02
