# x, y
4.000000000000000000e+01 4.000000000000000000e+01
4.240480961923847758e+01 4.240480961923847758e+01
4.480961923847695516e+01 4.480961923847695516e+01
4.721442885771543274e+01 4.721442885771543274e+01
4.961923847695391032e+01 4.961923847695391032e+01
5.202404809619238790e+01 5.202404809619238790e+01
5.442885771543086548e+01 5.442885771543086548e+01
5.683366733466934306e+01 5.683366733466934306e+01
5.923847695390782064e+01 5.923847695390782064e+01
6.164328657314629822e+01 6.164328657314629822e+01
6.404809619238477580e+01 6.404809619238477580e+01
6.645290581162325338e+01 6.645290581162325338e+01
6.885771543086173097e+01 6.885771543086173097e+01
7.126252505010020855e+01 7.126252505010020855e+01
7.366733466933868613e+01 7.366733466933868613e+01
7.607214428857716371e+01 7.607214428857716371e+01
7.847695390781564129e+01 7.847695390781564129e+01
8.088176352705411887e+01 8.088176352705411887e+01
8.328657314629259645e+01 8.328657314629259645e+01
8.569138276553107403e+01 8.569138276553107403e+01
8.809619238476955161e+01 8.809619238476955161e+01
9.050100200400802919e+01 9.050100200400802919e+01
9.290581162324650677e+01 9.290581162324650677e+01
9.531062124248498435e+01 9.531062124248498435e+01
9.771543086172344772e+01 9.771543086172344772e+01
1.001202404809619253e+02 1.001202404809619253e+02
1.025250501002004029e+02 1.025250501002004029e+02
1.049298597194388805e+02 1.049298597194388805e+02
1.073346693386773580e+02 1.073346693386773580e+02
1.097394789579158356e+02 1.097394789579158356e+02
1.121442885771543132e+02 1.121442885771543132e+02
1.145490981963927908e+02 1.145490981963927908e+02
1.169539078156312684e+02 1.169539078156312684e+02
1.193587174348697459e+02 1.193587174348697459e+02
1.217635270541082235e+02 1.217635270541082235e+02
1.241683366733467011e+02 1.241683366733467011e+02
1.265731462925851787e+02 1.265731462925851787e+02
1.289779559118236421e+02 1.289779559118236421e+02
1.313827655310621481e+02 1.313827655310621481e+02
1.337875751503005972e+02 1.337875751503005972e+02
1.361923847695391032e+02 1.361923847695391032e+02
1.385971943887775524e+02 1.385971943887775524e+02
1.410020040080160584e+02 1.410020040080160584e+02
1.434068136272545075e+02 1.434068136272545075e+02
1.458116232464930135e+02 1.458116232464930135e+02
1.482164328657314627e+02 1.482164328657314627e+02
1.506212424849699687e+02 1.506212424849699687e+02
1.530260521042084179e+02 1.530260521042084179e+02
1.554308617234468954e+02 1.554308617234468954e+02
1.578356713426853730e+02 1.578356713426853730e+02
1.602404809619238506e+02 1.602404809619238506e+02
1.626452905811623282e+02 1.626452905811623282e+02
1.650501002004008058e+02 1.650501002004008058e+02
1.674549098196392833e+02 1.674549098196392833e+02
1.698597194388777609e+02 1.698597194388777609e+02
1.722645290581162385e+02 1.722645290581162385e+02
1.746693386773547161e+02 1.746693386773547161e+02
1.770741482965931937e+02 1.770741482965931937e+02
1.794789579158316712e+02 1.794789579158316712e+02
1.818837675350701488e+02 1.818837675350701488e+02
1.842885771543086264e+02 1.842885771543086264e+02
1.866933867735471040e+02 1.866933867735471040e+02
1.890981963927855816e+02 1.890981963927855816e+02
1.915030060120240591e+02 1.915030060120240591e+02
1.939078156312625367e+02 1.939078156312625367e+02
1.963126252505010143e+02 1.963126252505010143e+02
1.987174348697394919e+02 1.987174348697394919e+02
2.011222444889779695e+02 2.011222444889779695e+02
2.035270541082164470e+02 2.035270541082164470e+02
2.059318637274549246e+02 2.059318637274549246e+02
2.083366733466934022e+02 2.083366733466934022e+02
2.107414829659318798e+02 2.107414829659318798e+02
2.131462925851703574e+02 2.131462925851703574e+02
2.155511022044088350e+02 2.155511022044088350e+02
2.179559118236473125e+02 2.179559118236473125e+02
2.203607214428857901e+02 2.203607214428857901e+02
2.227655310621242677e+02 2.227655310621242677e+02
2.251703406813627453e+02 2.251703406813627453e+02
2.275751503006012229e+02 2.275751503006012229e+02
2.299799599198397004e+02 2.299799599198397004e+02
2.323847695390781780e+02 2.323847695390781780e+02
2.347895791583166556e+02 2.347895791583166556e+02
2.371943887775551332e+02 2.371943887775551332e+02
2.395991983967936108e+02 2.395991983967936108e+02
2.420040080160320883e+02 2.420040080160320883e+02
2.444088176352705659e+02 2.444088176352705659e+02
2.468136272545090435e+02 2.468136272545090435e+02
2.492184368737475211e+02 2.492184368737475211e+02
2.516232464929859987e+02 2.516232464929859987e+02
2.540280561122244762e+02 2.540280561122244762e+02
2.564328657314629254e+02 2.564328657314629254e+02
2.588376753507014314e+02 2.588376753507014314e+02
2.612424849699399374e+02 2.612424849699399374e+02
2.636472945891783866e+02 2.636472945891783866e+02
2.660521042084168357e+02 2.660521042084168357e+02
2.684569138276553417e+02 2.684569138276553417e+02
2.708617234468937909e+02 2.708617234468937909e+02
2.732665330661322969e+02 2.732665330661322969e+02
2.756713426853707460e+02 2.756713426853707460e+02
2.780761523046091952e+02 2.780761523046091952e+02
2.804809619238477012e+02 2.804809619238477012e+02
2.828857715430862072e+02 2.828857715430862072e+02
2.852905811623246564e+02 2.852905811623246564e+02
2.876953907815631055e+02 2.876953907815631055e+02
2.901002004008016115e+02 2.901002004008016115e+02
2.925050100200401175e+02 2.925050100200401175e+02
2.949098196392785667e+02 2.949098196392785667e+02
2.973146292585170727e+02 2.973146292585170727e+02
2.997194388777555218e+02 2.997194388777555218e+02
3.021242484969940278e+02 3.021242484969940278e+02
3.045290581162324770e+02 3.045290581162324770e+02
3.069338677354709830e+02 3.069338677354709830e+02
3.093386773547094322e+02 3.093386773547094322e+02
3.117434869739479382e+02 3.117434869739479382e+02
3.141482965931863873e+02 3.141482965931863873e+02
3.165531062124248933e+02 3.165531062124248933e+02
3.189579158316633425e+02 3.189579158316633425e+02
3.213627254509018485e+02 3.213627254509018485e+02
3.237675350701402976e+02 3.237675350701402976e+02
3.261723446893788037e+02 3.261723446893788037e+02
3.285771543086172528e+02 3.285771543086172528e+02
3.309819639278557588e+02 3.309819639278557588e+02
3.333867735470942080e+02 3.333867735470942080e+02
3.357915831663327140e+02 3.357915831663327140e+02
3.381963927855711631e+02 3.381963927855711631e+02
3.406012024048096691e+02 3.406012024048096691e+02
3.430060120240481183e+02 3.430060120240481183e+02
3.454108216432866243e+02 3.454108216432866243e+02
3.478156312625250735e+02 3.478156312625250735e+02
3.502204408817635226e+02 3.502204408817635226e+02
3.526252505010020286e+02 3.526252505010020286e+02
3.550300601202404778e+02 3.550300601202404778e+02
3.574348697394789838e+02 3.574348697394789838e+02
3.598396793587174329e+02 3.598396793587174329e+02
3.622444889779559389e+02 3.622444889779559389e+02
3.646492985971943881e+02 3.646492985971943881e+02
3.670541082164328941e+02 3.670541082164328941e+02
3.694589178356713433e+02 3.694589178356713433e+02
3.718637274549098493e+02 3.718637274549098493e+02
3.742685370741482984e+02 3.742685370741482984e+02
3.766733466933868044e+02 3.766733466933868044e+02
3.790781563126252536e+02 3.790781563126252536e+02
3.814829659318637596e+02 3.814829659318637596e+02
3.838877755511022087e+02 3.838877755511022087e+02
3.862925851703407147e+02 3.862925851703407147e+02
3.886973947895791639e+02 3.886973947895791639e+02
3.911022044088176699e+02 3.911022044088176699e+02
3.935070140280561191e+02 3.935070140280561191e+02
3.959118236472946251e+02 3.959118236472946251e+02
3.983166332665330742e+02 3.983166332665330742e+02
4.007214428857715802e+02 4.007214428857715802e+02
4.031262525050100294e+02 4.031262525050100294e+02
4.055310621242485354e+02 4.055310621242485354e+02
4.079358717434869845e+02 4.079358717434869845e+02
4.103406813627254905e+02 4.103406813627254905e+02
4.127454909819639397e+02 4.127454909819639397e+02
4.151503006012024457e+02 4.151503006012024457e+02
4.175551102204408949e+02 4.175551102204408949e+02
4.199599198396794009e+02 4.199599198396794009e+02
4.223647294589178500e+02 4.223647294589178500e+02
4.247695390781563560e+02 4.247695390781563560e+02
4.271743486973948052e+02 4.271743486973948052e+02
4.295791583166333112e+02 4.295791583166333112e+02
4.319839679358717603e+02 4.319839679358717603e+02
4.343887775551102663e+02 4.343887775551102663e+02
4.367935871743487155e+02 4.367935871743487155e+02
4.391983967935872215e+02 4.391983967935872215e+02
4.416032064128256707e+02 4.416032064128256707e+02
4.440080160320641767e+02 4.440080160320641767e+02
4.464128256513026258e+02 4.464128256513026258e+02
4.488176352705411318e+02 4.488176352705411318e+02
4.512224448897795810e+02 4.512224448897795810e+02
4.536272545090180870e+02 4.536272545090180870e+02
4.560320641282565362e+02 4.560320641282565362e+02
4.584368737474950422e+02 4.584368737474950422e+02
4.608416833667334913e+02 4.608416833667334913e+02
4.632464929859719973e+02 4.632464929859719973e+02
4.656513026052104465e+02 4.656513026052104465e+02
4.680561122244489525e+02 4.680561122244489525e+02
4.704609218436874016e+02 4.704609218436874016e+02
4.728657314629259076e+02 4.728657314629259076e+02
4.752705410821643568e+02 4.752705410821643568e+02
4.776753507014028628e+02 4.776753507014028628e+02
4.800801603206413120e+02 4.800801603206413120e+02
4.824849699398798180e+02 4.824849699398798180e+02
4.848897795591182671e+02 4.848897795591182671e+02
4.872945891783567731e+02 4.872945891783567731e+02
4.896993987975952223e+02 4.896993987975952223e+02
4.921042084168337283e+02 4.921042084168337283e+02
4.945090180360721774e+02 4.945090180360721774e+02
4.969138276553106834e+02 4.969138276553106834e+02
4.993186372745491326e+02 4.993186372745491326e+02
5.017234468937875818e+02 5.017234468937875818e+02
5.041282565130260878e+02 5.041282565130260878e+02
5.065330661322645369e+02 5.065330661322645369e+02
5.089378757515030429e+02 5.089378757515030429e+02
5.113426853707414921e+02 5.113426853707414921e+02
5.137474949899799412e+02 5.137474949899799412e+02
5.161523046092183904e+02 5.161523046092183904e+02
5.185571142284569532e+02 5.185571142284569532e+02
5.209619238476954024e+02 5.209619238476954024e+02
5.233667334669339652e+02 5.233667334669339652e+02
5.257715430861724144e+02 5.257715430861724144e+02
5.281763527054108636e+02 5.281763527054108636e+02
5.305811623246493127e+02 5.305811623246493127e+02
5.329859719438877619e+02 5.329859719438877619e+02
5.353907815631262110e+02 5.353907815631262110e+02
5.377955911823647739e+02 5.377955911823647739e+02
5.402004008016032230e+02 5.402004008016032230e+02
5.426052104208417859e+02 5.426052104208417859e+02
5.450100200400802350e+02 5.450100200400802350e+02
5.474148296593186842e+02 5.474148296593186842e+02
5.498196392785571334e+02 5.498196392785571334e+02
5.522244488977955825e+02 5.522244488977955825e+02
5.546292585170341454e+02 5.546292585170341454e+02
5.570340681362725945e+02 5.570340681362725945e+02
5.594388777555110437e+02 5.594388777555110437e+02
5.618436873747494928e+02 5.618436873747494928e+02
5.642484969939880557e+02 5.642484969939880557e+02
5.666533066132265049e+02 5.666533066132265049e+02
5.690581162324649540e+02 5.690581162324649540e+02
5.714629258517034032e+02 5.714629258517034032e+02
5.738677354709419660e+02 5.738677354709419660e+02
5.762725450901804152e+02 5.762725450901804152e+02
5.786773547094188643e+02 5.786773547094188643e+02
5.810821643286573135e+02 5.810821643286573135e+02
5.834869739478958763e+02 5.834869739478958763e+02
5.858917835671343255e+02 5.858917835671343255e+02
5.882965931863727747e+02 5.882965931863727747e+02
5.907014028056112238e+02 5.907014028056112238e+02
5.931062124248497867e+02 5.931062124248497867e+02
5.955110220440882358e+02 5.955110220440882358e+02
5.979158316633266850e+02 5.979158316633266850e+02
6.003206412825651341e+02 6.003206412825651341e+02
6.027254509018036970e+02 6.027254509018036970e+02
6.051302605210421461e+02 6.051302605210421461e+02
6.075350701402805953e+02 6.075350701402805953e+02
6.099398797595190445e+02 6.099398797595190445e+02
6.123446893787576073e+02 6.123446893787576073e+02
6.147494989979960565e+02 6.147494989979960565e+02
6.171543086172345056e+02 6.171543086172345056e+02
6.195591182364729548e+02 6.195591182364729548e+02
6.219639278557115176e+02 6.219639278557115176e+02
6.243687374749499668e+02 6.243687374749499668e+02
6.267735470941884159e+02 6.267735470941884159e+02
6.291783567134268651e+02 6.291783567134268651e+02
6.315831663326654279e+02 6.315831663326654279e+02
6.339879759519038771e+02 6.339879759519038771e+02
6.363927855711423263e+02 6.363927855711423263e+02
6.387975951903807754e+02 6.387975951903807754e+02
6.412024048096193383e+02 6.412024048096193383e+02
6.436072144288577874e+02 6.436072144288577874e+02
6.460120240480962366e+02 6.460120240480962366e+02
6.484168336673346857e+02 6.484168336673346857e+02
6.508216432865732486e+02 6.508216432865732486e+02
6.532264529058116977e+02 6.532264529058116977e+02
6.556312625250501469e+02 6.556312625250501469e+02
6.580360721442885961e+02 6.580360721442885961e+02
6.604408817635270452e+02 6.604408817635270452e+02
6.628456913827656081e+02 6.628456913827656081e+02
6.652505010020040572e+02 6.652505010020040572e+02
6.676553106212425064e+02 6.676553106212425064e+02
6.700601202404809555e+02 6.700601202404809555e+02
6.724649298597195184e+02 6.724649298597195184e+02
6.748697394789579675e+02 6.748697394789579675e+02
6.772745490981964167e+02 6.772745490981964167e+02
6.796793587174348659e+02 6.796793587174348659e+02
6.820841683366734287e+02 6.820841683366734287e+02
6.844889779559118779e+02 6.844889779559118779e+02
6.868937875751503270e+02 6.868937875751503270e+02
6.892985971943887762e+02 6.892985971943887762e+02
6.917034068136273390e+02 6.917034068136273390e+02
6.941082164328657882e+02 6.941082164328657882e+02
6.965130260521042374e+02 6.965130260521042374e+02
6.989178356713426865e+02 6.989178356713426865e+02
7.013226452905812494e+02 7.013226452905812494e+02
7.037274549098196985e+02 7.037274549098196985e+02
7.061322645290581477e+02 7.061322645290581477e+02
7.085370741482965968e+02 7.085370741482965968e+02
7.109418837675351597e+02 7.109418837675351597e+02
7.133466933867736088e+02 7.133466933867736088e+02
7.157515030060120580e+02 7.157515030060120580e+02
7.181563126252505072e+02 7.181563126252505072e+02
7.205611222444890700e+02 7.205611222444890700e+02
7.229659318637275192e+02 7.229659318637275192e+02
7.253707414829659683e+02 7.253707414829659683e+02
7.277755511022044175e+02 7.277755511022044175e+02
7.301803607214429803e+02 7.301803607214429803e+02
7.325851703406814295e+02 7.325851703406814295e+02
7.349899799599198786e+02 7.349899799599198786e+02
7.373947895791583278e+02 7.373947895791583278e+02
7.397995991983968906e+02 7.397995991983968906e+02
7.422044088176353398e+02 7.422044088176353398e+02
7.446092184368737890e+02 7.446092184368737890e+02
7.470140280561122381e+02 7.470140280561122381e+02
7.494188376753508010e+02 7.494188376753508010e+02
7.518236472945892501e+02 7.518236472945892501e+02
7.542284569138276993e+02 7.542284569138276993e+02
7.566332665330661484e+02 7.566332665330661484e+02
7.590380761523047113e+02 7.590380761523047113e+02
7.614428857715431604e+02 7.614428857715431604e+02
7.638476953907816096e+02 7.638476953907816096e+02
7.662525050100200588e+02 7.662525050100200588e+02
7.686573146292586216e+02 7.686573146292586216e+02
7.710621242484970708e+02 7.710621242484970708e+02
7.734669338677355199e+02 7.734669338677355199e+02
7.758717434869739691e+02 7.758717434869739691e+02
7.782765531062125319e+02 7.782765531062125319e+02
7.806813627254509811e+02 7.806813627254509811e+02
7.830861723446894302e+02 7.830861723446894302e+02
7.854909819639278794e+02 7.854909819639278794e+02
7.878957915831664423e+02 7.878957915831664423e+02
7.903006012024048914e+02 7.903006012024048914e+02
7.927054108216433406e+02 7.927054108216433406e+02
7.951102204408817897e+02 7.951102204408817897e+02
7.975150300601203526e+02 7.975150300601203526e+02
7.999198396793588017e+02 7.999198396793588017e+02
8.023246492985972509e+02 8.023246492985972509e+02
8.047294589178357000e+02 8.047294589178357000e+02
8.071342685370742629e+02 8.071342685370742629e+02
8.095390781563127121e+02 8.095390781563127121e+02
8.119438877755511612e+02 8.119438877755511612e+02
8.143486973947896104e+02 8.143486973947896104e+02
8.167535070140280595e+02 8.167535070140280595e+02
8.191583166332666224e+02 8.191583166332666224e+02
8.215631262525050715e+02 8.215631262525050715e+02
8.239679358717435207e+02 8.239679358717435207e+02
8.263727454909819699e+02 8.263727454909819699e+02
8.287775551102205327e+02 8.287775551102205327e+02
8.311823647294589819e+02 8.311823647294589819e+02
8.335871743486974310e+02 8.335871743486974310e+02
8.359919839679358802e+02 8.359919839679358802e+02
8.383967935871744430e+02 8.383967935871744430e+02
8.408016032064128922e+02 8.408016032064128922e+02
8.432064128256513413e+02 8.432064128256513413e+02
8.456112224448897905e+02 8.456112224448897905e+02
8.480160320641283533e+02 8.480160320641283533e+02
8.504208416833668025e+02 8.504208416833668025e+02
8.528256513026052517e+02 8.528256513026052517e+02
8.552304609218437008e+02 8.552304609218437008e+02
8.576352705410822637e+02 8.576352705410822637e+02
8.600400801603207128e+02 8.600400801603207128e+02
8.624448897795591620e+02 8.624448897795591620e+02
8.648496993987976111e+02 8.648496993987976111e+02
8.672545090180361740e+02 8.672545090180361740e+02
8.696593186372746231e+02 8.696593186372746231e+02
8.720641282565130723e+02 8.720641282565130723e+02
8.744689378757515215e+02 8.744689378757515215e+02
8.768737474949900843e+02 8.768737474949900843e+02
8.792785571142285335e+02 8.792785571142285335e+02
8.816833667334669826e+02 8.816833667334669826e+02
8.840881763527054318e+02 8.840881763527054318e+02
8.864929859719439946e+02 8.864929859719439946e+02
8.888977955911824438e+02 8.888977955911824438e+02
8.913026052104208929e+02 8.913026052104208929e+02
8.937074148296593421e+02 8.937074148296593421e+02
8.961122244488979049e+02 8.961122244488979049e+02
8.985170340681363541e+02 8.985170340681363541e+02
9.009218436873748033e+02 9.009218436873748033e+02
9.033266533066132524e+02 9.033266533066132524e+02
9.057314629258518153e+02 9.057314629258518153e+02
9.081362725450902644e+02 9.081362725450902644e+02
9.105410821643287136e+02 9.105410821643287136e+02
9.129458917835671627e+02 9.129458917835671627e+02
9.153507014028057256e+02 9.153507014028057256e+02
9.177555110220441748e+02 9.177555110220441748e+02
9.201603206412826239e+02 9.201603206412826239e+02
9.225651302605210731e+02 9.225651302605210731e+02
9.249699398797596359e+02 9.249699398797596359e+02
9.273747494989980851e+02 9.273747494989980851e+02
9.297795591182365342e+02 9.297795591182365342e+02
9.321843687374749834e+02 9.321843687374749834e+02
9.345891783567135462e+02 9.345891783567135462e+02
9.369939879759519954e+02 9.369939879759519954e+02
9.393987975951904446e+02 9.393987975951904446e+02
9.418036072144288937e+02 9.418036072144288937e+02
9.442084168336674566e+02 9.442084168336674566e+02
9.466132264529059057e+02 9.466132264529059057e+02
9.490180360721443549e+02 9.490180360721443549e+02
9.514228456913828040e+02 9.514228456913828040e+02
9.538276553106213669e+02 9.538276553106213669e+02
9.562324649298598160e+02 9.562324649298598160e+02
9.586372745490982652e+02 9.586372745490982652e+02
9.610420841683367144e+02 9.610420841683367144e+02
9.634468937875751635e+02 9.634468937875751635e+02
9.658517034068137264e+02 9.658517034068137264e+02
9.682565130260521755e+02 9.682565130260521755e+02
9.706613226452906247e+02 9.706613226452906247e+02
9.730661322645290738e+02 9.730661322645290738e+02
9.754709418837676367e+02 9.754709418837676367e+02
9.778757515030060858e+02 9.778757515030060858e+02
9.802805611222445350e+02 9.802805611222445350e+02
9.826853707414829842e+02 9.826853707414829842e+02
9.850901803607215470e+02 9.850901803607215470e+02
9.874949899799599962e+02 9.874949899799599962e+02
9.898997995991984453e+02 9.898997995991984453e+02
9.923046092184368945e+02 9.923046092184368945e+02
9.947094188376754573e+02 9.947094188376754573e+02
9.971142284569139065e+02 9.971142284569139065e+02
9.995190380761523556e+02 9.995190380761523556e+02
1.001923847695390805e+03 1.001923847695390805e+03
1.004328657314629368e+03 1.004328657314629368e+03
1.006733466933867817e+03 1.006733466933867817e+03
1.009138276553106266e+03 1.009138276553106266e+03
1.011543086172344715e+03 1.011543086172344715e+03
1.013947895791583278e+03 1.013947895791583278e+03
1.016352705410821727e+03 1.016352705410821727e+03
1.018757515030060176e+03 1.018757515030060176e+03
1.021162324649298625e+03 1.021162324649298625e+03
1.023567134268537188e+03 1.023567134268537188e+03
1.025971943887775524e+03 1.025971943887775524e+03
1.028376753507014200e+03 1.028376753507014200e+03
1.030781563126252422e+03 1.030781563126252422e+03
1.033186372745491099e+03 1.033186372745491099e+03
1.035591182364729548e+03 1.035591182364729548e+03
1.037995991983967997e+03 1.037995991983967997e+03
1.040400801603206446e+03 1.040400801603206446e+03
1.042805611222444895e+03 1.042805611222444895e+03
1.045210420841683572e+03 1.045210420841683572e+03
1.047615230460921794e+03 1.047615230460921794e+03
1.050020040080160470e+03 1.050020040080160470e+03
1.052424849699398919e+03 1.052424849699398919e+03
1.054829659318637368e+03 1.054829659318637368e+03
1.057234468937875818e+03 1.057234468937875818e+03
1.059639278557114267e+03 1.059639278557114267e+03
1.062044088176352943e+03 1.062044088176352943e+03
1.064448897795591165e+03 1.064448897795591165e+03
1.066853707414829842e+03 1.066853707414829842e+03
1.069258517034068291e+03 1.069258517034068291e+03
1.071663326653306740e+03 1.071663326653306740e+03
1.074068136272545189e+03 1.074068136272545189e+03
1.076472945891783638e+03 1.076472945891783638e+03
1.078877755511022087e+03 1.078877755511022087e+03
1.081282565130260537e+03 1.081282565130260537e+03
1.083687374749498986e+03 1.083687374749498986e+03
1.086092184368737662e+03 1.086092184368737662e+03
1.088496993987976111e+03 1.088496993987976111e+03
1.090901803607214561e+03 1.090901803607214561e+03
1.093306613226453010e+03 1.093306613226453010e+03
1.095711422845691459e+03 1.095711422845691459e+03
1.098116232464929908e+03 1.098116232464929908e+03
1.100521042084168357e+03 1.100521042084168357e+03
1.102925851703406806e+03 1.102925851703406806e+03
1.105330661322645483e+03 1.105330661322645483e+03
1.107735470941883932e+03 1.107735470941883932e+03
1.110140280561122381e+03 1.110140280561122381e+03
1.112545090180360830e+03 1.112545090180360830e+03
1.114949899799599280e+03 1.114949899799599280e+03
1.117354709418837729e+03 1.117354709418837729e+03
1.119759519038076178e+03 1.119759519038076178e+03
1.122164328657314627e+03 1.122164328657314627e+03
1.124569138276553076e+03 1.124569138276553076e+03
1.126973947895791753e+03 1.126973947895791753e+03
1.129378757515030202e+03 1.129378757515030202e+03
1.131783567134268651e+03 1.131783567134268651e+03
1.134188376753507100e+03 1.134188376753507100e+03
1.136593186372745549e+03 1.136593186372745549e+03
1.138997995991983998e+03 1.138997995991983998e+03
1.141402805611222448e+03 1.141402805611222448e+03
1.143807615230460897e+03 1.143807615230460897e+03
1.146212424849699573e+03 1.146212424849699573e+03
1.148617234468938022e+03 1.148617234468938022e+03
1.151022044088176472e+03 1.151022044088176472e+03
1.153426853707414921e+03 1.153426853707414921e+03
1.155831663326653370e+03 1.155831663326653370e+03
1.158236472945891819e+03 1.158236472945891819e+03
1.160641282565130268e+03 1.160641282565130268e+03
1.163046092184368717e+03 1.163046092184368717e+03
1.165450901803607394e+03 1.165450901803607394e+03
1.167855711422845843e+03 1.167855711422845843e+03
1.170260521042084292e+03 1.170260521042084292e+03
1.172665330661322741e+03 1.172665330661322741e+03
1.175070140280561191e+03 1.175070140280561191e+03
1.177474949899799640e+03 1.177474949899799640e+03
1.179879759519038089e+03 1.179879759519038089e+03
1.182284569138276538e+03 1.182284569138276538e+03
1.184689378757515215e+03 1.184689378757515215e+03
1.187094188376753664e+03 1.187094188376753664e+03
1.189498997995992113e+03 1.189498997995992113e+03
1.191903807615230562e+03 1.191903807615230562e+03
1.194308617234469011e+03 1.194308617234469011e+03
1.196713426853707460e+03 1.196713426853707460e+03
1.199118236472945910e+03 1.199118236472945910e+03
1.201523046092184359e+03 1.201523046092184359e+03
1.203927855711423035e+03 1.203927855711423035e+03
1.206332665330661484e+03 1.206332665330661484e+03
1.208737474949899934e+03 1.208737474949899934e+03
1.211142284569138383e+03 1.211142284569138383e+03
1.213547094188376832e+03 1.213547094188376832e+03
1.215951903807615281e+03 1.215951903807615281e+03
1.218356713426853730e+03 1.218356713426853730e+03
1.220761523046092179e+03 1.220761523046092179e+03
1.223166332665330856e+03 1.223166332665330856e+03
1.225571142284569305e+03 1.225571142284569305e+03
1.227975951903807754e+03 1.227975951903807754e+03
1.230380761523046203e+03 1.230380761523046203e+03
1.232785571142284653e+03 1.232785571142284653e+03
1.235190380761523102e+03 1.235190380761523102e+03
1.237595190380761551e+03 1.237595190380761551e+03
1.240000000000000000e+03 1.240000000000000000e+03
