# run number, exp fac, ti calc, ti opt, aep init calc (kW), aep init opt (kW), aep run calc (kW), aep run opt (kW), run time (s), obj func calls, sens func calls
2.100000000000000000e+01 3.000000000000000000e+00 4.000000000000000000e+00 0.000000000000000000e+00 1.007847536727745056e+09 1.007847536727745056e+09 1.193190024372037411e+09 1.193190024372037411e+09 6.162105641365051270e+02 0.000000000000000000e+00 0.000000000000000000e+00
2.100000000000000000e+01 2.750000000000000000e+00 4.000000000000000000e+00 0.000000000000000000e+00 1.007847536727745056e+09 1.007847536727745056e+09 1.193190024372037411e+09 1.193190024372037411e+09 2.455874919891357422e+00 0.000000000000000000e+00 0.000000000000000000e+00
2.100000000000000000e+01 2.500000000000000000e+00 4.000000000000000000e+00 0.000000000000000000e+00 1.007847536727745056e+09 1.007847536727745056e+09 1.193190024372037411e+09 1.193190024372037411e+09 2.415207147598266602e+00 0.000000000000000000e+00 0.000000000000000000e+00
2.100000000000000000e+01 2.250000000000000000e+00 4.000000000000000000e+00 0.000000000000000000e+00 1.007847536727745056e+09 1.007847536727745056e+09 1.193190024372037411e+09 1.193190024372037411e+09 2.534976005554199219e+00 0.000000000000000000e+00 0.000000000000000000e+00
2.100000000000000000e+01 2.000000000000000000e+00 4.000000000000000000e+00 0.000000000000000000e+00 1.007847536727745056e+09 1.007847536727745056e+09 1.193190024372037411e+09 1.193190024372037411e+09 2.412303209304809570e+00 0.000000000000000000e+00 0.000000000000000000e+00
2.100000000000000000e+01 1.750000000000000000e+00 4.000000000000000000e+00 0.000000000000000000e+00 1.007847536727745056e+09 1.007847536727745056e+09 1.193190024372037411e+09 1.193190024372037411e+09 2.377835035324096680e+00 0.000000000000000000e+00 0.000000000000000000e+00
2.100000000000000000e+01 1.500000000000000000e+00 4.000000000000000000e+00 0.000000000000000000e+00 1.007847536727745056e+09 1.007847536727745056e+09 1.193190024372037411e+09 1.193190024372037411e+09 2.577562093734741211e+00 0.000000000000000000e+00 0.000000000000000000e+00
2.100000000000000000e+01 1.250000000000000000e+00 4.000000000000000000e+00 0.000000000000000000e+00 1.007847536727745056e+09 1.007847536727745056e+09 1.193190024372037411e+09 1.193190024372037411e+09 2.380536794662475586e+00 0.000000000000000000e+00 0.000000000000000000e+00
2.100000000000000000e+01 1.000000000000000000e+00 4.000000000000000000e+00 0.000000000000000000e+00 1.007847536727745056e+09 1.007847536727745056e+09 1.193190024372037411e+09 1.193190024372037411e+09 2.467420101165771484e+00 0.000000000000000000e+00 0.000000000000000000e+00
2.100000000000000000e+01 1.000000000000000000e+00 4.000000000000000000e+00 5.000000000000000000e+00 1.007847536727745056e+09 1.007847536727745056e+09 1.193190024372037411e+09 1.193190024372037411e+09 2.404098033905029297e+00 0.000000000000000000e+00 0.000000000000000000e+00
