# run number, exp fac, ti calc, ti opt, aep init calc (kW), aep init opt (kW), aep run calc (kW), aep run opt (kW), run time (s), obj func calls, sens func calls
5.100000000000000000e+01 3.000000000000000000e+00 4.000000000000000000e+00 0.000000000000000000e+00 1.029861171640809059e+09 1.029861171640809059e+09 1.157201053575935364e+09 1.157201053575935364e+09 5.529482960700988770e+02 0.000000000000000000e+00 0.000000000000000000e+00
5.100000000000000000e+01 2.750000000000000000e+00 4.000000000000000000e+00 0.000000000000000000e+00 1.029861171640809059e+09 1.029861171640809059e+09 1.157201053575935364e+09 1.157201053575935364e+09 2.472251176834106445e+00 0.000000000000000000e+00 0.000000000000000000e+00
5.100000000000000000e+01 2.500000000000000000e+00 4.000000000000000000e+00 0.000000000000000000e+00 1.029861171640809059e+09 1.029861171640809059e+09 1.157201053575935364e+09 1.157201053575935364e+09 2.454946041107177734e+00 0.000000000000000000e+00 0.000000000000000000e+00
5.100000000000000000e+01 2.250000000000000000e+00 4.000000000000000000e+00 0.000000000000000000e+00 1.029861171640809059e+09 1.029861171640809059e+09 1.157201053575935364e+09 1.157201053575935364e+09 2.467444896697998047e+00 0.000000000000000000e+00 0.000000000000000000e+00
5.100000000000000000e+01 2.000000000000000000e+00 4.000000000000000000e+00 0.000000000000000000e+00 1.029861171640809059e+09 1.029861171640809059e+09 1.157201053575935364e+09 1.157201053575935364e+09 2.459318876266479492e+00 0.000000000000000000e+00 0.000000000000000000e+00
5.100000000000000000e+01 1.750000000000000000e+00 4.000000000000000000e+00 0.000000000000000000e+00 1.029861171640809059e+09 1.029861171640809059e+09 1.157201053575935364e+09 1.157201053575935364e+09 2.446398973464965820e+00 0.000000000000000000e+00 0.000000000000000000e+00
5.100000000000000000e+01 1.500000000000000000e+00 4.000000000000000000e+00 0.000000000000000000e+00 1.029861171640809059e+09 1.029861171640809059e+09 1.157201053575935364e+09 1.157201053575935364e+09 2.469792127609252930e+00 0.000000000000000000e+00 0.000000000000000000e+00
5.100000000000000000e+01 1.250000000000000000e+00 4.000000000000000000e+00 0.000000000000000000e+00 1.029861171640809059e+09 1.029861171640809059e+09 1.157201053575935364e+09 1.157201053575935364e+09 2.458381891250610352e+00 0.000000000000000000e+00 0.000000000000000000e+00
5.100000000000000000e+01 1.000000000000000000e+00 4.000000000000000000e+00 0.000000000000000000e+00 1.029861171640809059e+09 1.029861171640809059e+09 1.157201053575935364e+09 1.157201053575935364e+09 2.461611986160278320e+00 0.000000000000000000e+00 0.000000000000000000e+00
5.100000000000000000e+01 1.000000000000000000e+00 4.000000000000000000e+00 5.000000000000000000e+00 1.029861171640809059e+09 1.029861171640809059e+09 1.157201053575935364e+09 1.157201053575935364e+09 2.464084863662719727e+00 0.000000000000000000e+00 0.000000000000000000e+00
