# run number, exp fac, ti calc, ti opt, aep init calc (kW), aep init opt (kW), aep run calc (kW), aep run opt (kW), run time (s), obj func calls, sens func calls
1.180000000000000000e+02 3.000000000000000000e+00 4.000000000000000000e+00 0.000000000000000000e+00 1.016224908516997218e+09 1.016224908516997218e+09 1.146352223279185534e+09 1.146352223279185534e+09 3.981135461330413818e+02 0.000000000000000000e+00 0.000000000000000000e+00
1.180000000000000000e+02 2.750000000000000000e+00 4.000000000000000000e+00 0.000000000000000000e+00 1.016224908516997218e+09 1.016224908516997218e+09 1.146352223279185534e+09 1.146352223279185534e+09 2.166011095046997070e+00 0.000000000000000000e+00 0.000000000000000000e+00
1.180000000000000000e+02 2.500000000000000000e+00 4.000000000000000000e+00 0.000000000000000000e+00 1.016224908516997218e+09 1.016224908516997218e+09 1.146352223279185534e+09 1.146352223279185534e+09 2.152456045150756836e+00 0.000000000000000000e+00 0.000000000000000000e+00
1.180000000000000000e+02 2.250000000000000000e+00 4.000000000000000000e+00 0.000000000000000000e+00 1.016224908516997218e+09 1.016224908516997218e+09 1.146352223279185534e+09 1.146352223279185534e+09 2.113874912261962891e+00 0.000000000000000000e+00 0.000000000000000000e+00
1.180000000000000000e+02 2.000000000000000000e+00 4.000000000000000000e+00 0.000000000000000000e+00 1.016224908516997218e+09 1.016224908516997218e+09 1.146352223279185534e+09 1.146352223279185534e+09 2.167231082916259766e+00 0.000000000000000000e+00 0.000000000000000000e+00
1.180000000000000000e+02 1.750000000000000000e+00 4.000000000000000000e+00 0.000000000000000000e+00 1.016224908516997218e+09 1.016224908516997218e+09 1.146352223279185534e+09 1.146352223279185534e+09 2.239700078964233398e+00 0.000000000000000000e+00 0.000000000000000000e+00
1.180000000000000000e+02 1.500000000000000000e+00 4.000000000000000000e+00 0.000000000000000000e+00 1.016224908516997218e+09 1.016224908516997218e+09 1.146352223279185534e+09 1.146352223279185534e+09 2.395835161209106445e+00 0.000000000000000000e+00 0.000000000000000000e+00
1.180000000000000000e+02 1.250000000000000000e+00 4.000000000000000000e+00 0.000000000000000000e+00 1.016224908516997218e+09 1.016224908516997218e+09 1.146352223279185534e+09 1.146352223279185534e+09 3.141121149063110352e+00 0.000000000000000000e+00 0.000000000000000000e+00
1.180000000000000000e+02 1.000000000000000000e+00 4.000000000000000000e+00 0.000000000000000000e+00 1.016224908516997218e+09 1.016224908516997218e+09 1.146352223279185534e+09 1.146352223279185534e+09 2.246320962905883789e+00 0.000000000000000000e+00 0.000000000000000000e+00
1.180000000000000000e+02 1.000000000000000000e+00 4.000000000000000000e+00 5.000000000000000000e+00 1.016224908516997218e+09 1.016224908516997218e+09 1.146352223279185534e+09 1.146352223279185534e+09 3.114698886871337891e+00 0.000000000000000000e+00 0.000000000000000000e+00
