# run number, exp fac, ti calc, ti opt, aep init calc (kW), aep init opt (kW), aep run calc (kW), aep run opt (kW), run time (s), obj func calls, sens func calls
1.030000000000000000e+02 3.000000000000000000e+00 4.000000000000000000e+00 0.000000000000000000e+00 9.716367076187421083e+08 9.716367076187421083e+08 1.169854101346824169e+09 1.169854101346824169e+09 4.259283349514007568e+02 0.000000000000000000e+00 0.000000000000000000e+00
1.030000000000000000e+02 2.750000000000000000e+00 4.000000000000000000e+00 0.000000000000000000e+00 9.716367076187421083e+08 9.716367076187421083e+08 1.169854101346824169e+09 1.169854101346824169e+09 2.109131097793579102e+00 0.000000000000000000e+00 0.000000000000000000e+00
1.030000000000000000e+02 2.500000000000000000e+00 4.000000000000000000e+00 0.000000000000000000e+00 9.716367076187421083e+08 9.716367076187421083e+08 1.169854101346824169e+09 1.169854101346824169e+09 1.893328189849853516e+00 0.000000000000000000e+00 0.000000000000000000e+00
1.030000000000000000e+02 2.250000000000000000e+00 4.000000000000000000e+00 0.000000000000000000e+00 9.716367076187421083e+08 9.716367076187421083e+08 1.169854101346824169e+09 1.169854101346824169e+09 1.867037057876586914e+00 0.000000000000000000e+00 0.000000000000000000e+00
1.030000000000000000e+02 2.000000000000000000e+00 4.000000000000000000e+00 0.000000000000000000e+00 9.716367076187421083e+08 9.716367076187421083e+08 1.169854101346824169e+09 1.169854101346824169e+09 1.785696029663085938e+00 0.000000000000000000e+00 0.000000000000000000e+00
1.030000000000000000e+02 1.750000000000000000e+00 4.000000000000000000e+00 0.000000000000000000e+00 9.716367076187421083e+08 9.716367076187421083e+08 1.169854101346824169e+09 1.169854101346824169e+09 1.734586000442504883e+00 0.000000000000000000e+00 0.000000000000000000e+00
1.030000000000000000e+02 1.500000000000000000e+00 4.000000000000000000e+00 0.000000000000000000e+00 9.716367076187421083e+08 9.716367076187421083e+08 1.169854101346824169e+09 1.169854101346824169e+09 1.754802227020263672e+00 0.000000000000000000e+00 0.000000000000000000e+00
1.030000000000000000e+02 1.250000000000000000e+00 4.000000000000000000e+00 0.000000000000000000e+00 9.716367076187421083e+08 9.716367076187421083e+08 1.169854101346824169e+09 1.169854101346824169e+09 1.763340950012207031e+00 0.000000000000000000e+00 0.000000000000000000e+00
1.030000000000000000e+02 1.000000000000000000e+00 4.000000000000000000e+00 0.000000000000000000e+00 9.716367076187421083e+08 9.716367076187421083e+08 1.169854101346824169e+09 1.169854101346824169e+09 2.646976947784423828e+00 0.000000000000000000e+00 0.000000000000000000e+00
1.030000000000000000e+02 1.000000000000000000e+00 4.000000000000000000e+00 5.000000000000000000e+00 9.716367076187421083e+08 9.716367076187421083e+08 1.169854101346824169e+09 1.169854101346824169e+09 1.796023130416870117e+00 0.000000000000000000e+00 0.000000000000000000e+00
