# run number, exp fac, ti calc, ti opt, aep init calc (kW), aep init opt (kW), aep run calc (kW), aep run opt (kW), run time (s), obj func calls, sens func calls
6.200000000000000000e+01 3.000000000000000000e+00 4.000000000000000000e+00 0.000000000000000000e+00 1.040210942508771300e+09 1.040210942508771300e+09 1.175957836891731501e+09 1.175957836891731501e+09 5.554683001041412354e+02 0.000000000000000000e+00 0.000000000000000000e+00
6.200000000000000000e+01 2.750000000000000000e+00 4.000000000000000000e+00 0.000000000000000000e+00 1.040210942508771300e+09 1.040210942508771300e+09 1.175957836891731501e+09 1.175957836891731501e+09 2.681427955627441406e+00 0.000000000000000000e+00 0.000000000000000000e+00
6.200000000000000000e+01 2.500000000000000000e+00 4.000000000000000000e+00 0.000000000000000000e+00 1.040210942508771300e+09 1.040210942508771300e+09 1.175957836891731501e+09 1.175957836891731501e+09 2.654633998870849609e+00 0.000000000000000000e+00 0.000000000000000000e+00
6.200000000000000000e+01 2.250000000000000000e+00 4.000000000000000000e+00 0.000000000000000000e+00 1.040210942508771300e+09 1.040210942508771300e+09 1.175957836891731501e+09 1.175957836891731501e+09 2.664558887481689453e+00 0.000000000000000000e+00 0.000000000000000000e+00
6.200000000000000000e+01 2.000000000000000000e+00 4.000000000000000000e+00 0.000000000000000000e+00 1.040210942508771300e+09 1.040210942508771300e+09 1.175957836891731501e+09 1.175957836891731501e+09 2.635581970214843750e+00 0.000000000000000000e+00 0.000000000000000000e+00
6.200000000000000000e+01 1.750000000000000000e+00 4.000000000000000000e+00 0.000000000000000000e+00 1.040210942508771300e+09 1.040210942508771300e+09 1.175957836891731501e+09 1.175957836891731501e+09 2.677511215209960938e+00 0.000000000000000000e+00 0.000000000000000000e+00
6.200000000000000000e+01 1.500000000000000000e+00 4.000000000000000000e+00 0.000000000000000000e+00 1.040210942508771300e+09 1.040210942508771300e+09 1.175957836891731501e+09 1.175957836891731501e+09 2.671498060226440430e+00 0.000000000000000000e+00 0.000000000000000000e+00
6.200000000000000000e+01 1.250000000000000000e+00 4.000000000000000000e+00 0.000000000000000000e+00 1.040210942508771300e+09 1.040210942508771300e+09 1.175957836891731501e+09 1.175957836891731501e+09 2.666295051574707031e+00 0.000000000000000000e+00 0.000000000000000000e+00
6.200000000000000000e+01 1.000000000000000000e+00 4.000000000000000000e+00 0.000000000000000000e+00 1.040210942508771300e+09 1.040210942508771300e+09 1.175957836891731501e+09 1.175957836891731501e+09 2.653555870056152344e+00 0.000000000000000000e+00 0.000000000000000000e+00
6.200000000000000000e+01 1.000000000000000000e+00 4.000000000000000000e+00 5.000000000000000000e+00 1.040210942508771300e+09 1.040210942508771300e+09 1.175957836891731501e+09 1.175957836891731501e+09 2.842555046081542969e+00 0.000000000000000000e+00 0.000000000000000000e+00
