# run number, exp fac, ti calc, ti opt, aep init calc (kW), aep init opt (kW), aep run calc (kW), aep run opt (kW), run time (s), obj func calls, sens func calls
1.150000000000000000e+02 3.000000000000000000e+00 4.000000000000000000e+00 0.000000000000000000e+00 1.000550297121170521e+09 1.000550297121170521e+09 1.138668120994766951e+09 1.138668120994766951e+09 5.686189460754394531e+02 0.000000000000000000e+00 0.000000000000000000e+00
1.150000000000000000e+02 2.750000000000000000e+00 4.000000000000000000e+00 0.000000000000000000e+00 1.000550297121170521e+09 1.000550297121170521e+09 1.138668120994766951e+09 1.138668120994766951e+09 2.774681711196899414e+01 0.000000000000000000e+00 0.000000000000000000e+00
1.150000000000000000e+02 2.500000000000000000e+00 4.000000000000000000e+00 0.000000000000000000e+00 1.000550297121170521e+09 1.000550297121170521e+09 1.138668120994766951e+09 1.138668120994766951e+09 7.222898006439208984e+00 0.000000000000000000e+00 0.000000000000000000e+00
1.150000000000000000e+02 2.250000000000000000e+00 4.000000000000000000e+00 0.000000000000000000e+00 1.000550297121170521e+09 1.000550297121170521e+09 1.138668120994766951e+09 1.138668120994766951e+09 5.367604684829711914e+01 0.000000000000000000e+00 0.000000000000000000e+00
1.150000000000000000e+02 2.000000000000000000e+00 4.000000000000000000e+00 0.000000000000000000e+00 1.000550297121170521e+09 1.000550297121170521e+09 1.138668120994766951e+09 1.138668120994766951e+09 1.716895198822021484e+01 0.000000000000000000e+00 0.000000000000000000e+00
1.150000000000000000e+02 1.750000000000000000e+00 4.000000000000000000e+00 0.000000000000000000e+00 1.000550297121170521e+09 1.000550297121170521e+09 1.138668120994766951e+09 1.138668120994766951e+09 3.489950203895568848e+01 0.000000000000000000e+00 0.000000000000000000e+00
1.150000000000000000e+02 1.500000000000000000e+00 4.000000000000000000e+00 0.000000000000000000e+00 1.000550297121170521e+09 1.000550297121170521e+09 1.138668120994766951e+09 1.138668120994766951e+09 2.548553705215454102e+01 0.000000000000000000e+00 0.000000000000000000e+00
1.150000000000000000e+02 1.250000000000000000e+00 4.000000000000000000e+00 0.000000000000000000e+00 1.000550297121170521e+09 1.000550297121170521e+09 1.138668120994766951e+09 1.138668120994766951e+09 5.936538481712341309e+01 0.000000000000000000e+00 0.000000000000000000e+00
1.150000000000000000e+02 1.000000000000000000e+00 4.000000000000000000e+00 0.000000000000000000e+00 1.000550297121170521e+09 1.000550297121170521e+09 1.138668120994766951e+09 1.138668120994766951e+09 2.657017588615417480e+01 0.000000000000000000e+00 0.000000000000000000e+00
1.150000000000000000e+02 1.000000000000000000e+00 4.000000000000000000e+00 5.000000000000000000e+00 1.000550297121170521e+09 1.000550297121170521e+09 1.138668120994766951e+09 1.138668120994766951e+09 3.215579986572265625e+00 0.000000000000000000e+00 0.000000000000000000e+00
