# run number, exp fac, ti calc, ti opt, aep init calc (kW), aep init opt (kW), aep run calc (kW), aep run opt (kW), run time (s), obj func calls, sens func calls
7.300000000000000000e+01 3.000000000000000000e+00 4.000000000000000000e+00 0.000000000000000000e+00 1.013486086061818719e+09 1.013486086061818719e+09 1.157717783759622335e+09 1.157717783759622335e+09 5.193739089965820312e+02 0.000000000000000000e+00 0.000000000000000000e+00
7.300000000000000000e+01 2.750000000000000000e+00 4.000000000000000000e+00 0.000000000000000000e+00 1.013486086061818719e+09 1.013486086061818719e+09 1.157717783759622335e+09 1.157717783759622335e+09 2.916240215301513672e+00 0.000000000000000000e+00 0.000000000000000000e+00
7.300000000000000000e+01 2.500000000000000000e+00 4.000000000000000000e+00 0.000000000000000000e+00 1.013486086061818719e+09 1.013486086061818719e+09 1.157717783759622335e+09 1.157717783759622335e+09 2.545875072479248047e+00 0.000000000000000000e+00 0.000000000000000000e+00
7.300000000000000000e+01 2.250000000000000000e+00 4.000000000000000000e+00 0.000000000000000000e+00 1.013486086061818719e+09 1.013486086061818719e+09 1.157717783759622335e+09 1.157717783759622335e+09 2.523241996765136719e+00 0.000000000000000000e+00 0.000000000000000000e+00
7.300000000000000000e+01 2.000000000000000000e+00 4.000000000000000000e+00 0.000000000000000000e+00 1.013486086061818719e+09 1.013486086061818719e+09 1.157717783759622335e+09 1.157717783759622335e+09 2.815135002136230469e+00 0.000000000000000000e+00 0.000000000000000000e+00
7.300000000000000000e+01 1.750000000000000000e+00 4.000000000000000000e+00 0.000000000000000000e+00 1.013486086061818719e+09 1.013486086061818719e+09 1.157717783759622335e+09 1.157717783759622335e+09 2.645756959915161133e+00 0.000000000000000000e+00 0.000000000000000000e+00
7.300000000000000000e+01 1.500000000000000000e+00 4.000000000000000000e+00 0.000000000000000000e+00 1.013486086061818719e+09 1.013486086061818719e+09 1.157717783759622335e+09 1.157717783759622335e+09 2.669395923614501953e+00 0.000000000000000000e+00 0.000000000000000000e+00
7.300000000000000000e+01 1.250000000000000000e+00 4.000000000000000000e+00 0.000000000000000000e+00 1.013486086061818719e+09 1.013486086061818719e+09 1.157717783759622335e+09 1.157717783759622335e+09 2.710741043090820312e+00 0.000000000000000000e+00 0.000000000000000000e+00
7.300000000000000000e+01 1.000000000000000000e+00 4.000000000000000000e+00 0.000000000000000000e+00 1.013486086061818719e+09 1.013486086061818719e+09 1.157717783759622335e+09 1.157717783759622335e+09 2.636537075042724609e+00 0.000000000000000000e+00 0.000000000000000000e+00
7.300000000000000000e+01 1.000000000000000000e+00 4.000000000000000000e+00 5.000000000000000000e+00 1.013486086061818719e+09 1.013486086061818719e+09 1.157717783759622335e+09 1.157717783759622335e+09 2.628221988677978516e+00 0.000000000000000000e+00 0.000000000000000000e+00
