# run number, exp fac, ti calc, ti opt, aep init calc (kW), aep init opt (kW), aep run calc (kW), aep run opt (kW), run time (s), obj func calls, sens func calls
1.000000000000000000e+02 3.000000000000000000e+00 4.000000000000000000e+00 0.000000000000000000e+00 1.032610906696840882e+09 1.032610906696840882e+09 1.155740479381450891e+09 1.155740479381450891e+09 4.521723279953002930e+02 0.000000000000000000e+00 0.000000000000000000e+00
1.000000000000000000e+02 2.750000000000000000e+00 4.000000000000000000e+00 0.000000000000000000e+00 1.032610906696840882e+09 1.032610906696840882e+09 1.155740479381450891e+09 1.155740479381450891e+09 3.338881015777587891e+00 0.000000000000000000e+00 0.000000000000000000e+00
1.000000000000000000e+02 2.500000000000000000e+00 4.000000000000000000e+00 0.000000000000000000e+00 1.032610906696840882e+09 1.032610906696840882e+09 1.155740479381450891e+09 1.155740479381450891e+09 3.373788833618164062e+00 0.000000000000000000e+00 0.000000000000000000e+00
1.000000000000000000e+02 2.250000000000000000e+00 4.000000000000000000e+00 0.000000000000000000e+00 1.032610906696840882e+09 1.032610906696840882e+09 1.155740479381450891e+09 1.155740479381450891e+09 3.369533061981201172e+00 0.000000000000000000e+00 0.000000000000000000e+00
1.000000000000000000e+02 2.000000000000000000e+00 4.000000000000000000e+00 0.000000000000000000e+00 1.032610906696840882e+09 1.032610906696840882e+09 1.155740479381450891e+09 1.155740479381450891e+09 3.452515125274658203e+00 0.000000000000000000e+00 0.000000000000000000e+00
1.000000000000000000e+02 1.750000000000000000e+00 4.000000000000000000e+00 0.000000000000000000e+00 1.032610906696840882e+09 1.032610906696840882e+09 1.155740479381450891e+09 1.155740479381450891e+09 3.356467962265014648e+00 0.000000000000000000e+00 0.000000000000000000e+00
1.000000000000000000e+02 1.500000000000000000e+00 4.000000000000000000e+00 0.000000000000000000e+00 1.032610906696840882e+09 1.032610906696840882e+09 1.155740479381450891e+09 1.155740479381450891e+09 3.384850978851318359e+00 0.000000000000000000e+00 0.000000000000000000e+00
1.000000000000000000e+02 1.250000000000000000e+00 4.000000000000000000e+00 0.000000000000000000e+00 1.032610906696840882e+09 1.032610906696840882e+09 1.155740479381450891e+09 1.155740479381450891e+09 3.351665019989013672e+00 0.000000000000000000e+00 0.000000000000000000e+00
1.000000000000000000e+02 1.000000000000000000e+00 4.000000000000000000e+00 0.000000000000000000e+00 1.032610906696840882e+09 1.032610906696840882e+09 1.155740479381450891e+09 1.155740479381450891e+09 3.396607875823974609e+00 0.000000000000000000e+00 0.000000000000000000e+00
1.000000000000000000e+02 1.000000000000000000e+00 4.000000000000000000e+00 5.000000000000000000e+00 1.032610906696840882e+09 1.032610906696840882e+09 1.155740479381450891e+09 1.155740479381450891e+09 3.353383779525756836e+00 0.000000000000000000e+00 0.000000000000000000e+00
