# run number, exp fac, ti calc, ti opt, aep init calc (kW), aep init opt (kW), aep run calc (kW), aep run opt (kW), run time (s), obj func calls, sens func calls
1.530000000000000000e+02 3.000000000000000000e+00 4.000000000000000000e+00 0.000000000000000000e+00 9.929152770814324617e+08 9.929152770814324617e+08 1.157761614806790829e+09 1.157761614806790829e+09 7.352434158325195312e+02 0.000000000000000000e+00 0.000000000000000000e+00
1.530000000000000000e+02 2.750000000000000000e+00 4.000000000000000000e+00 0.000000000000000000e+00 9.929152770814324617e+08 9.929152770814324617e+08 1.157761614806790829e+09 1.157761614806790829e+09 1.794669866561889648e+00 0.000000000000000000e+00 0.000000000000000000e+00
1.530000000000000000e+02 2.500000000000000000e+00 4.000000000000000000e+00 0.000000000000000000e+00 9.929152770814324617e+08 9.929152770814324617e+08 1.157761614806790829e+09 1.157761614806790829e+09 1.816492080688476562e+00 0.000000000000000000e+00 0.000000000000000000e+00
1.530000000000000000e+02 2.250000000000000000e+00 4.000000000000000000e+00 0.000000000000000000e+00 9.929152770814324617e+08 9.929152770814324617e+08 1.157761614806790829e+09 1.157761614806790829e+09 1.801373004913330078e+00 0.000000000000000000e+00 0.000000000000000000e+00
1.530000000000000000e+02 2.000000000000000000e+00 4.000000000000000000e+00 0.000000000000000000e+00 9.929152770814324617e+08 9.929152770814324617e+08 1.157761614806790829e+09 1.157761614806790829e+09 1.673286199569702148e+00 0.000000000000000000e+00 0.000000000000000000e+00
1.530000000000000000e+02 1.750000000000000000e+00 4.000000000000000000e+00 0.000000000000000000e+00 9.929152770814324617e+08 9.929152770814324617e+08 1.157761614806790829e+09 1.157761614806790829e+09 1.606372117996215820e+00 0.000000000000000000e+00 0.000000000000000000e+00
1.530000000000000000e+02 1.500000000000000000e+00 4.000000000000000000e+00 0.000000000000000000e+00 9.929152770814324617e+08 9.929152770814324617e+08 1.157761614806790829e+09 1.157761614806790829e+09 1.712868928909301758e+00 0.000000000000000000e+00 0.000000000000000000e+00
1.530000000000000000e+02 1.250000000000000000e+00 4.000000000000000000e+00 0.000000000000000000e+00 9.929152770814324617e+08 9.929152770814324617e+08 1.157761614806790829e+09 1.157761614806790829e+09 1.742389917373657227e+00 0.000000000000000000e+00 0.000000000000000000e+00
1.530000000000000000e+02 1.000000000000000000e+00 4.000000000000000000e+00 0.000000000000000000e+00 9.929152770814324617e+08 9.929152770814324617e+08 1.157761614806790829e+09 1.157761614806790829e+09 1.923361063003540039e+00 0.000000000000000000e+00 0.000000000000000000e+00
1.530000000000000000e+02 1.000000000000000000e+00 4.000000000000000000e+00 5.000000000000000000e+00 9.929152770814324617e+08 9.929152770814324617e+08 1.157761614806790829e+09 1.157761614806790829e+09 1.743546009063720703e+00 0.000000000000000000e+00 0.000000000000000000e+00
