# run number, exp fac, ti calc, ti opt, aep init calc (kW), aep init opt (kW), aep run calc (kW), aep run opt (kW), run time (s), obj func calls, sens func calls
1.930000000000000000e+02 3.000000000000000000e+00 4.000000000000000000e+00 0.000000000000000000e+00 1.016274284312595487e+09 1.016274284312595487e+09 1.138531145193048000e+09 1.138531145193048000e+09 4.682210991382598877e+02 0.000000000000000000e+00 0.000000000000000000e+00
1.930000000000000000e+02 2.750000000000000000e+00 4.000000000000000000e+00 0.000000000000000000e+00 1.016274284312595487e+09 1.016274284312595487e+09 1.138531145193048000e+09 1.138531145193048000e+09 2.534874916076660156e+00 0.000000000000000000e+00 0.000000000000000000e+00
1.930000000000000000e+02 2.500000000000000000e+00 4.000000000000000000e+00 0.000000000000000000e+00 1.016274284312595487e+09 1.016274284312595487e+09 1.138531145193048000e+09 1.138531145193048000e+09 2.540796995162963867e+00 0.000000000000000000e+00 0.000000000000000000e+00
1.930000000000000000e+02 2.250000000000000000e+00 4.000000000000000000e+00 0.000000000000000000e+00 1.016274284312595487e+09 1.016274284312595487e+09 1.138531145193048000e+09 1.138531145193048000e+09 2.543383121490478516e+00 0.000000000000000000e+00 0.000000000000000000e+00
1.930000000000000000e+02 2.000000000000000000e+00 4.000000000000000000e+00 0.000000000000000000e+00 1.016274284312595487e+09 1.016274284312595487e+09 1.138531145193048000e+09 1.138531145193048000e+09 2.537031888961791992e+00 0.000000000000000000e+00 0.000000000000000000e+00
1.930000000000000000e+02 1.750000000000000000e+00 4.000000000000000000e+00 0.000000000000000000e+00 1.016274284312595487e+09 1.016274284312595487e+09 1.138531145193048000e+09 1.138531145193048000e+09 2.541426897048950195e+00 0.000000000000000000e+00 0.000000000000000000e+00
1.930000000000000000e+02 1.500000000000000000e+00 4.000000000000000000e+00 0.000000000000000000e+00 1.016274284312595487e+09 1.016274284312595487e+09 1.138531145193048000e+09 1.138531145193048000e+09 2.534232139587402344e+00 0.000000000000000000e+00 0.000000000000000000e+00
1.930000000000000000e+02 1.250000000000000000e+00 4.000000000000000000e+00 0.000000000000000000e+00 1.016274284312595487e+09 1.016274284312595487e+09 1.138531145193048000e+09 1.138531145193048000e+09 2.518653869628906250e+00 0.000000000000000000e+00 0.000000000000000000e+00
1.930000000000000000e+02 1.000000000000000000e+00 4.000000000000000000e+00 0.000000000000000000e+00 1.016274284312595487e+09 1.016274284312595487e+09 1.138531145193048000e+09 1.138531145193048000e+09 2.554227828979492188e+00 0.000000000000000000e+00 0.000000000000000000e+00
1.930000000000000000e+02 1.000000000000000000e+00 4.000000000000000000e+00 5.000000000000000000e+00 1.016274284312595487e+09 1.016274284312595487e+09 1.138531145193048000e+09 1.138531145193048000e+09 2.526380062103271484e+00 0.000000000000000000e+00 0.000000000000000000e+00
