# run number, exp fac, ti calc, ti opt, aep init calc (kW), aep init opt (kW), aep run calc (kW), aep run opt (kW), run time (s), obj func calls, sens func calls
1.280000000000000000e+02 3.000000000000000000e+00 4.000000000000000000e+00 0.000000000000000000e+00 1.003868819173990011e+09 1.003868819173990011e+09 1.169481513039339066e+09 1.169481513039339066e+09 6.091818449497222900e+02 0.000000000000000000e+00 0.000000000000000000e+00
1.280000000000000000e+02 2.750000000000000000e+00 4.000000000000000000e+00 0.000000000000000000e+00 1.003868819173990011e+09 1.003868819173990011e+09 1.169481513039339066e+09 1.169481513039339066e+09 2.483433961868286133e+00 0.000000000000000000e+00 0.000000000000000000e+00
1.280000000000000000e+02 2.500000000000000000e+00 4.000000000000000000e+00 0.000000000000000000e+00 1.003868819173990011e+09 1.003868819173990011e+09 1.169481513039339066e+09 1.169481513039339066e+09 2.557250022888183594e+00 0.000000000000000000e+00 0.000000000000000000e+00
1.280000000000000000e+02 2.250000000000000000e+00 4.000000000000000000e+00 0.000000000000000000e+00 1.003868819173990011e+09 1.003868819173990011e+09 1.169481513039339066e+09 1.169481513039339066e+09 2.518402814865112305e+00 0.000000000000000000e+00 0.000000000000000000e+00
1.280000000000000000e+02 2.000000000000000000e+00 4.000000000000000000e+00 0.000000000000000000e+00 1.003868819173990011e+09 1.003868819173990011e+09 1.169481513039339066e+09 1.169481513039339066e+09 2.515056133270263672e+00 0.000000000000000000e+00 0.000000000000000000e+00
1.280000000000000000e+02 1.750000000000000000e+00 4.000000000000000000e+00 0.000000000000000000e+00 1.003868819173990011e+09 1.003868819173990011e+09 1.169481513039339066e+09 1.169481513039339066e+09 2.529288053512573242e+00 0.000000000000000000e+00 0.000000000000000000e+00
1.280000000000000000e+02 1.500000000000000000e+00 4.000000000000000000e+00 0.000000000000000000e+00 1.003868819173990011e+09 1.003868819173990011e+09 1.169481513039339066e+09 1.169481513039339066e+09 2.560575008392333984e+00 0.000000000000000000e+00 0.000000000000000000e+00
1.280000000000000000e+02 1.250000000000000000e+00 4.000000000000000000e+00 0.000000000000000000e+00 1.003868819173990011e+09 1.003868819173990011e+09 1.169481513039339066e+09 1.169481513039339066e+09 2.517997980117797852e+00 0.000000000000000000e+00 0.000000000000000000e+00
1.280000000000000000e+02 1.000000000000000000e+00 4.000000000000000000e+00 0.000000000000000000e+00 1.003868819173990011e+09 1.003868819173990011e+09 1.169481513039339066e+09 1.169481513039339066e+09 2.501931190490722656e+00 0.000000000000000000e+00 0.000000000000000000e+00
1.280000000000000000e+02 1.000000000000000000e+00 4.000000000000000000e+00 5.000000000000000000e+00 1.003868819173990011e+09 1.003868819173990011e+09 1.169481513039339066e+09 1.169481513039339066e+09 2.514286994934082031e+00 0.000000000000000000e+00 0.000000000000000000e+00
