# run number, exp fac, ti calc, ti opt, aep init calc (kW), aep init opt (kW), aep run calc (kW), aep run opt (kW), run time (s), obj func calls, sens func calls
1.800000000000000000e+02 3.000000000000000000e+00 4.000000000000000000e+00 0.000000000000000000e+00 9.989765809706653357e+08 9.989765809706653357e+08 1.160306484015049934e+09 1.160306484015049934e+09 6.201614201068878174e+02 0.000000000000000000e+00 0.000000000000000000e+00
1.800000000000000000e+02 2.750000000000000000e+00 4.000000000000000000e+00 0.000000000000000000e+00 9.989765809706653357e+08 9.989765809706653357e+08 1.160306484015049934e+09 1.160306484015049934e+09 1.042480599880218506e+02 0.000000000000000000e+00 0.000000000000000000e+00
1.800000000000000000e+02 2.500000000000000000e+00 4.000000000000000000e+00 0.000000000000000000e+00 9.989765809706653357e+08 9.989765809706653357e+08 1.160306484015049934e+09 1.160306484015049934e+09 3.478091907501220703e+01 0.000000000000000000e+00 0.000000000000000000e+00
1.800000000000000000e+02 2.250000000000000000e+00 4.000000000000000000e+00 0.000000000000000000e+00 9.989765809706653357e+08 9.989765809706653357e+08 1.160306484015049934e+09 1.160306484015049934e+09 1.968346118927001953e+00 0.000000000000000000e+00 0.000000000000000000e+00
1.800000000000000000e+02 2.000000000000000000e+00 4.000000000000000000e+00 0.000000000000000000e+00 9.989765809706653357e+08 9.989765809706653357e+08 1.160306484015049934e+09 1.160306484015049934e+09 1.985194921493530273e+00 0.000000000000000000e+00 0.000000000000000000e+00
1.800000000000000000e+02 1.750000000000000000e+00 4.000000000000000000e+00 0.000000000000000000e+00 9.989765809706653357e+08 9.989765809706653357e+08 1.160306484015049934e+09 1.160306484015049934e+09 1.984859943389892578e+00 0.000000000000000000e+00 0.000000000000000000e+00
1.800000000000000000e+02 1.500000000000000000e+00 4.000000000000000000e+00 0.000000000000000000e+00 9.989765809706653357e+08 9.989765809706653357e+08 1.160306484015049934e+09 1.160306484015049934e+09 1.961596012115478516e+00 0.000000000000000000e+00 0.000000000000000000e+00
1.800000000000000000e+02 1.250000000000000000e+00 4.000000000000000000e+00 0.000000000000000000e+00 9.989765809706653357e+08 9.989765809706653357e+08 1.160306484015049934e+09 1.160306484015049934e+09 1.990141153335571289e+00 0.000000000000000000e+00 0.000000000000000000e+00
1.800000000000000000e+02 1.000000000000000000e+00 4.000000000000000000e+00 0.000000000000000000e+00 9.989765809706653357e+08 9.989765809706653357e+08 1.160306484015049934e+09 1.160306484015049934e+09 1.971457958221435547e+00 0.000000000000000000e+00 0.000000000000000000e+00
1.800000000000000000e+02 1.000000000000000000e+00 4.000000000000000000e+00 5.000000000000000000e+00 9.989765809706653357e+08 9.989765809706653357e+08 1.160306484015049934e+09 1.160306484015049934e+09 1.967242956161499023e+00 0.000000000000000000e+00 0.000000000000000000e+00
