# run number, exp fac, ti calc, ti opt, aep init calc (kW), aep init opt (kW), aep run calc (kW), aep run opt (kW), run time (s), obj func calls, sens func calls
1.870000000000000000e+02 3.000000000000000000e+00 4.000000000000000000e+00 0.000000000000000000e+00 1.036913070003448367e+09 1.036913070003448367e+09 1.171017906850286245e+09 1.171017906850286245e+09 6.679721131324768066e+02 0.000000000000000000e+00 0.000000000000000000e+00
1.870000000000000000e+02 2.750000000000000000e+00 4.000000000000000000e+00 0.000000000000000000e+00 1.036913070003448367e+09 1.036913070003448367e+09 1.171017906850286245e+09 1.171017906850286245e+09 1.616098880767822266e+00 0.000000000000000000e+00 0.000000000000000000e+00
1.870000000000000000e+02 2.500000000000000000e+00 4.000000000000000000e+00 0.000000000000000000e+00 1.036913070003448367e+09 1.036913070003448367e+09 1.171017906850286245e+09 1.171017906850286245e+09 1.563906908035278320e+00 0.000000000000000000e+00 0.000000000000000000e+00
1.870000000000000000e+02 2.250000000000000000e+00 4.000000000000000000e+00 0.000000000000000000e+00 1.036913070003448367e+09 1.036913070003448367e+09 1.171017906850286245e+09 1.171017906850286245e+09 1.490819931030273438e+00 0.000000000000000000e+00 0.000000000000000000e+00
1.870000000000000000e+02 2.000000000000000000e+00 4.000000000000000000e+00 0.000000000000000000e+00 1.036913070003448367e+09 1.036913070003448367e+09 1.171017906850286245e+09 1.171017906850286245e+09 1.717871904373168945e+00 0.000000000000000000e+00 0.000000000000000000e+00
1.870000000000000000e+02 1.750000000000000000e+00 4.000000000000000000e+00 0.000000000000000000e+00 1.036913070003448367e+09 1.036913070003448367e+09 1.171017906850286245e+09 1.171017906850286245e+09 1.636873006820678711e+00 0.000000000000000000e+00 0.000000000000000000e+00
1.870000000000000000e+02 1.500000000000000000e+00 4.000000000000000000e+00 0.000000000000000000e+00 1.036913070003448367e+09 1.036913070003448367e+09 1.171017906850286245e+09 1.171017906850286245e+09 1.769003152847290039e+00 0.000000000000000000e+00 0.000000000000000000e+00
1.870000000000000000e+02 1.250000000000000000e+00 4.000000000000000000e+00 0.000000000000000000e+00 1.036913070003448367e+09 1.036913070003448367e+09 1.171017906850286245e+09 1.171017906850286245e+09 1.671274185180664062e+00 0.000000000000000000e+00 0.000000000000000000e+00
1.870000000000000000e+02 1.000000000000000000e+00 4.000000000000000000e+00 0.000000000000000000e+00 1.036913070003448367e+09 1.036913070003448367e+09 1.171017906850286245e+09 1.171017906850286245e+09 1.671972990036010742e+00 0.000000000000000000e+00 0.000000000000000000e+00
1.870000000000000000e+02 1.000000000000000000e+00 4.000000000000000000e+00 5.000000000000000000e+00 1.036913070003448367e+09 1.036913070003448367e+09 1.171017906850286245e+09 1.171017906850286245e+09 1.672857999801635742e+00 0.000000000000000000e+00 0.000000000000000000e+00
