# run number, exp fac, ti calc, ti opt, aep init calc (kW), aep init opt (kW), aep run calc (kW), aep run opt (kW), run time (s), obj func calls, sens func calls
1.390000000000000000e+02 3.000000000000000000e+00 4.000000000000000000e+00 0.000000000000000000e+00 1.021959341961506844e+09 1.021959341961506844e+09 1.139411395988663197e+09 1.139411395988663197e+09 4.164730799198150635e+02 0.000000000000000000e+00 0.000000000000000000e+00
1.390000000000000000e+02 2.750000000000000000e+00 4.000000000000000000e+00 0.000000000000000000e+00 1.021959341961506844e+09 1.021959341961506844e+09 1.139411395988663197e+09 1.139411395988663197e+09 2.816460132598876953e+00 0.000000000000000000e+00 0.000000000000000000e+00
1.390000000000000000e+02 2.500000000000000000e+00 4.000000000000000000e+00 0.000000000000000000e+00 1.021959341961506844e+09 1.021959341961506844e+09 1.139411395988663197e+09 1.139411395988663197e+09 2.390650987625122070e+00 0.000000000000000000e+00 0.000000000000000000e+00
1.390000000000000000e+02 2.250000000000000000e+00 4.000000000000000000e+00 0.000000000000000000e+00 1.021959341961506844e+09 1.021959341961506844e+09 1.139411395988663197e+09 1.139411395988663197e+09 2.363690137863159180e+00 0.000000000000000000e+00 0.000000000000000000e+00
1.390000000000000000e+02 2.000000000000000000e+00 4.000000000000000000e+00 0.000000000000000000e+00 1.021959341961506844e+09 1.021959341961506844e+09 1.139411395988663197e+09 1.139411395988663197e+09 2.347200155258178711e+00 0.000000000000000000e+00 0.000000000000000000e+00
1.390000000000000000e+02 1.750000000000000000e+00 4.000000000000000000e+00 0.000000000000000000e+00 1.021959341961506844e+09 1.021959341961506844e+09 1.139411395988663197e+09 1.139411395988663197e+09 2.291852951049804688e+00 0.000000000000000000e+00 0.000000000000000000e+00
1.390000000000000000e+02 1.500000000000000000e+00 4.000000000000000000e+00 0.000000000000000000e+00 1.021959341961506844e+09 1.021959341961506844e+09 1.139411395988663197e+09 1.139411395988663197e+09 2.905016899108886719e+00 0.000000000000000000e+00 0.000000000000000000e+00
1.390000000000000000e+02 1.250000000000000000e+00 4.000000000000000000e+00 0.000000000000000000e+00 1.021959341961506844e+09 1.021959341961506844e+09 1.139411395988663197e+09 1.139411395988663197e+09 2.188911914825439453e+00 0.000000000000000000e+00 0.000000000000000000e+00
1.390000000000000000e+02 1.000000000000000000e+00 4.000000000000000000e+00 0.000000000000000000e+00 1.021959341961506844e+09 1.021959341961506844e+09 1.139411395988663197e+09 1.139411395988663197e+09 2.292386054992675781e+00 0.000000000000000000e+00 0.000000000000000000e+00
1.390000000000000000e+02 1.000000000000000000e+00 4.000000000000000000e+00 5.000000000000000000e+00 1.021959341961506844e+09 1.021959341961506844e+09 1.139411395988663197e+09 1.139411395988663197e+09 2.406842947006225586e+00 0.000000000000000000e+00 0.000000000000000000e+00
