# run number, exp fac, ti calc, ti opt, aep init calc (kW), aep init opt (kW), aep run calc (kW), aep run opt (kW), run time (s), obj func calls, sens func calls
5.600000000000000000e+01 3.000000000000000000e+00 4.000000000000000000e+00 0.000000000000000000e+00 1.016458511286144495e+09 1.016458511286144495e+09 1.164628766186341286e+09 1.164628766186341286e+09 4.115458588600158691e+02 0.000000000000000000e+00 0.000000000000000000e+00
5.600000000000000000e+01 2.750000000000000000e+00 4.000000000000000000e+00 0.000000000000000000e+00 1.016458511286144495e+09 1.016458511286144495e+09 1.164628766186341286e+09 1.164628766186341286e+09 3.424292087554931641e+00 0.000000000000000000e+00 0.000000000000000000e+00
5.600000000000000000e+01 2.500000000000000000e+00 4.000000000000000000e+00 0.000000000000000000e+00 1.016458511286144495e+09 1.016458511286144495e+09 1.164628766186341286e+09 1.164628766186341286e+09 3.113759040832519531e+00 0.000000000000000000e+00 0.000000000000000000e+00
5.600000000000000000e+01 2.250000000000000000e+00 4.000000000000000000e+00 0.000000000000000000e+00 1.016458511286144495e+09 1.016458511286144495e+09 1.164628766186341286e+09 1.164628766186341286e+09 2.748511791229248047e+00 0.000000000000000000e+00 0.000000000000000000e+00
5.600000000000000000e+01 2.000000000000000000e+00 4.000000000000000000e+00 0.000000000000000000e+00 1.016458511286144495e+09 1.016458511286144495e+09 1.164628766186341286e+09 1.164628766186341286e+09 2.925181865692138672e+00 0.000000000000000000e+00 0.000000000000000000e+00
5.600000000000000000e+01 1.750000000000000000e+00 4.000000000000000000e+00 0.000000000000000000e+00 1.016458511286144495e+09 1.016458511286144495e+09 1.164628766186341286e+09 1.164628766186341286e+09 2.689073085784912109e+00 0.000000000000000000e+00 0.000000000000000000e+00
5.600000000000000000e+01 1.500000000000000000e+00 4.000000000000000000e+00 0.000000000000000000e+00 1.016458511286144495e+09 1.016458511286144495e+09 1.164628766186341286e+09 1.164628766186341286e+09 2.813417911529541016e+00 0.000000000000000000e+00 0.000000000000000000e+00
5.600000000000000000e+01 1.250000000000000000e+00 4.000000000000000000e+00 0.000000000000000000e+00 1.016458511286144495e+09 1.016458511286144495e+09 1.164628766186341286e+09 1.164628766186341286e+09 2.826643943786621094e+00 0.000000000000000000e+00 0.000000000000000000e+00
5.600000000000000000e+01 1.000000000000000000e+00 4.000000000000000000e+00 0.000000000000000000e+00 1.016458511286144495e+09 1.016458511286144495e+09 1.164628766186341286e+09 1.164628766186341286e+09 2.824709177017211914e+00 0.000000000000000000e+00 0.000000000000000000e+00
5.600000000000000000e+01 1.000000000000000000e+00 4.000000000000000000e+00 5.000000000000000000e+00 1.016458511286144495e+09 1.016458511286144495e+09 1.164628766186341286e+09 1.164628766186341286e+09 2.788178205490112305e+00 0.000000000000000000e+00 0.000000000000000000e+00
