# run number, exp fac, ti calc, ti opt, aep init calc (kW), aep init opt (kW), aep run calc (kW), aep run opt (kW), run time (s), obj func calls, sens func calls
9.000000000000000000e+01 3.000000000000000000e+00 4.000000000000000000e+00 0.000000000000000000e+00 1.015868067629272699e+09 1.015868067629272699e+09 1.164102976663256168e+09 1.164102976663256168e+09 8.211174681186676025e+02 0.000000000000000000e+00 0.000000000000000000e+00
9.000000000000000000e+01 2.750000000000000000e+00 4.000000000000000000e+00 0.000000000000000000e+00 1.015868067629272699e+09 1.015868067629272699e+09 1.164102976663256168e+09 1.164102976663256168e+09 3.320148944854736328e+00 0.000000000000000000e+00 0.000000000000000000e+00
9.000000000000000000e+01 2.500000000000000000e+00 4.000000000000000000e+00 0.000000000000000000e+00 1.015868067629272699e+09 1.015868067629272699e+09 1.164102976663256168e+09 1.164102976663256168e+09 3.220668077468872070e+00 0.000000000000000000e+00 0.000000000000000000e+00
9.000000000000000000e+01 2.250000000000000000e+00 4.000000000000000000e+00 0.000000000000000000e+00 1.015868067629272699e+09 1.015868067629272699e+09 1.164102976663256168e+09 1.164102976663256168e+09 3.136696100234985352e+00 0.000000000000000000e+00 0.000000000000000000e+00
9.000000000000000000e+01 2.000000000000000000e+00 4.000000000000000000e+00 0.000000000000000000e+00 1.015868067629272699e+09 1.015868067629272699e+09 1.164102976663256168e+09 1.164102976663256168e+09 3.134486913681030273e+00 0.000000000000000000e+00 0.000000000000000000e+00
9.000000000000000000e+01 1.750000000000000000e+00 4.000000000000000000e+00 0.000000000000000000e+00 1.015868067629272699e+09 1.015868067629272699e+09 1.164102976663256168e+09 1.164102976663256168e+09 3.130749940872192383e+00 0.000000000000000000e+00 0.000000000000000000e+00
9.000000000000000000e+01 1.500000000000000000e+00 4.000000000000000000e+00 0.000000000000000000e+00 1.015868067629272699e+09 1.015868067629272699e+09 1.164102976663256168e+09 1.164102976663256168e+09 3.149255990982055664e+00 0.000000000000000000e+00 0.000000000000000000e+00
9.000000000000000000e+01 1.250000000000000000e+00 4.000000000000000000e+00 0.000000000000000000e+00 1.015868067629272699e+09 1.015868067629272699e+09 1.164102976663256168e+09 1.164102976663256168e+09 3.307084083557128906e+00 0.000000000000000000e+00 0.000000000000000000e+00
9.000000000000000000e+01 1.000000000000000000e+00 4.000000000000000000e+00 0.000000000000000000e+00 1.015868067629272699e+09 1.015868067629272699e+09 1.164102976663256168e+09 1.164102976663256168e+09 3.263998031616210938e+00 0.000000000000000000e+00 0.000000000000000000e+00
9.000000000000000000e+01 1.000000000000000000e+00 4.000000000000000000e+00 5.000000000000000000e+00 1.015868067629272699e+09 1.015868067629272699e+09 1.164102976663256168e+09 1.164102976663256168e+09 3.297830104827880859e+00 0.000000000000000000e+00 0.000000000000000000e+00
