# run number, exp fac, ti calc, ti opt, aep init calc (kW), aep init opt (kW), aep run calc (kW), aep run opt (kW), run time (s), obj func calls, sens func calls
4.300000000000000000e+01 3.000000000000000000e+00 4.000000000000000000e+00 0.000000000000000000e+00 9.967003508454643488e+08 9.967003508454643488e+08 1.159846261401755810e+09 1.159846261401755810e+09 7.171439440250396729e+02 0.000000000000000000e+00 0.000000000000000000e+00
4.300000000000000000e+01 2.750000000000000000e+00 4.000000000000000000e+00 0.000000000000000000e+00 9.967003508454643488e+08 9.967003508454643488e+08 1.159846261401755810e+09 1.159846261401755810e+09 2.615479946136474609e+00 0.000000000000000000e+00 0.000000000000000000e+00
4.300000000000000000e+01 2.500000000000000000e+00 4.000000000000000000e+00 0.000000000000000000e+00 9.967003508454643488e+08 9.967003508454643488e+08 1.159846261401755810e+09 1.159846261401755810e+09 2.620708227157592773e+00 0.000000000000000000e+00 0.000000000000000000e+00
4.300000000000000000e+01 2.250000000000000000e+00 4.000000000000000000e+00 0.000000000000000000e+00 9.967003508454643488e+08 9.967003508454643488e+08 1.159846261401755810e+09 1.159846261401755810e+09 2.642046928405761719e+00 0.000000000000000000e+00 0.000000000000000000e+00
4.300000000000000000e+01 2.000000000000000000e+00 4.000000000000000000e+00 0.000000000000000000e+00 9.967003508454643488e+08 9.967003508454643488e+08 1.159846261401755810e+09 1.159846261401755810e+09 2.640083074569702148e+00 0.000000000000000000e+00 0.000000000000000000e+00
4.300000000000000000e+01 1.750000000000000000e+00 4.000000000000000000e+00 0.000000000000000000e+00 9.967003508454643488e+08 9.967003508454643488e+08 1.159846261401755810e+09 1.159846261401755810e+09 2.650471925735473633e+00 0.000000000000000000e+00 0.000000000000000000e+00
4.300000000000000000e+01 1.500000000000000000e+00 4.000000000000000000e+00 0.000000000000000000e+00 9.967003508454643488e+08 9.967003508454643488e+08 1.159846261401755810e+09 1.159846261401755810e+09 2.630100965499877930e+00 0.000000000000000000e+00 0.000000000000000000e+00
4.300000000000000000e+01 1.250000000000000000e+00 4.000000000000000000e+00 0.000000000000000000e+00 9.967003508454643488e+08 9.967003508454643488e+08 1.159846261401755810e+09 1.159846261401755810e+09 2.619068145751953125e+00 0.000000000000000000e+00 0.000000000000000000e+00
4.300000000000000000e+01 1.000000000000000000e+00 4.000000000000000000e+00 0.000000000000000000e+00 9.967003508454643488e+08 9.967003508454643488e+08 1.159846261401755810e+09 1.159846261401755810e+09 2.620323896408081055e+00 0.000000000000000000e+00 0.000000000000000000e+00
4.300000000000000000e+01 1.000000000000000000e+00 4.000000000000000000e+00 5.000000000000000000e+00 9.967003508454643488e+08 9.967003508454643488e+08 1.159846261401755810e+09 1.159846261401755810e+09 2.612914085388183594e+00 0.000000000000000000e+00 0.000000000000000000e+00
