# run number, exp fac, ti calc, ti opt, aep init calc (kW), aep init opt (kW), aep run calc (kW), aep run opt (kW), run time (s), obj func calls, sens func calls
8.700000000000000000e+01 3.000000000000000000e+00 4.000000000000000000e+00 0.000000000000000000e+00 1.026639349263336778e+09 1.026639349263336778e+09 1.164139047588014126e+09 1.164139047588014126e+09 4.131157441139221191e+02 0.000000000000000000e+00 0.000000000000000000e+00
8.700000000000000000e+01 2.750000000000000000e+00 4.000000000000000000e+00 0.000000000000000000e+00 1.026639349263336778e+09 1.026639349263336778e+09 1.164139047588014126e+09 1.164139047588014126e+09 2.553560972213745117e+00 0.000000000000000000e+00 0.000000000000000000e+00
8.700000000000000000e+01 2.500000000000000000e+00 4.000000000000000000e+00 0.000000000000000000e+00 1.026639349263336778e+09 1.026639349263336778e+09 1.164139047588014126e+09 1.164139047588014126e+09 2.707186937332153320e+00 0.000000000000000000e+00 0.000000000000000000e+00
8.700000000000000000e+01 2.250000000000000000e+00 4.000000000000000000e+00 0.000000000000000000e+00 1.026639349263336778e+09 1.026639349263336778e+09 1.164139047588014126e+09 1.164139047588014126e+09 2.578929185867309570e+00 0.000000000000000000e+00 0.000000000000000000e+00
8.700000000000000000e+01 2.000000000000000000e+00 4.000000000000000000e+00 0.000000000000000000e+00 1.026639349263336778e+09 1.026639349263336778e+09 1.164139047588014126e+09 1.164139047588014126e+09 2.561728954315185547e+00 0.000000000000000000e+00 0.000000000000000000e+00
8.700000000000000000e+01 1.750000000000000000e+00 4.000000000000000000e+00 0.000000000000000000e+00 1.026639349263336778e+09 1.026639349263336778e+09 1.164139047588014126e+09 1.164139047588014126e+09 2.560536861419677734e+00 0.000000000000000000e+00 0.000000000000000000e+00
8.700000000000000000e+01 1.500000000000000000e+00 4.000000000000000000e+00 0.000000000000000000e+00 1.026639349263336778e+09 1.026639349263336778e+09 1.164139047588014126e+09 1.164139047588014126e+09 2.552298069000244141e+00 0.000000000000000000e+00 0.000000000000000000e+00
8.700000000000000000e+01 1.250000000000000000e+00 4.000000000000000000e+00 0.000000000000000000e+00 1.026639349263336778e+09 1.026639349263336778e+09 1.164139047588014126e+09 1.164139047588014126e+09 2.622534990310668945e+00 0.000000000000000000e+00 0.000000000000000000e+00
8.700000000000000000e+01 1.000000000000000000e+00 4.000000000000000000e+00 0.000000000000000000e+00 1.026639349263336778e+09 1.026639349263336778e+09 1.164139047588014126e+09 1.164139047588014126e+09 2.611362934112548828e+00 0.000000000000000000e+00 0.000000000000000000e+00
8.700000000000000000e+01 1.000000000000000000e+00 4.000000000000000000e+00 5.000000000000000000e+00 1.026639349263336778e+09 1.026639349263336778e+09 1.164139047588014126e+09 1.164139047588014126e+09 2.561089992523193359e+00 0.000000000000000000e+00 0.000000000000000000e+00
