# run number, exp fac, ti calc, ti opt, aep init calc (kW), aep init opt (kW), aep run calc (kW), aep run opt (kW), run time (s), obj func calls, sens func calls
7.000000000000000000e+00 3.000000000000000000e+00 4.000000000000000000e+00 0.000000000000000000e+00 1.015888517891083956e+09 1.015888517891083956e+09 1.171238209707208872e+09 1.171238209707208872e+09 6.046092150211334229e+02 0.000000000000000000e+00 0.000000000000000000e+00
7.000000000000000000e+00 2.750000000000000000e+00 4.000000000000000000e+00 0.000000000000000000e+00 1.015888517891083956e+09 1.015888517891083956e+09 1.171238209707208872e+09 1.171238209707208872e+09 2.294084072113037109e+00 0.000000000000000000e+00 0.000000000000000000e+00
7.000000000000000000e+00 2.500000000000000000e+00 4.000000000000000000e+00 0.000000000000000000e+00 1.015888517891083956e+09 1.015888517891083956e+09 1.171238209707208872e+09 1.171238209707208872e+09 2.383272886276245117e+00 0.000000000000000000e+00 0.000000000000000000e+00
7.000000000000000000e+00 2.250000000000000000e+00 4.000000000000000000e+00 0.000000000000000000e+00 1.015888517891083956e+09 1.015888517891083956e+09 1.171238209707208872e+09 1.171238209707208872e+09 2.394176006317138672e+00 0.000000000000000000e+00 0.000000000000000000e+00
7.000000000000000000e+00 2.000000000000000000e+00 4.000000000000000000e+00 0.000000000000000000e+00 1.015888517891083956e+09 1.015888517891083956e+09 1.171238209707208872e+09 1.171238209707208872e+09 2.420163869857788086e+00 0.000000000000000000e+00 0.000000000000000000e+00
7.000000000000000000e+00 1.750000000000000000e+00 4.000000000000000000e+00 0.000000000000000000e+00 1.015888517891083956e+09 1.015888517891083956e+09 1.171238209707208872e+09 1.171238209707208872e+09 2.410982131958007812e+00 0.000000000000000000e+00 0.000000000000000000e+00
7.000000000000000000e+00 1.500000000000000000e+00 4.000000000000000000e+00 0.000000000000000000e+00 1.015888517891083956e+09 1.015888517891083956e+09 1.171238209707208872e+09 1.171238209707208872e+09 2.447491168975830078e+00 0.000000000000000000e+00 0.000000000000000000e+00
7.000000000000000000e+00 1.250000000000000000e+00 4.000000000000000000e+00 0.000000000000000000e+00 1.015888517891083956e+09 1.015888517891083956e+09 1.171238209707208872e+09 1.171238209707208872e+09 2.410320997238159180e+00 0.000000000000000000e+00 0.000000000000000000e+00
7.000000000000000000e+00 1.000000000000000000e+00 4.000000000000000000e+00 0.000000000000000000e+00 1.015888517891083956e+09 1.015888517891083956e+09 1.171238209707208872e+09 1.171238209707208872e+09 2.297779083251953125e+00 0.000000000000000000e+00 0.000000000000000000e+00
7.000000000000000000e+00 1.000000000000000000e+00 4.000000000000000000e+00 5.000000000000000000e+00 1.015888517891083956e+09 1.015888517891083956e+09 1.171238209707208872e+09 1.171238209707208872e+09 2.376499891281127930e+00 0.000000000000000000e+00 0.000000000000000000e+00
