# run number, exp fac, ti calc, ti opt, aep init calc (kW), aep init opt (kW), aep run calc (kW), aep run opt (kW), run time (s), obj func calls, sens func calls
1.850000000000000000e+02 3.000000000000000000e+00 4.000000000000000000e+00 0.000000000000000000e+00 1.032367611936914444e+09 1.032367611936914444e+09 1.162641401495675325e+09 1.162641401495675325e+09 4.150170898437500000e+02 0.000000000000000000e+00 0.000000000000000000e+00
1.850000000000000000e+02 2.750000000000000000e+00 4.000000000000000000e+00 0.000000000000000000e+00 1.032367611936914444e+09 1.032367611936914444e+09 1.162641401495675325e+09 1.162641401495675325e+09 2.963349103927612305e+00 0.000000000000000000e+00 0.000000000000000000e+00
1.850000000000000000e+02 2.500000000000000000e+00 4.000000000000000000e+00 0.000000000000000000e+00 1.032367611936914444e+09 1.032367611936914444e+09 1.162641401495675325e+09 1.162641401495675325e+09 2.961443901062011719e+00 0.000000000000000000e+00 0.000000000000000000e+00
1.850000000000000000e+02 2.250000000000000000e+00 4.000000000000000000e+00 0.000000000000000000e+00 1.032367611936914444e+09 1.032367611936914444e+09 1.162641401495675325e+09 1.162641401495675325e+09 2.971851825714111328e+00 0.000000000000000000e+00 0.000000000000000000e+00
1.850000000000000000e+02 2.000000000000000000e+00 4.000000000000000000e+00 0.000000000000000000e+00 1.032367611936914444e+09 1.032367611936914444e+09 1.162641401495675325e+09 1.162641401495675325e+09 2.962490081787109375e+00 0.000000000000000000e+00 0.000000000000000000e+00
1.850000000000000000e+02 1.750000000000000000e+00 4.000000000000000000e+00 0.000000000000000000e+00 1.032367611936914444e+09 1.032367611936914444e+09 1.162641401495675325e+09 1.162641401495675325e+09 2.960667133331298828e+00 0.000000000000000000e+00 0.000000000000000000e+00
1.850000000000000000e+02 1.500000000000000000e+00 4.000000000000000000e+00 0.000000000000000000e+00 1.032367611936914444e+09 1.032367611936914444e+09 1.162641401495675325e+09 1.162641401495675325e+09 2.975599050521850586e+00 0.000000000000000000e+00 0.000000000000000000e+00
1.850000000000000000e+02 1.250000000000000000e+00 4.000000000000000000e+00 0.000000000000000000e+00 1.032367611936914444e+09 1.032367611936914444e+09 1.162641401495675325e+09 1.162641401495675325e+09 2.993546962738037109e+00 0.000000000000000000e+00 0.000000000000000000e+00
1.850000000000000000e+02 1.000000000000000000e+00 4.000000000000000000e+00 0.000000000000000000e+00 1.032367611936914444e+09 1.032367611936914444e+09 1.162641401495675325e+09 1.162641401495675325e+09 2.943330049514770508e+00 0.000000000000000000e+00 0.000000000000000000e+00
1.850000000000000000e+02 1.000000000000000000e+00 4.000000000000000000e+00 5.000000000000000000e+00 1.032367611936914444e+09 1.032367611936914444e+09 1.162641401495675325e+09 1.162641401495675325e+09 3.013088941574096680e+00 0.000000000000000000e+00 0.000000000000000000e+00
