# run number, exp fac, ti calc, ti opt, aep init calc (kW), aep init opt (kW), aep run calc (kW), aep run opt (kW), run time (s), obj func calls, sens func calls
3.000000000000000000e+01 3.000000000000000000e+00 4.000000000000000000e+00 0.000000000000000000e+00 1.008938657985641003e+09 1.008938657985641003e+09 1.184556479449643135e+09 1.184556479449643135e+09 3.808915839195251465e+02 0.000000000000000000e+00 0.000000000000000000e+00
3.000000000000000000e+01 2.750000000000000000e+00 4.000000000000000000e+00 0.000000000000000000e+00 1.008938657985641003e+09 1.008938657985641003e+09 1.184556479449643135e+09 1.184556479449643135e+09 2.603280067443847656e+00 0.000000000000000000e+00 0.000000000000000000e+00
3.000000000000000000e+01 2.500000000000000000e+00 4.000000000000000000e+00 0.000000000000000000e+00 1.008938657985641003e+09 1.008938657985641003e+09 1.184556479449643135e+09 1.184556479449643135e+09 2.662363052368164062e+00 0.000000000000000000e+00 0.000000000000000000e+00
3.000000000000000000e+01 2.250000000000000000e+00 4.000000000000000000e+00 0.000000000000000000e+00 1.008938657985641003e+09 1.008938657985641003e+09 1.184556479449643135e+09 1.184556479449643135e+09 2.750349044799804688e+00 0.000000000000000000e+00 0.000000000000000000e+00
3.000000000000000000e+01 2.000000000000000000e+00 4.000000000000000000e+00 0.000000000000000000e+00 1.008938657985641003e+09 1.008938657985641003e+09 1.184556479449643135e+09 1.184556479449643135e+09 2.536250829696655273e+00 0.000000000000000000e+00 0.000000000000000000e+00
3.000000000000000000e+01 1.750000000000000000e+00 4.000000000000000000e+00 0.000000000000000000e+00 1.008938657985641003e+09 1.008938657985641003e+09 1.184556479449643135e+09 1.184556479449643135e+09 2.671293020248413086e+00 0.000000000000000000e+00 0.000000000000000000e+00
3.000000000000000000e+01 1.500000000000000000e+00 4.000000000000000000e+00 0.000000000000000000e+00 1.008938657985641003e+09 1.008938657985641003e+09 1.184556479449643135e+09 1.184556479449643135e+09 2.568439960479736328e+00 0.000000000000000000e+00 0.000000000000000000e+00
3.000000000000000000e+01 1.250000000000000000e+00 4.000000000000000000e+00 0.000000000000000000e+00 1.008938657985641003e+09 1.008938657985641003e+09 1.184556479449643135e+09 1.184556479449643135e+09 2.576752901077270508e+00 0.000000000000000000e+00 0.000000000000000000e+00
3.000000000000000000e+01 1.000000000000000000e+00 4.000000000000000000e+00 0.000000000000000000e+00 1.008938657985641003e+09 1.008938657985641003e+09 1.184556479449643135e+09 1.184556479449643135e+09 2.629242897033691406e+00 0.000000000000000000e+00 0.000000000000000000e+00
3.000000000000000000e+01 1.000000000000000000e+00 4.000000000000000000e+00 5.000000000000000000e+00 1.008938657985641003e+09 1.008938657985641003e+09 1.184556479449643135e+09 1.184556479449643135e+09 2.604668140411376953e+00 0.000000000000000000e+00 0.000000000000000000e+00
