# run number, exp fac, ti calc, ti opt, aep init calc (kW), aep init opt (kW), aep run calc (kW), aep run opt (kW), run time (s), obj func calls, sens func calls
4.400000000000000000e+01 3.000000000000000000e+00 4.000000000000000000e+00 0.000000000000000000e+00 1.026843335424466610e+09 1.026843335424466610e+09 1.178531247407982826e+09 1.178531247407982826e+09 3.898450689315795898e+02 0.000000000000000000e+00 0.000000000000000000e+00
4.400000000000000000e+01 2.750000000000000000e+00 4.000000000000000000e+00 0.000000000000000000e+00 1.026843335424466610e+09 1.026843335424466610e+09 1.178531247407982826e+09 1.178531247407982826e+09 1.212814807891845703e+00 0.000000000000000000e+00 0.000000000000000000e+00
4.400000000000000000e+01 2.500000000000000000e+00 4.000000000000000000e+00 0.000000000000000000e+00 1.026843335424466610e+09 1.026843335424466610e+09 1.178531247407982826e+09 1.178531247407982826e+09 1.239640951156616211e+00 0.000000000000000000e+00 0.000000000000000000e+00
4.400000000000000000e+01 2.250000000000000000e+00 4.000000000000000000e+00 0.000000000000000000e+00 1.026843335424466610e+09 1.026843335424466610e+09 1.178531247407982826e+09 1.178531247407982826e+09 1.195224046707153320e+00 0.000000000000000000e+00 0.000000000000000000e+00
4.400000000000000000e+01 2.000000000000000000e+00 4.000000000000000000e+00 0.000000000000000000e+00 1.026843335424466610e+09 1.026843335424466610e+09 1.178531247407982826e+09 1.178531247407982826e+09 1.188580036163330078e+00 0.000000000000000000e+00 0.000000000000000000e+00
4.400000000000000000e+01 1.750000000000000000e+00 4.000000000000000000e+00 0.000000000000000000e+00 1.026843335424466610e+09 1.026843335424466610e+09 1.178531247407982826e+09 1.178531247407982826e+09 1.207842111587524414e+00 0.000000000000000000e+00 0.000000000000000000e+00
4.400000000000000000e+01 1.500000000000000000e+00 4.000000000000000000e+00 0.000000000000000000e+00 1.026843335424466610e+09 1.026843335424466610e+09 1.178531247407982826e+09 1.178531247407982826e+09 1.289530992507934570e+00 0.000000000000000000e+00 0.000000000000000000e+00
4.400000000000000000e+01 1.250000000000000000e+00 4.000000000000000000e+00 0.000000000000000000e+00 1.026843335424466610e+09 1.026843335424466610e+09 1.178531247407982826e+09 1.178531247407982826e+09 1.203475952148437500e+00 0.000000000000000000e+00 0.000000000000000000e+00
4.400000000000000000e+01 1.000000000000000000e+00 4.000000000000000000e+00 0.000000000000000000e+00 1.026843335424466610e+09 1.026843335424466610e+09 1.178531247407982826e+09 1.178531247407982826e+09 1.227079153060913086e+00 0.000000000000000000e+00 0.000000000000000000e+00
4.400000000000000000e+01 1.000000000000000000e+00 4.000000000000000000e+00 5.000000000000000000e+00 1.026843335424466610e+09 1.026843335424466610e+09 1.178531247407982826e+09 1.178531247407982826e+09 1.283606052398681641e+00 0.000000000000000000e+00 0.000000000000000000e+00
