# run number, exp fac, ti calc, ti opt, aep init calc (kW), aep init opt (kW), aep run calc (kW), aep run opt (kW), run time (s), obj func calls, sens func calls
9.600000000000000000e+01 3.000000000000000000e+00 4.000000000000000000e+00 0.000000000000000000e+00 1.036573848116066933e+09 1.036573848116066933e+09 1.170050051185163975e+09 1.170050051185163975e+09 8.285856258869171143e+02 0.000000000000000000e+00 0.000000000000000000e+00
9.600000000000000000e+01 2.750000000000000000e+00 4.000000000000000000e+00 0.000000000000000000e+00 1.036573848116066933e+09 1.036573848116066933e+09 1.170050051185163975e+09 1.170050051185163975e+09 3.005589008331298828e+00 0.000000000000000000e+00 0.000000000000000000e+00
9.600000000000000000e+01 2.500000000000000000e+00 4.000000000000000000e+00 0.000000000000000000e+00 1.036573848116066933e+09 1.036573848116066933e+09 1.170050051185163975e+09 1.170050051185163975e+09 3.063148975372314453e+00 0.000000000000000000e+00 0.000000000000000000e+00
9.600000000000000000e+01 2.250000000000000000e+00 4.000000000000000000e+00 0.000000000000000000e+00 1.036573848116066933e+09 1.036573848116066933e+09 1.170050051185163975e+09 1.170050051185163975e+09 3.103113889694213867e+00 0.000000000000000000e+00 0.000000000000000000e+00
9.600000000000000000e+01 2.000000000000000000e+00 4.000000000000000000e+00 0.000000000000000000e+00 1.036573848116066933e+09 1.036573848116066933e+09 1.170050051185163975e+09 1.170050051185163975e+09 3.045639038085937500e+00 0.000000000000000000e+00 0.000000000000000000e+00
9.600000000000000000e+01 1.750000000000000000e+00 4.000000000000000000e+00 0.000000000000000000e+00 1.036573848116066933e+09 1.036573848116066933e+09 1.170050051185163975e+09 1.170050051185163975e+09 3.103878974914550781e+00 0.000000000000000000e+00 0.000000000000000000e+00
9.600000000000000000e+01 1.500000000000000000e+00 4.000000000000000000e+00 0.000000000000000000e+00 1.036573848116066933e+09 1.036573848116066933e+09 1.170050051185163975e+09 1.170050051185163975e+09 3.146994113922119141e+00 0.000000000000000000e+00 0.000000000000000000e+00
9.600000000000000000e+01 1.250000000000000000e+00 4.000000000000000000e+00 0.000000000000000000e+00 1.036573848116066933e+09 1.036573848116066933e+09 1.170050051185163975e+09 1.170050051185163975e+09 3.104243993759155273e+00 0.000000000000000000e+00 0.000000000000000000e+00
9.600000000000000000e+01 1.000000000000000000e+00 4.000000000000000000e+00 0.000000000000000000e+00 1.036573848116066933e+09 1.036573848116066933e+09 1.170050051185163975e+09 1.170050051185163975e+09 3.193360090255737305e+00 0.000000000000000000e+00 0.000000000000000000e+00
9.600000000000000000e+01 1.000000000000000000e+00 4.000000000000000000e+00 5.000000000000000000e+00 1.036573848116066933e+09 1.036573848116066933e+09 1.170050051185163975e+09 1.170050051185163975e+09 3.213479042053222656e+00 0.000000000000000000e+00 0.000000000000000000e+00
