# run number, exp fac, ti calc, ti opt, aep init calc (kW), aep init opt (kW), aep run calc (kW), aep run opt (kW), run time (s), obj func calls, sens func calls
1.510000000000000000e+02 3.000000000000000000e+00 4.000000000000000000e+00 0.000000000000000000e+00 9.855134528587555885e+08 9.855134528587555885e+08 1.161877905501031399e+09 1.161877905501031399e+09 7.936425278186798096e+02 0.000000000000000000e+00 0.000000000000000000e+00
1.510000000000000000e+02 2.750000000000000000e+00 4.000000000000000000e+00 0.000000000000000000e+00 9.855134528587555885e+08 9.855134528587555885e+08 1.161877905501031399e+09 1.161877905501031399e+09 2.730562925338745117e+00 0.000000000000000000e+00 0.000000000000000000e+00
1.510000000000000000e+02 2.500000000000000000e+00 4.000000000000000000e+00 0.000000000000000000e+00 9.855134528587555885e+08 9.855134528587555885e+08 1.161877905501031399e+09 1.161877905501031399e+09 2.655678987503051758e+00 0.000000000000000000e+00 0.000000000000000000e+00
1.510000000000000000e+02 2.250000000000000000e+00 4.000000000000000000e+00 0.000000000000000000e+00 9.855134528587555885e+08 9.855134528587555885e+08 1.161877905501031399e+09 1.161877905501031399e+09 2.568909168243408203e+00 0.000000000000000000e+00 0.000000000000000000e+00
1.510000000000000000e+02 2.000000000000000000e+00 4.000000000000000000e+00 0.000000000000000000e+00 9.855134528587555885e+08 9.855134528587555885e+08 1.161877905501031399e+09 1.161877905501031399e+09 2.727533817291259766e+00 0.000000000000000000e+00 0.000000000000000000e+00
1.510000000000000000e+02 1.750000000000000000e+00 4.000000000000000000e+00 0.000000000000000000e+00 9.855134528587555885e+08 9.855134528587555885e+08 1.161877905501031399e+09 1.161877905501031399e+09 2.657463073730468750e+00 0.000000000000000000e+00 0.000000000000000000e+00
1.510000000000000000e+02 1.500000000000000000e+00 4.000000000000000000e+00 0.000000000000000000e+00 9.855134528587555885e+08 9.855134528587555885e+08 1.161877905501031399e+09 1.161877905501031399e+09 2.670727014541625977e+00 0.000000000000000000e+00 0.000000000000000000e+00
1.510000000000000000e+02 1.250000000000000000e+00 4.000000000000000000e+00 0.000000000000000000e+00 9.855134528587555885e+08 9.855134528587555885e+08 1.161877905501031399e+09 1.161877905501031399e+09 2.689028024673461914e+00 0.000000000000000000e+00 0.000000000000000000e+00
1.510000000000000000e+02 1.000000000000000000e+00 4.000000000000000000e+00 0.000000000000000000e+00 9.855134528587555885e+08 9.855134528587555885e+08 1.161877905501031399e+09 1.161877905501031399e+09 2.711201906204223633e+00 0.000000000000000000e+00 0.000000000000000000e+00
1.510000000000000000e+02 1.000000000000000000e+00 4.000000000000000000e+00 5.000000000000000000e+00 9.855134528587555885e+08 9.855134528587555885e+08 1.161877905501031399e+09 1.161877905501031399e+09 2.631361007690429688e+00 0.000000000000000000e+00 0.000000000000000000e+00
