# run number, exp fac, ti calc, ti opt, aep init calc (kW), aep init opt (kW), aep run calc (kW), aep run opt (kW), run time (s), obj func calls, sens func calls
1.960000000000000000e+02 3.000000000000000000e+00 4.000000000000000000e+00 0.000000000000000000e+00 1.012723075066305280e+09 1.012723075066305280e+09 1.163308717272108793e+09 1.163308717272108793e+09 5.577229189872741699e+02 0.000000000000000000e+00 0.000000000000000000e+00
1.960000000000000000e+02 2.750000000000000000e+00 4.000000000000000000e+00 0.000000000000000000e+00 1.012723075066305280e+09 1.012723075066305280e+09 1.163308717272108793e+09 1.163308717272108793e+09 2.531578063964843750e+00 0.000000000000000000e+00 0.000000000000000000e+00
1.960000000000000000e+02 2.500000000000000000e+00 4.000000000000000000e+00 0.000000000000000000e+00 1.012723075066305280e+09 1.012723075066305280e+09 1.163308717272108793e+09 1.163308717272108793e+09 2.510012865066528320e+00 0.000000000000000000e+00 0.000000000000000000e+00
1.960000000000000000e+02 2.250000000000000000e+00 4.000000000000000000e+00 0.000000000000000000e+00 1.012723075066305280e+09 1.012723075066305280e+09 1.163308717272108793e+09 1.163308717272108793e+09 2.506618976593017578e+00 0.000000000000000000e+00 0.000000000000000000e+00
1.960000000000000000e+02 2.000000000000000000e+00 4.000000000000000000e+00 0.000000000000000000e+00 1.012723075066305280e+09 1.012723075066305280e+09 1.163308717272108793e+09 1.163308717272108793e+09 2.496520996093750000e+00 0.000000000000000000e+00 0.000000000000000000e+00
1.960000000000000000e+02 1.750000000000000000e+00 4.000000000000000000e+00 0.000000000000000000e+00 1.012723075066305280e+09 1.012723075066305280e+09 1.163308717272108793e+09 1.163308717272108793e+09 2.568188190460205078e+00 0.000000000000000000e+00 0.000000000000000000e+00
1.960000000000000000e+02 1.500000000000000000e+00 4.000000000000000000e+00 0.000000000000000000e+00 1.012723075066305280e+09 1.012723075066305280e+09 1.163308717272108793e+09 1.163308717272108793e+09 2.512189865112304688e+00 0.000000000000000000e+00 0.000000000000000000e+00
1.960000000000000000e+02 1.250000000000000000e+00 4.000000000000000000e+00 0.000000000000000000e+00 1.012723075066305280e+09 1.012723075066305280e+09 1.163308717272108793e+09 1.163308717272108793e+09 2.503501892089843750e+00 0.000000000000000000e+00 0.000000000000000000e+00
1.960000000000000000e+02 1.000000000000000000e+00 4.000000000000000000e+00 0.000000000000000000e+00 1.012723075066305280e+09 1.012723075066305280e+09 1.163308717272108793e+09 1.163308717272108793e+09 2.500807046890258789e+00 0.000000000000000000e+00 0.000000000000000000e+00
1.960000000000000000e+02 1.000000000000000000e+00 4.000000000000000000e+00 5.000000000000000000e+00 1.012723075066305280e+09 1.012723075066305280e+09 1.163308717272108793e+09 1.163308717272108793e+09 2.501219034194946289e+00 0.000000000000000000e+00 0.000000000000000000e+00
