# run number, exp fac, ti calc, ti opt, aep init calc (kW), aep init opt (kW), aep run calc (kW), aep run opt (kW), run time (s), obj func calls, sens func calls
1.360000000000000000e+02 3.000000000000000000e+00 4.000000000000000000e+00 0.000000000000000000e+00 1.020485692560197473e+09 1.020485692560197473e+09 1.153408462623752594e+09 1.153408462623752594e+09 8.753784599304199219e+02 0.000000000000000000e+00 0.000000000000000000e+00
1.360000000000000000e+02 2.750000000000000000e+00 4.000000000000000000e+00 0.000000000000000000e+00 1.020485692560197473e+09 1.020485692560197473e+09 1.153408462623752594e+09 1.153408462623752594e+09 2.701589107513427734e+00 0.000000000000000000e+00 0.000000000000000000e+00
1.360000000000000000e+02 2.500000000000000000e+00 4.000000000000000000e+00 0.000000000000000000e+00 1.020485692560197473e+09 1.020485692560197473e+09 1.153408462623752594e+09 1.153408462623752594e+09 2.689893007278442383e+00 0.000000000000000000e+00 0.000000000000000000e+00
1.360000000000000000e+02 2.250000000000000000e+00 4.000000000000000000e+00 0.000000000000000000e+00 1.020485692560197473e+09 1.020485692560197473e+09 1.153408462623752594e+09 1.153408462623752594e+09 2.632477045059204102e+00 0.000000000000000000e+00 0.000000000000000000e+00
1.360000000000000000e+02 2.000000000000000000e+00 4.000000000000000000e+00 0.000000000000000000e+00 1.020485692560197473e+09 1.020485692560197473e+09 1.153408462623752594e+09 1.153408462623752594e+09 2.638556003570556641e+00 0.000000000000000000e+00 0.000000000000000000e+00
1.360000000000000000e+02 1.750000000000000000e+00 4.000000000000000000e+00 0.000000000000000000e+00 1.020485692560197473e+09 1.020485692560197473e+09 1.153408462623752594e+09 1.153408462623752594e+09 2.666218042373657227e+00 0.000000000000000000e+00 0.000000000000000000e+00
1.360000000000000000e+02 1.500000000000000000e+00 4.000000000000000000e+00 0.000000000000000000e+00 1.020485692560197473e+09 1.020485692560197473e+09 1.153408462623752594e+09 1.153408462623752594e+09 2.778993129730224609e+00 0.000000000000000000e+00 0.000000000000000000e+00
1.360000000000000000e+02 1.250000000000000000e+00 4.000000000000000000e+00 0.000000000000000000e+00 1.020485692560197473e+09 1.020485692560197473e+09 1.153408462623752594e+09 1.153408462623752594e+09 2.616930961608886719e+00 0.000000000000000000e+00 0.000000000000000000e+00
1.360000000000000000e+02 1.000000000000000000e+00 4.000000000000000000e+00 0.000000000000000000e+00 1.020485692560197473e+09 1.020485692560197473e+09 1.153408462623752594e+09 1.153408462623752594e+09 2.623301029205322266e+00 0.000000000000000000e+00 0.000000000000000000e+00
1.360000000000000000e+02 1.000000000000000000e+00 4.000000000000000000e+00 5.000000000000000000e+00 1.020485692560197473e+09 1.020485692560197473e+09 1.153408462623752594e+09 1.153408462623752594e+09 2.699491024017333984e+00 0.000000000000000000e+00 0.000000000000000000e+00
