# run number, exp fac, ti calc, ti opt, aep init calc (kW), aep init opt (kW), aep run calc (kW), aep run opt (kW), run time (s), obj func calls, sens func calls
1.110000000000000000e+02 3.000000000000000000e+00 4.000000000000000000e+00 0.000000000000000000e+00 9.726935823457918167e+08 9.726935823457918167e+08 1.143341836914502621e+09 1.143341836914502621e+09 5.960358600616455078e+02 0.000000000000000000e+00 0.000000000000000000e+00
1.110000000000000000e+02 2.750000000000000000e+00 4.000000000000000000e+00 0.000000000000000000e+00 9.726935823457918167e+08 9.726935823457918167e+08 1.143341836914502621e+09 1.143341836914502621e+09 1.819309949874877930e+00 0.000000000000000000e+00 0.000000000000000000e+00
1.110000000000000000e+02 2.500000000000000000e+00 4.000000000000000000e+00 0.000000000000000000e+00 9.726935823457918167e+08 9.726935823457918167e+08 1.143341836914502621e+09 1.143341836914502621e+09 1.686770915985107422e+00 0.000000000000000000e+00 0.000000000000000000e+00
1.110000000000000000e+02 2.250000000000000000e+00 4.000000000000000000e+00 0.000000000000000000e+00 9.726935823457918167e+08 9.726935823457918167e+08 1.143341836914502621e+09 1.143341836914502621e+09 1.621865034103393555e+00 0.000000000000000000e+00 0.000000000000000000e+00
1.110000000000000000e+02 2.000000000000000000e+00 4.000000000000000000e+00 0.000000000000000000e+00 9.726935823457918167e+08 9.726935823457918167e+08 1.143341836914502621e+09 1.143341836914502621e+09 1.597510099411010742e+00 0.000000000000000000e+00 0.000000000000000000e+00
1.110000000000000000e+02 1.750000000000000000e+00 4.000000000000000000e+00 0.000000000000000000e+00 9.726935823457918167e+08 9.726935823457918167e+08 1.143341836914502621e+09 1.143341836914502621e+09 1.864408969879150391e+00 0.000000000000000000e+00 0.000000000000000000e+00
1.110000000000000000e+02 1.500000000000000000e+00 4.000000000000000000e+00 0.000000000000000000e+00 9.726935823457918167e+08 9.726935823457918167e+08 1.143341836914502621e+09 1.143341836914502621e+09 1.620182991027832031e+00 0.000000000000000000e+00 0.000000000000000000e+00
1.110000000000000000e+02 1.250000000000000000e+00 4.000000000000000000e+00 0.000000000000000000e+00 9.726935823457918167e+08 9.726935823457918167e+08 1.143341836914502621e+09 1.143341836914502621e+09 1.693060874938964844e+00 0.000000000000000000e+00 0.000000000000000000e+00
1.110000000000000000e+02 1.000000000000000000e+00 4.000000000000000000e+00 0.000000000000000000e+00 9.726935823457918167e+08 9.726935823457918167e+08 1.143341836914502621e+09 1.143341836914502621e+09 1.700696945190429688e+00 0.000000000000000000e+00 0.000000000000000000e+00
1.110000000000000000e+02 1.000000000000000000e+00 4.000000000000000000e+00 5.000000000000000000e+00 9.726935823457918167e+08 9.726935823457918167e+08 1.143341836914502621e+09 1.143341836914502621e+09 1.793657064437866211e+00 0.000000000000000000e+00 0.000000000000000000e+00
