# run number, exp fac, ti calc, ti opt, aep init calc (kW), aep init opt (kW), aep run calc (kW), aep run opt (kW), run time (s), obj func calls, sens func calls
1.140000000000000000e+02 3.000000000000000000e+00 4.000000000000000000e+00 0.000000000000000000e+00 1.046011933163297176e+09 1.046011933163297176e+09 1.168518418022250414e+09 1.168518418022250414e+09 5.708093740940093994e+02 0.000000000000000000e+00 0.000000000000000000e+00
1.140000000000000000e+02 2.750000000000000000e+00 4.000000000000000000e+00 0.000000000000000000e+00 1.046011933163297176e+09 1.046011933163297176e+09 1.168518418022250414e+09 1.168518418022250414e+09 2.330407857894897461e+00 0.000000000000000000e+00 0.000000000000000000e+00
1.140000000000000000e+02 2.500000000000000000e+00 4.000000000000000000e+00 0.000000000000000000e+00 1.046011933163297176e+09 1.046011933163297176e+09 1.168518418022250414e+09 1.168518418022250414e+09 1.650499105453491211e+00 0.000000000000000000e+00 0.000000000000000000e+00
1.140000000000000000e+02 2.250000000000000000e+00 4.000000000000000000e+00 0.000000000000000000e+00 1.046011933163297176e+09 1.046011933163297176e+09 1.168518418022250414e+09 1.168518418022250414e+09 1.777669906616210938e+00 0.000000000000000000e+00 0.000000000000000000e+00
1.140000000000000000e+02 2.000000000000000000e+00 4.000000000000000000e+00 0.000000000000000000e+00 1.046011933163297176e+09 1.046011933163297176e+09 1.168518418022250414e+09 1.168518418022250414e+09 1.756650924682617188e+00 0.000000000000000000e+00 0.000000000000000000e+00
1.140000000000000000e+02 1.750000000000000000e+00 4.000000000000000000e+00 0.000000000000000000e+00 1.046011933163297176e+09 1.046011933163297176e+09 1.168518418022250414e+09 1.168518418022250414e+09 1.549764156341552734e+00 0.000000000000000000e+00 0.000000000000000000e+00
1.140000000000000000e+02 1.500000000000000000e+00 4.000000000000000000e+00 0.000000000000000000e+00 1.046011933163297176e+09 1.046011933163297176e+09 1.168518418022250414e+09 1.168518418022250414e+09 1.610409021377563477e+00 0.000000000000000000e+00 0.000000000000000000e+00
1.140000000000000000e+02 1.250000000000000000e+00 4.000000000000000000e+00 0.000000000000000000e+00 1.046011933163297176e+09 1.046011933163297176e+09 1.168518418022250414e+09 1.168518418022250414e+09 1.585561037063598633e+00 0.000000000000000000e+00 0.000000000000000000e+00
1.140000000000000000e+02 1.000000000000000000e+00 4.000000000000000000e+00 0.000000000000000000e+00 1.046011933163297176e+09 1.046011933163297176e+09 1.168518418022250414e+09 1.168518418022250414e+09 1.731200933456420898e+00 0.000000000000000000e+00 0.000000000000000000e+00
1.140000000000000000e+02 1.000000000000000000e+00 4.000000000000000000e+00 5.000000000000000000e+00 1.046011933163297176e+09 1.046011933163297176e+09 1.168518418022250414e+09 1.168518418022250414e+09 1.495528936386108398e+00 0.000000000000000000e+00 0.000000000000000000e+00
