# run number, exp fac, ti calc, ti opt, aep init calc (kW), aep init opt (kW), aep run calc (kW), aep run opt (kW), run time (s), obj func calls, sens func calls
8.800000000000000000e+01 3.000000000000000000e+00 4.000000000000000000e+00 0.000000000000000000e+00 1.012996947143653870e+09 1.012996947143653870e+09 1.155621959199641943e+09 1.155621959199641943e+09 5.995922219753265381e+02 0.000000000000000000e+00 0.000000000000000000e+00
8.800000000000000000e+01 2.750000000000000000e+00 4.000000000000000000e+00 0.000000000000000000e+00 1.012996947143653870e+09 1.012996947143653870e+09 1.155621959199641943e+09 1.155621959199641943e+09 1.765295028686523438e+00 0.000000000000000000e+00 0.000000000000000000e+00
8.800000000000000000e+01 2.500000000000000000e+00 4.000000000000000000e+00 0.000000000000000000e+00 1.012996947143653870e+09 1.012996947143653870e+09 1.155621959199641943e+09 1.155621959199641943e+09 1.866428136825561523e+00 0.000000000000000000e+00 0.000000000000000000e+00
8.800000000000000000e+01 2.250000000000000000e+00 4.000000000000000000e+00 0.000000000000000000e+00 1.012996947143653870e+09 1.012996947143653870e+09 1.155621959199641943e+09 1.155621959199641943e+09 1.768795967102050781e+00 0.000000000000000000e+00 0.000000000000000000e+00
8.800000000000000000e+01 2.000000000000000000e+00 4.000000000000000000e+00 0.000000000000000000e+00 1.012996947143653870e+09 1.012996947143653870e+09 1.155621959199641943e+09 1.155621959199641943e+09 1.603317975997924805e+00 0.000000000000000000e+00 0.000000000000000000e+00
8.800000000000000000e+01 1.750000000000000000e+00 4.000000000000000000e+00 0.000000000000000000e+00 1.012996947143653870e+09 1.012996947143653870e+09 1.155621959199641943e+09 1.155621959199641943e+09 1.898946046829223633e+00 0.000000000000000000e+00 0.000000000000000000e+00
8.800000000000000000e+01 1.500000000000000000e+00 4.000000000000000000e+00 0.000000000000000000e+00 1.012996947143653870e+09 1.012996947143653870e+09 1.155621959199641943e+09 1.155621959199641943e+09 1.761482000350952148e+00 0.000000000000000000e+00 0.000000000000000000e+00
8.800000000000000000e+01 1.250000000000000000e+00 4.000000000000000000e+00 0.000000000000000000e+00 1.012996947143653870e+09 1.012996947143653870e+09 1.155621959199641943e+09 1.155621959199641943e+09 1.731858015060424805e+00 0.000000000000000000e+00 0.000000000000000000e+00
8.800000000000000000e+01 1.000000000000000000e+00 4.000000000000000000e+00 0.000000000000000000e+00 1.012996947143653870e+09 1.012996947143653870e+09 1.155621959199641943e+09 1.155621959199641943e+09 1.842642068862915039e+00 0.000000000000000000e+00 0.000000000000000000e+00
8.800000000000000000e+01 1.000000000000000000e+00 4.000000000000000000e+00 5.000000000000000000e+00 1.012996947143653870e+09 1.012996947143653870e+09 1.155621959199641943e+09 1.155621959199641943e+09 1.605312108993530273e+00 0.000000000000000000e+00 0.000000000000000000e+00
