# run number, exp fac, ti calc, ti opt, aep init calc (kW), aep init opt (kW), aep run calc (kW), aep run opt (kW), run time (s), obj func calls, sens func calls
1.840000000000000000e+02 3.000000000000000000e+00 4.000000000000000000e+00 0.000000000000000000e+00 9.839197058122209311e+08 9.839197058122209311e+08 1.165976224682399988e+09 1.165976224682399988e+09 9.081097440719604492e+02 0.000000000000000000e+00 0.000000000000000000e+00
1.840000000000000000e+02 2.750000000000000000e+00 4.000000000000000000e+00 0.000000000000000000e+00 9.839197058122209311e+08 9.839197058122209311e+08 1.165976224682399988e+09 1.165976224682399988e+09 2.505443096160888672e+00 0.000000000000000000e+00 0.000000000000000000e+00
1.840000000000000000e+02 2.500000000000000000e+00 4.000000000000000000e+00 0.000000000000000000e+00 9.839197058122209311e+08 9.839197058122209311e+08 1.165976224682399988e+09 1.165976224682399988e+09 2.465289115905761719e+00 0.000000000000000000e+00 0.000000000000000000e+00
1.840000000000000000e+02 2.250000000000000000e+00 4.000000000000000000e+00 0.000000000000000000e+00 9.839197058122209311e+08 9.839197058122209311e+08 1.165976224682399988e+09 1.165976224682399988e+09 2.474776029586791992e+00 0.000000000000000000e+00 0.000000000000000000e+00
1.840000000000000000e+02 2.000000000000000000e+00 4.000000000000000000e+00 0.000000000000000000e+00 9.839197058122209311e+08 9.839197058122209311e+08 1.165976224682399988e+09 1.165976224682399988e+09 2.534090995788574219e+00 0.000000000000000000e+00 0.000000000000000000e+00
1.840000000000000000e+02 1.750000000000000000e+00 4.000000000000000000e+00 0.000000000000000000e+00 9.839197058122209311e+08 9.839197058122209311e+08 1.165976224682399988e+09 1.165976224682399988e+09 2.485954999923706055e+00 0.000000000000000000e+00 0.000000000000000000e+00
1.840000000000000000e+02 1.500000000000000000e+00 4.000000000000000000e+00 0.000000000000000000e+00 9.839197058122209311e+08 9.839197058122209311e+08 1.165976224682399988e+09 1.165976224682399988e+09 2.483924865722656250e+00 0.000000000000000000e+00 0.000000000000000000e+00
1.840000000000000000e+02 1.250000000000000000e+00 4.000000000000000000e+00 0.000000000000000000e+00 9.839197058122209311e+08 9.839197058122209311e+08 1.165976224682399988e+09 1.165976224682399988e+09 2.482757091522216797e+00 0.000000000000000000e+00 0.000000000000000000e+00
1.840000000000000000e+02 1.000000000000000000e+00 4.000000000000000000e+00 0.000000000000000000e+00 9.839197058122209311e+08 9.839197058122209311e+08 1.165976224682399988e+09 1.165976224682399988e+09 2.493777990341186523e+00 0.000000000000000000e+00 0.000000000000000000e+00
1.840000000000000000e+02 1.000000000000000000e+00 4.000000000000000000e+00 5.000000000000000000e+00 9.839197058122209311e+08 9.839197058122209311e+08 1.165976224682399988e+09 1.165976224682399988e+09 2.489961147308349609e+00 0.000000000000000000e+00 0.000000000000000000e+00
