# run number, exp fac, ti calc, ti opt, aep init calc (kW), aep init opt (kW), aep run calc (kW), aep run opt (kW), run time (s), obj func calls, sens func calls
3.500000000000000000e+01 3.000000000000000000e+00 4.000000000000000000e+00 0.000000000000000000e+00 9.915561642121741772e+08 9.915561642121741772e+08 1.168412543911371231e+09 1.168412543911371231e+09 5.337812759876251221e+02 0.000000000000000000e+00 0.000000000000000000e+00
3.500000000000000000e+01 2.750000000000000000e+00 4.000000000000000000e+00 0.000000000000000000e+00 9.915561642121741772e+08 9.915561642121741772e+08 1.168412543911371231e+09 1.168412543911371231e+09 1.703103065490722656e+00 0.000000000000000000e+00 0.000000000000000000e+00
3.500000000000000000e+01 2.500000000000000000e+00 4.000000000000000000e+00 0.000000000000000000e+00 9.915561642121741772e+08 9.915561642121741772e+08 1.168412543911371231e+09 1.168412543911371231e+09 1.621443986892700195e+00 0.000000000000000000e+00 0.000000000000000000e+00
3.500000000000000000e+01 2.250000000000000000e+00 4.000000000000000000e+00 0.000000000000000000e+00 9.915561642121741772e+08 9.915561642121741772e+08 1.168412543911371231e+09 1.168412543911371231e+09 1.705601215362548828e+00 0.000000000000000000e+00 0.000000000000000000e+00
3.500000000000000000e+01 2.000000000000000000e+00 4.000000000000000000e+00 0.000000000000000000e+00 9.915561642121741772e+08 9.915561642121741772e+08 1.168412543911371231e+09 1.168412543911371231e+09 1.607151985168457031e+00 0.000000000000000000e+00 0.000000000000000000e+00
3.500000000000000000e+01 1.750000000000000000e+00 4.000000000000000000e+00 0.000000000000000000e+00 9.915561642121741772e+08 9.915561642121741772e+08 1.168412543911371231e+09 1.168412543911371231e+09 1.551001071929931641e+00 0.000000000000000000e+00 0.000000000000000000e+00
3.500000000000000000e+01 1.500000000000000000e+00 4.000000000000000000e+00 0.000000000000000000e+00 9.915561642121741772e+08 9.915561642121741772e+08 1.168412543911371231e+09 1.168412543911371231e+09 1.734617948532104492e+00 0.000000000000000000e+00 0.000000000000000000e+00
3.500000000000000000e+01 1.250000000000000000e+00 4.000000000000000000e+00 0.000000000000000000e+00 9.915561642121741772e+08 9.915561642121741772e+08 1.168412543911371231e+09 1.168412543911371231e+09 1.850214958190917969e+00 0.000000000000000000e+00 0.000000000000000000e+00
3.500000000000000000e+01 1.000000000000000000e+00 4.000000000000000000e+00 0.000000000000000000e+00 9.915561642121741772e+08 9.915561642121741772e+08 1.168412543911371231e+09 1.168412543911371231e+09 1.496206998825073242e+00 0.000000000000000000e+00 0.000000000000000000e+00
3.500000000000000000e+01 1.000000000000000000e+00 4.000000000000000000e+00 5.000000000000000000e+00 9.915561642121741772e+08 9.915561642121741772e+08 1.168412543911371231e+09 1.168412543911371231e+09 1.574124097824096680e+00 0.000000000000000000e+00 0.000000000000000000e+00
