# run number, exp fac, ti calc, ti opt, aep init calc (kW), aep init opt (kW), aep run calc (kW), aep run opt (kW), run time (s), obj func calls, sens func calls
1.370000000000000000e+02 3.000000000000000000e+00 4.000000000000000000e+00 0.000000000000000000e+00 1.034827145429432511e+09 1.034827145429432511e+09 1.156114539534680843e+09 1.156114539534680843e+09 8.041568758487701416e+02 0.000000000000000000e+00 0.000000000000000000e+00
1.370000000000000000e+02 2.750000000000000000e+00 4.000000000000000000e+00 0.000000000000000000e+00 1.034827145429432511e+09 1.034827145429432511e+09 1.156114539534680843e+09 1.156114539534680843e+09 2.600355863571166992e+00 0.000000000000000000e+00 0.000000000000000000e+00
1.370000000000000000e+02 2.500000000000000000e+00 4.000000000000000000e+00 0.000000000000000000e+00 1.034827145429432511e+09 1.034827145429432511e+09 1.156114539534680843e+09 1.156114539534680843e+09 2.702111005783081055e+00 0.000000000000000000e+00 0.000000000000000000e+00
1.370000000000000000e+02 2.250000000000000000e+00 4.000000000000000000e+00 0.000000000000000000e+00 1.034827145429432511e+09 1.034827145429432511e+09 1.156114539534680843e+09 1.156114539534680843e+09 2.617218017578125000e+00 0.000000000000000000e+00 0.000000000000000000e+00
1.370000000000000000e+02 2.000000000000000000e+00 4.000000000000000000e+00 0.000000000000000000e+00 1.034827145429432511e+09 1.034827145429432511e+09 1.156114539534680843e+09 1.156114539534680843e+09 2.502802133560180664e+00 0.000000000000000000e+00 0.000000000000000000e+00
1.370000000000000000e+02 1.750000000000000000e+00 4.000000000000000000e+00 0.000000000000000000e+00 1.034827145429432511e+09 1.034827145429432511e+09 1.156114539534680843e+09 1.156114539534680843e+09 2.630774974822998047e+00 0.000000000000000000e+00 0.000000000000000000e+00
1.370000000000000000e+02 1.500000000000000000e+00 4.000000000000000000e+00 0.000000000000000000e+00 1.034827145429432511e+09 1.034827145429432511e+09 1.156114539534680843e+09 1.156114539534680843e+09 2.516433000564575195e+00 0.000000000000000000e+00 0.000000000000000000e+00
1.370000000000000000e+02 1.250000000000000000e+00 4.000000000000000000e+00 0.000000000000000000e+00 1.034827145429432511e+09 1.034827145429432511e+09 1.156114539534680843e+09 1.156114539534680843e+09 2.503623008728027344e+00 0.000000000000000000e+00 0.000000000000000000e+00
1.370000000000000000e+02 1.000000000000000000e+00 4.000000000000000000e+00 0.000000000000000000e+00 1.034827145429432511e+09 1.034827145429432511e+09 1.156114539534680843e+09 1.156114539534680843e+09 2.695837974548339844e+00 0.000000000000000000e+00 0.000000000000000000e+00
1.370000000000000000e+02 1.000000000000000000e+00 4.000000000000000000e+00 5.000000000000000000e+00 1.034827145429432511e+09 1.034827145429432511e+09 1.156114539534680843e+09 1.156114539534680843e+09 2.643235921859741211e+00 0.000000000000000000e+00 0.000000000000000000e+00
