# run number, exp fac, ti calc, ti opt, aep init calc (kW), aep init opt (kW), aep run calc (kW), aep run opt (kW), run time (s), obj func calls, sens func calls
3.800000000000000000e+01 3.000000000000000000e+00 4.000000000000000000e+00 0.000000000000000000e+00 9.993366699212744236e+08 9.993366699212744236e+08 1.170849940630325317e+09 1.170849940630325317e+09 6.900905580520629883e+02 0.000000000000000000e+00 0.000000000000000000e+00
3.800000000000000000e+01 2.750000000000000000e+00 4.000000000000000000e+00 0.000000000000000000e+00 9.993366699212744236e+08 9.993366699212744236e+08 1.170849940630325317e+09 1.170849940630325317e+09 1.939872980117797852e+00 0.000000000000000000e+00 0.000000000000000000e+00
3.800000000000000000e+01 2.500000000000000000e+00 4.000000000000000000e+00 0.000000000000000000e+00 9.993366699212744236e+08 9.993366699212744236e+08 1.170849940630325317e+09 1.170849940630325317e+09 6.353573107719421387e+01 0.000000000000000000e+00 0.000000000000000000e+00
3.800000000000000000e+01 2.250000000000000000e+00 4.000000000000000000e+00 0.000000000000000000e+00 9.993366699212744236e+08 9.993366699212744236e+08 1.170849940630325317e+09 1.170849940630325317e+09 1.026267712116241455e+02 0.000000000000000000e+00 0.000000000000000000e+00
3.800000000000000000e+01 2.000000000000000000e+00 4.000000000000000000e+00 0.000000000000000000e+00 9.993366699212744236e+08 9.993366699212744236e+08 1.170849940630325317e+09 1.170849940630325317e+09 6.555756783485412598e+01 0.000000000000000000e+00 0.000000000000000000e+00
3.800000000000000000e+01 1.750000000000000000e+00 4.000000000000000000e+00 0.000000000000000000e+00 9.993366699212744236e+08 9.993366699212744236e+08 1.170849940630325317e+09 1.170849940630325317e+09 1.032086119651794434e+02 0.000000000000000000e+00 0.000000000000000000e+00
3.800000000000000000e+01 1.500000000000000000e+00 4.000000000000000000e+00 0.000000000000000000e+00 9.993366699212744236e+08 9.993366699212744236e+08 1.170849940630325317e+09 1.170849940630325317e+09 1.031432259082794189e+02 0.000000000000000000e+00 0.000000000000000000e+00
3.800000000000000000e+01 1.250000000000000000e+00 4.000000000000000000e+00 0.000000000000000000e+00 9.993366699212744236e+08 9.993366699212744236e+08 1.170849940630325317e+09 1.170849940630325317e+09 1.032839429378509521e+02 0.000000000000000000e+00 0.000000000000000000e+00
3.800000000000000000e+01 1.000000000000000000e+00 4.000000000000000000e+00 0.000000000000000000e+00 9.993366699212744236e+08 9.993366699212744236e+08 1.170849940630325317e+09 1.170849940630325317e+09 1.032372260093688965e+02 0.000000000000000000e+00 0.000000000000000000e+00
3.800000000000000000e+01 1.000000000000000000e+00 4.000000000000000000e+00 5.000000000000000000e+00 9.993366699212744236e+08 9.993366699212744236e+08 1.170849940630325317e+09 1.170849940630325317e+09 1.030828030109405518e+02 0.000000000000000000e+00 0.000000000000000000e+00
