# run number, exp fac, ti calc, ti opt, aep init calc (kW), aep init opt (kW), aep run calc (kW), aep run opt (kW), run time (s), obj func calls, sens func calls
1.830000000000000000e+02 3.000000000000000000e+00 4.000000000000000000e+00 0.000000000000000000e+00 9.904286106563192606e+08 9.904286106563192606e+08 1.164716601936479807e+09 1.164716601936479807e+09 6.485068340301513672e+02 0.000000000000000000e+00 0.000000000000000000e+00
1.830000000000000000e+02 2.750000000000000000e+00 4.000000000000000000e+00 0.000000000000000000e+00 9.904286106563192606e+08 9.904286106563192606e+08 1.164716601936479807e+09 1.164716601936479807e+09 2.402434110641479492e+00 0.000000000000000000e+00 0.000000000000000000e+00
1.830000000000000000e+02 2.500000000000000000e+00 4.000000000000000000e+00 0.000000000000000000e+00 9.904286106563192606e+08 9.904286106563192606e+08 1.164716601936479807e+09 1.164716601936479807e+09 2.456885099411010742e+00 0.000000000000000000e+00 0.000000000000000000e+00
1.830000000000000000e+02 2.250000000000000000e+00 4.000000000000000000e+00 0.000000000000000000e+00 9.904286106563192606e+08 9.904286106563192606e+08 1.164716601936479807e+09 1.164716601936479807e+09 2.464471101760864258e+00 0.000000000000000000e+00 0.000000000000000000e+00
1.830000000000000000e+02 2.000000000000000000e+00 4.000000000000000000e+00 0.000000000000000000e+00 9.904286106563192606e+08 9.904286106563192606e+08 1.164716601936479807e+09 1.164716601936479807e+09 2.475415945053100586e+00 0.000000000000000000e+00 0.000000000000000000e+00
1.830000000000000000e+02 1.750000000000000000e+00 4.000000000000000000e+00 0.000000000000000000e+00 9.904286106563192606e+08 9.904286106563192606e+08 1.164716601936479807e+09 1.164716601936479807e+09 2.504101991653442383e+00 0.000000000000000000e+00 0.000000000000000000e+00
1.830000000000000000e+02 1.500000000000000000e+00 4.000000000000000000e+00 0.000000000000000000e+00 9.904286106563192606e+08 9.904286106563192606e+08 1.164716601936479807e+09 1.164716601936479807e+09 2.381497859954833984e+00 0.000000000000000000e+00 0.000000000000000000e+00
1.830000000000000000e+02 1.250000000000000000e+00 4.000000000000000000e+00 0.000000000000000000e+00 9.904286106563192606e+08 9.904286106563192606e+08 1.164716601936479807e+09 1.164716601936479807e+09 2.405981063842773438e+00 0.000000000000000000e+00 0.000000000000000000e+00
1.830000000000000000e+02 1.000000000000000000e+00 4.000000000000000000e+00 0.000000000000000000e+00 9.904286106563192606e+08 9.904286106563192606e+08 1.164716601936479807e+09 1.164716601936479807e+09 2.581821918487548828e+00 0.000000000000000000e+00 0.000000000000000000e+00
1.830000000000000000e+02 1.000000000000000000e+00 4.000000000000000000e+00 5.000000000000000000e+00 9.904286106563192606e+08 9.904286106563192606e+08 1.164716601936479807e+09 1.164716601936479807e+09 2.367396831512451172e+00 0.000000000000000000e+00 0.000000000000000000e+00
