# run number, exp fac, ti calc, ti opt, aep init calc (kW), aep init opt (kW), aep run calc (kW), aep run opt (kW), run time (s), obj func calls, sens func calls
1.000000000000000000e+01 3.000000000000000000e+00 4.000000000000000000e+00 0.000000000000000000e+00 1.021443818737535000e+09 1.021443818737535000e+09 1.155730405663047552e+09 1.155730405663047552e+09 7.488479290008544922e+02 0.000000000000000000e+00 0.000000000000000000e+00
1.000000000000000000e+01 2.750000000000000000e+00 4.000000000000000000e+00 0.000000000000000000e+00 1.021443818737535000e+09 1.021443818737535000e+09 1.155730405663047552e+09 1.155730405663047552e+09 2.477342844009399414e+00 0.000000000000000000e+00 0.000000000000000000e+00
1.000000000000000000e+01 2.500000000000000000e+00 4.000000000000000000e+00 0.000000000000000000e+00 1.021443818737535000e+09 1.021443818737535000e+09 1.155730405663047552e+09 1.155730405663047552e+09 2.361690998077392578e+00 0.000000000000000000e+00 0.000000000000000000e+00
1.000000000000000000e+01 2.250000000000000000e+00 4.000000000000000000e+00 0.000000000000000000e+00 1.021443818737535000e+09 1.021443818737535000e+09 1.155730405663047552e+09 1.155730405663047552e+09 2.436851978302001953e+00 0.000000000000000000e+00 0.000000000000000000e+00
1.000000000000000000e+01 2.000000000000000000e+00 4.000000000000000000e+00 0.000000000000000000e+00 1.021443818737535000e+09 1.021443818737535000e+09 1.155730405663047552e+09 1.155730405663047552e+09 2.423762083053588867e+00 0.000000000000000000e+00 0.000000000000000000e+00
1.000000000000000000e+01 1.750000000000000000e+00 4.000000000000000000e+00 0.000000000000000000e+00 1.021443818737535000e+09 1.021443818737535000e+09 1.155730405663047552e+09 1.155730405663047552e+09 2.469504117965698242e+00 0.000000000000000000e+00 0.000000000000000000e+00
1.000000000000000000e+01 1.500000000000000000e+00 4.000000000000000000e+00 0.000000000000000000e+00 1.021443818737535000e+09 1.021443818737535000e+09 1.155730405663047552e+09 1.155730405663047552e+09 2.541738033294677734e+00 0.000000000000000000e+00 0.000000000000000000e+00
1.000000000000000000e+01 1.250000000000000000e+00 4.000000000000000000e+00 0.000000000000000000e+00 1.021443818737535000e+09 1.021443818737535000e+09 1.155730405663047552e+09 1.155730405663047552e+09 2.548270940780639648e+00 0.000000000000000000e+00 0.000000000000000000e+00
1.000000000000000000e+01 1.000000000000000000e+00 4.000000000000000000e+00 0.000000000000000000e+00 1.021443818737535000e+09 1.021443818737535000e+09 1.155730405663047552e+09 1.155730405663047552e+09 2.536800861358642578e+00 0.000000000000000000e+00 0.000000000000000000e+00
1.000000000000000000e+01 1.000000000000000000e+00 4.000000000000000000e+00 5.000000000000000000e+00 1.021443818737535000e+09 1.021443818737535000e+09 1.155730405663047552e+09 1.155730405663047552e+09 2.314372062683105469e+00 0.000000000000000000e+00 0.000000000000000000e+00
