# run number, exp fac, ti calc, ti opt, aep init calc (kW), aep init opt (kW), aep run calc (kW), aep run opt (kW), run time (s), obj func calls, sens func calls
1.410000000000000000e+02 3.000000000000000000e+00 4.000000000000000000e+00 0.000000000000000000e+00 1.024879540157318354e+09 1.024879540157318354e+09 1.153680166555990696e+09 1.153680166555990696e+09 6.559013829231262207e+02 0.000000000000000000e+00 0.000000000000000000e+00
1.410000000000000000e+02 2.750000000000000000e+00 4.000000000000000000e+00 0.000000000000000000e+00 1.024879540157318354e+09 1.024879540157318354e+09 1.153680166555990696e+09 1.153680166555990696e+09 2.612303972244262695e+00 0.000000000000000000e+00 0.000000000000000000e+00
1.410000000000000000e+02 2.500000000000000000e+00 4.000000000000000000e+00 0.000000000000000000e+00 1.024879540157318354e+09 1.024879540157318354e+09 1.153680166555990696e+09 1.153680166555990696e+09 2.687816143035888672e+00 0.000000000000000000e+00 0.000000000000000000e+00
1.410000000000000000e+02 2.250000000000000000e+00 4.000000000000000000e+00 0.000000000000000000e+00 1.024879540157318354e+09 1.024879540157318354e+09 1.153680166555990696e+09 1.153680166555990696e+09 2.692601203918457031e+00 0.000000000000000000e+00 0.000000000000000000e+00
1.410000000000000000e+02 2.000000000000000000e+00 4.000000000000000000e+00 0.000000000000000000e+00 1.024879540157318354e+09 1.024879540157318354e+09 1.153680166555990696e+09 1.153680166555990696e+09 2.586247920989990234e+00 0.000000000000000000e+00 0.000000000000000000e+00
1.410000000000000000e+02 1.750000000000000000e+00 4.000000000000000000e+00 0.000000000000000000e+00 1.024879540157318354e+09 1.024879540157318354e+09 1.153680166555990696e+09 1.153680166555990696e+09 2.722837924957275391e+00 0.000000000000000000e+00 0.000000000000000000e+00
1.410000000000000000e+02 1.500000000000000000e+00 4.000000000000000000e+00 0.000000000000000000e+00 1.024879540157318354e+09 1.024879540157318354e+09 1.153680166555990696e+09 1.153680166555990696e+09 2.655769109725952148e+00 0.000000000000000000e+00 0.000000000000000000e+00
1.410000000000000000e+02 1.250000000000000000e+00 4.000000000000000000e+00 0.000000000000000000e+00 1.024879540157318354e+09 1.024879540157318354e+09 1.153680166555990696e+09 1.153680166555990696e+09 2.605947971343994141e+00 0.000000000000000000e+00 0.000000000000000000e+00
1.410000000000000000e+02 1.000000000000000000e+00 4.000000000000000000e+00 0.000000000000000000e+00 1.024879540157318354e+09 1.024879540157318354e+09 1.153680166555990696e+09 1.153680166555990696e+09 2.861803054809570312e+00 0.000000000000000000e+00 0.000000000000000000e+00
1.410000000000000000e+02 1.000000000000000000e+00 4.000000000000000000e+00 5.000000000000000000e+00 1.024879540157318354e+09 1.024879540157318354e+09 1.153680166555990696e+09 1.153680166555990696e+09 2.648255109786987305e+00 0.000000000000000000e+00 0.000000000000000000e+00
