# run number, exp fac, ti calc, ti opt, aep init calc (kW), aep init opt (kW), aep run calc (kW), aep run opt (kW), run time (s), obj func calls, sens func calls
0.000000000000000000e+00 3.000000000000000000e+00 4.000000000000000000e+00 0.000000000000000000e+00 1.130114295886928320e+09 1.130114295886928320e+09 1.211844043716530800e+09 1.211844043716530800e+09 1.735333480834960938e+02 0.000000000000000000e+00 0.000000000000000000e+00
0.000000000000000000e+00 2.750000000000000000e+00 4.000000000000000000e+00 0.000000000000000000e+00 1.130114295886928320e+09 1.130114295886928320e+09 1.211844043716530800e+09 1.211844043716530800e+09 1.868788957595825195e+00 0.000000000000000000e+00 0.000000000000000000e+00
0.000000000000000000e+00 2.500000000000000000e+00 4.000000000000000000e+00 0.000000000000000000e+00 1.130114295886928320e+09 1.130114295886928320e+09 1.211844043716530800e+09 1.211844043716530800e+09 1.875846147537231445e+00 0.000000000000000000e+00 0.000000000000000000e+00
0.000000000000000000e+00 2.250000000000000000e+00 4.000000000000000000e+00 0.000000000000000000e+00 1.130114295886928320e+09 1.130114295886928320e+09 1.211844043716530800e+09 1.211844043716530800e+09 1.962558984756469727e+00 0.000000000000000000e+00 0.000000000000000000e+00
0.000000000000000000e+00 2.000000000000000000e+00 4.000000000000000000e+00 0.000000000000000000e+00 1.130114295886928320e+09 1.130114295886928320e+09 1.211844043716530800e+09 1.211844043716530800e+09 1.898516178131103516e+00 0.000000000000000000e+00 0.000000000000000000e+00
0.000000000000000000e+00 1.750000000000000000e+00 4.000000000000000000e+00 0.000000000000000000e+00 1.130114295886928320e+09 1.130114295886928320e+09 1.211844043716530800e+09 1.211844043716530800e+09 1.869323968887329102e+00 0.000000000000000000e+00 0.000000000000000000e+00
0.000000000000000000e+00 1.500000000000000000e+00 4.000000000000000000e+00 0.000000000000000000e+00 1.130114295886928320e+09 1.130114295886928320e+09 1.211844043716530800e+09 1.211844043716530800e+09 1.853024005889892578e+00 0.000000000000000000e+00 0.000000000000000000e+00
0.000000000000000000e+00 1.250000000000000000e+00 4.000000000000000000e+00 0.000000000000000000e+00 1.130114295886928320e+09 1.130114295886928320e+09 1.211844043716530800e+09 1.211844043716530800e+09 1.872658014297485352e+00 0.000000000000000000e+00 0.000000000000000000e+00
0.000000000000000000e+00 1.000000000000000000e+00 4.000000000000000000e+00 0.000000000000000000e+00 1.130114295886928320e+09 1.130114295886928320e+09 1.211844043716530800e+09 1.211844043716530800e+09 1.895416975021362305e+00 0.000000000000000000e+00 0.000000000000000000e+00
0.000000000000000000e+00 1.000000000000000000e+00 4.000000000000000000e+00 5.000000000000000000e+00 1.130114295886928320e+09 1.130114295886928320e+09 1.211844043716530800e+09 1.211844043716530800e+09 1.858707904815673828e+00 0.000000000000000000e+00 0.000000000000000000e+00
