# run number, exp fac, ti calc, ti opt, aep init calc (kW), aep init opt (kW), aep run calc (kW), aep run opt (kW), run time (s), obj func calls, sens func calls
8.600000000000000000e+01 3.000000000000000000e+00 4.000000000000000000e+00 0.000000000000000000e+00 9.821829331393387318e+08 9.821829331393387318e+08 1.165569313969390392e+09 1.165569313969390392e+09 8.188696160316467285e+02 0.000000000000000000e+00 0.000000000000000000e+00
8.600000000000000000e+01 2.750000000000000000e+00 4.000000000000000000e+00 0.000000000000000000e+00 9.821829331393387318e+08 9.821829331393387318e+08 1.165569313969390392e+09 1.165569313969390392e+09 3.197007179260253906e+00 0.000000000000000000e+00 0.000000000000000000e+00
8.600000000000000000e+01 2.500000000000000000e+00 4.000000000000000000e+00 0.000000000000000000e+00 9.821829331393387318e+08 9.821829331393387318e+08 1.165569313969390392e+09 1.165569313969390392e+09 3.229239940643310547e+00 0.000000000000000000e+00 0.000000000000000000e+00
8.600000000000000000e+01 2.250000000000000000e+00 4.000000000000000000e+00 0.000000000000000000e+00 9.821829331393387318e+08 9.821829331393387318e+08 1.165569313969390392e+09 1.165569313969390392e+09 3.160498857498168945e+00 0.000000000000000000e+00 0.000000000000000000e+00
8.600000000000000000e+01 2.000000000000000000e+00 4.000000000000000000e+00 0.000000000000000000e+00 9.821829331393387318e+08 9.821829331393387318e+08 1.165569313969390392e+09 1.165569313969390392e+09 3.045469045639038086e+00 0.000000000000000000e+00 0.000000000000000000e+00
8.600000000000000000e+01 1.750000000000000000e+00 4.000000000000000000e+00 0.000000000000000000e+00 9.821829331393387318e+08 9.821829331393387318e+08 1.165569313969390392e+09 1.165569313969390392e+09 3.032537937164306641e+00 0.000000000000000000e+00 0.000000000000000000e+00
8.600000000000000000e+01 1.500000000000000000e+00 4.000000000000000000e+00 0.000000000000000000e+00 9.821829331393387318e+08 9.821829331393387318e+08 1.165569313969390392e+09 1.165569313969390392e+09 3.024217844009399414e+00 0.000000000000000000e+00 0.000000000000000000e+00
8.600000000000000000e+01 1.250000000000000000e+00 4.000000000000000000e+00 0.000000000000000000e+00 9.821829331393387318e+08 9.821829331393387318e+08 1.165569313969390392e+09 1.165569313969390392e+09 2.834666013717651367e+00 0.000000000000000000e+00 0.000000000000000000e+00
8.600000000000000000e+01 1.000000000000000000e+00 4.000000000000000000e+00 0.000000000000000000e+00 9.821829331393387318e+08 9.821829331393387318e+08 1.165569313969390392e+09 1.165569313969390392e+09 2.844146013259887695e+00 0.000000000000000000e+00 0.000000000000000000e+00
8.600000000000000000e+01 1.000000000000000000e+00 4.000000000000000000e+00 5.000000000000000000e+00 9.821829331393387318e+08 9.821829331393387318e+08 1.165569313969390392e+09 1.165569313969390392e+09 3.100136995315551758e+00 0.000000000000000000e+00 0.000000000000000000e+00
