# run number, exp fac, ti calc, ti opt, aep init calc (kW), aep init opt (kW), aep run calc (kW), aep run opt (kW), run time (s), obj func calls, sens func calls
1.790000000000000000e+02 3.000000000000000000e+00 4.000000000000000000e+00 0.000000000000000000e+00 1.069577596689196229e+09 1.069577596689196229e+09 1.174765447977818489e+09 1.174765447977818489e+09 8.486869280338287354e+02 0.000000000000000000e+00 0.000000000000000000e+00
1.790000000000000000e+02 2.750000000000000000e+00 4.000000000000000000e+00 0.000000000000000000e+00 1.069577596689196229e+09 1.069577596689196229e+09 1.174765447977818489e+09 1.174765447977818489e+09 3.222992181777954102e+00 0.000000000000000000e+00 0.000000000000000000e+00
1.790000000000000000e+02 2.500000000000000000e+00 4.000000000000000000e+00 0.000000000000000000e+00 1.069577596689196229e+09 1.069577596689196229e+09 1.174765447977818489e+09 1.174765447977818489e+09 3.068027973175048828e+00 0.000000000000000000e+00 0.000000000000000000e+00
1.790000000000000000e+02 2.250000000000000000e+00 4.000000000000000000e+00 0.000000000000000000e+00 1.069577596689196229e+09 1.069577596689196229e+09 1.174765447977818489e+09 1.174765447977818489e+09 3.145858049392700195e+00 0.000000000000000000e+00 0.000000000000000000e+00
1.790000000000000000e+02 2.000000000000000000e+00 4.000000000000000000e+00 0.000000000000000000e+00 1.069577596689196229e+09 1.069577596689196229e+09 1.174765447977818489e+09 1.174765447977818489e+09 3.230669021606445312e+00 0.000000000000000000e+00 0.000000000000000000e+00
1.790000000000000000e+02 1.750000000000000000e+00 4.000000000000000000e+00 0.000000000000000000e+00 1.069577596689196229e+09 1.069577596689196229e+09 1.174765447977818489e+09 1.174765447977818489e+09 3.133011817932128906e+00 0.000000000000000000e+00 0.000000000000000000e+00
1.790000000000000000e+02 1.500000000000000000e+00 4.000000000000000000e+00 0.000000000000000000e+00 1.069577596689196229e+09 1.069577596689196229e+09 1.174765447977818489e+09 1.174765447977818489e+09 3.247884988784790039e+00 0.000000000000000000e+00 0.000000000000000000e+00
1.790000000000000000e+02 1.250000000000000000e+00 4.000000000000000000e+00 0.000000000000000000e+00 1.069577596689196229e+09 1.069577596689196229e+09 1.174765447977818489e+09 1.174765447977818489e+09 3.274144887924194336e+00 0.000000000000000000e+00 0.000000000000000000e+00
1.790000000000000000e+02 1.000000000000000000e+00 4.000000000000000000e+00 0.000000000000000000e+00 1.069577596689196229e+09 1.069577596689196229e+09 1.174765447977818489e+09 1.174765447977818489e+09 3.108204841613769531e+00 0.000000000000000000e+00 0.000000000000000000e+00
1.790000000000000000e+02 1.000000000000000000e+00 4.000000000000000000e+00 5.000000000000000000e+00 1.069577596689196229e+09 1.069577596689196229e+09 1.174765447977818489e+09 1.174765447977818489e+09 3.300168991088867188e+00 0.000000000000000000e+00 0.000000000000000000e+00
