# run number, exp fac, ti calc, ti opt, aep init calc (kW), aep init opt (kW), aep run calc (kW), aep run opt (kW), run time (s), obj func calls, sens func calls
1.700000000000000000e+01 3.000000000000000000e+00 4.000000000000000000e+00 0.000000000000000000e+00 9.991168068553280830e+08 9.991168068553280830e+08 1.147058148214174032e+09 1.147058148214174032e+09 1.108253134965896606e+03 0.000000000000000000e+00 0.000000000000000000e+00
1.700000000000000000e+01 2.750000000000000000e+00 4.000000000000000000e+00 0.000000000000000000e+00 9.991168068553280830e+08 9.991168068553280830e+08 1.147058148214174032e+09 1.147058148214174032e+09 2.664345979690551758e+00 0.000000000000000000e+00 0.000000000000000000e+00
1.700000000000000000e+01 2.500000000000000000e+00 4.000000000000000000e+00 0.000000000000000000e+00 9.991168068553280830e+08 9.991168068553280830e+08 1.147058148214174032e+09 1.147058148214174032e+09 2.641594171524047852e+00 0.000000000000000000e+00 0.000000000000000000e+00
1.700000000000000000e+01 2.250000000000000000e+00 4.000000000000000000e+00 0.000000000000000000e+00 9.991168068553280830e+08 9.991168068553280830e+08 1.147058148214174032e+09 1.147058148214174032e+09 2.652102231979370117e+00 0.000000000000000000e+00 0.000000000000000000e+00
1.700000000000000000e+01 2.000000000000000000e+00 4.000000000000000000e+00 0.000000000000000000e+00 9.991168068553280830e+08 9.991168068553280830e+08 1.147058148214174032e+09 1.147058148214174032e+09 2.649679183959960938e+00 0.000000000000000000e+00 0.000000000000000000e+00
1.700000000000000000e+01 1.750000000000000000e+00 4.000000000000000000e+00 0.000000000000000000e+00 9.991168068553280830e+08 9.991168068553280830e+08 1.147058148214174032e+09 1.147058148214174032e+09 2.634843111038208008e+00 0.000000000000000000e+00 0.000000000000000000e+00
1.700000000000000000e+01 1.500000000000000000e+00 4.000000000000000000e+00 0.000000000000000000e+00 9.991168068553280830e+08 9.991168068553280830e+08 1.147058148214174032e+09 1.147058148214174032e+09 2.641680002212524414e+00 0.000000000000000000e+00 0.000000000000000000e+00
1.700000000000000000e+01 1.250000000000000000e+00 4.000000000000000000e+00 0.000000000000000000e+00 9.991168068553280830e+08 9.991168068553280830e+08 1.147058148214174032e+09 1.147058148214174032e+09 2.712941169738769531e+00 0.000000000000000000e+00 0.000000000000000000e+00
1.700000000000000000e+01 1.000000000000000000e+00 4.000000000000000000e+00 0.000000000000000000e+00 9.991168068553280830e+08 9.991168068553280830e+08 1.147058148214174032e+09 1.147058148214174032e+09 2.668856143951416016e+00 0.000000000000000000e+00 0.000000000000000000e+00
1.700000000000000000e+01 1.000000000000000000e+00 4.000000000000000000e+00 5.000000000000000000e+00 9.991168068553280830e+08 9.991168068553280830e+08 1.147058148214174032e+09 1.147058148214174032e+09 2.642380952835083008e+00 0.000000000000000000e+00 0.000000000000000000e+00
