# run number, exp fac, ti calc, ti opt, aep init calc (kW), aep init opt (kW), aep run calc (kW), aep run opt (kW), run time (s), obj func calls, sens func calls
6.800000000000000000e+01 3.000000000000000000e+00 4.000000000000000000e+00 0.000000000000000000e+00 1.019282499456704140e+09 1.019282499456704140e+09 1.169027753680254221e+09 1.169027753680254221e+09 5.438853368759155273e+02 0.000000000000000000e+00 0.000000000000000000e+00
6.800000000000000000e+01 2.750000000000000000e+00 4.000000000000000000e+00 0.000000000000000000e+00 1.019282499456704140e+09 1.019282499456704140e+09 1.169027753680254221e+09 1.169027753680254221e+09 2.106175184249877930e+00 0.000000000000000000e+00 0.000000000000000000e+00
6.800000000000000000e+01 2.500000000000000000e+00 4.000000000000000000e+00 0.000000000000000000e+00 1.019282499456704140e+09 1.019282499456704140e+09 1.169027753680254221e+09 1.169027753680254221e+09 1.923938989639282227e+00 0.000000000000000000e+00 0.000000000000000000e+00
6.800000000000000000e+01 2.250000000000000000e+00 4.000000000000000000e+00 0.000000000000000000e+00 1.019282499456704140e+09 1.019282499456704140e+09 1.169027753680254221e+09 1.169027753680254221e+09 2.431818008422851562e+00 0.000000000000000000e+00 0.000000000000000000e+00
6.800000000000000000e+01 2.000000000000000000e+00 4.000000000000000000e+00 0.000000000000000000e+00 1.019282499456704140e+09 1.019282499456704140e+09 1.169027753680254221e+09 1.169027753680254221e+09 2.259677171707153320e+00 0.000000000000000000e+00 0.000000000000000000e+00
6.800000000000000000e+01 1.750000000000000000e+00 4.000000000000000000e+00 0.000000000000000000e+00 1.019282499456704140e+09 1.019282499456704140e+09 1.169027753680254221e+09 1.169027753680254221e+09 2.205439090728759766e+00 0.000000000000000000e+00 0.000000000000000000e+00
6.800000000000000000e+01 1.500000000000000000e+00 4.000000000000000000e+00 0.000000000000000000e+00 1.019282499456704140e+09 1.019282499456704140e+09 1.169027753680254221e+09 1.169027753680254221e+09 2.053374052047729492e+00 0.000000000000000000e+00 0.000000000000000000e+00
6.800000000000000000e+01 1.250000000000000000e+00 4.000000000000000000e+00 0.000000000000000000e+00 1.019282499456704140e+09 1.019282499456704140e+09 1.169027753680254221e+09 1.169027753680254221e+09 2.762832164764404297e+00 0.000000000000000000e+00 0.000000000000000000e+00
6.800000000000000000e+01 1.000000000000000000e+00 4.000000000000000000e+00 0.000000000000000000e+00 1.019282499456704140e+09 1.019282499456704140e+09 1.169027753680254221e+09 1.169027753680254221e+09 1.768993854522705078e+00 0.000000000000000000e+00 0.000000000000000000e+00
6.800000000000000000e+01 1.000000000000000000e+00 4.000000000000000000e+00 5.000000000000000000e+00 1.019282499456704140e+09 1.019282499456704140e+09 1.169027753680254221e+09 1.169027753680254221e+09 1.613974809646606445e+00 0.000000000000000000e+00 0.000000000000000000e+00
