# run number, exp fac, ti calc, ti opt, aep init calc (kW), aep init opt (kW), aep run calc (kW), aep run opt (kW), run time (s), obj func calls, sens func calls
1.610000000000000000e+02 3.000000000000000000e+00 4.000000000000000000e+00 0.000000000000000000e+00 1.029116613896701574e+09 1.029116613896701574e+09 1.163761271127088070e+09 1.163761271127088070e+09 3.034448719024658203e+02 0.000000000000000000e+00 0.000000000000000000e+00
1.610000000000000000e+02 2.750000000000000000e+00 4.000000000000000000e+00 0.000000000000000000e+00 1.029116613896701574e+09 1.029116613896701574e+09 1.163761271127088070e+09 1.163761271127088070e+09 2.531022071838378906e+00 0.000000000000000000e+00 0.000000000000000000e+00
1.610000000000000000e+02 2.500000000000000000e+00 4.000000000000000000e+00 0.000000000000000000e+00 1.029116613896701574e+09 1.029116613896701574e+09 1.163761271127088070e+09 1.163761271127088070e+09 2.588622093200683594e+00 0.000000000000000000e+00 0.000000000000000000e+00
1.610000000000000000e+02 2.250000000000000000e+00 4.000000000000000000e+00 0.000000000000000000e+00 1.029116613896701574e+09 1.029116613896701574e+09 1.163761271127088070e+09 1.163761271127088070e+09 2.543407201766967773e+00 0.000000000000000000e+00 0.000000000000000000e+00
1.610000000000000000e+02 2.000000000000000000e+00 4.000000000000000000e+00 0.000000000000000000e+00 1.029116613896701574e+09 1.029116613896701574e+09 1.163761271127088070e+09 1.163761271127088070e+09 2.607075929641723633e+00 0.000000000000000000e+00 0.000000000000000000e+00
1.610000000000000000e+02 1.750000000000000000e+00 4.000000000000000000e+00 0.000000000000000000e+00 1.029116613896701574e+09 1.029116613896701574e+09 1.163761271127088070e+09 1.163761271127088070e+09 2.521906137466430664e+00 0.000000000000000000e+00 0.000000000000000000e+00
1.610000000000000000e+02 1.500000000000000000e+00 4.000000000000000000e+00 0.000000000000000000e+00 1.029116613896701574e+09 1.029116613896701574e+09 1.163761271127088070e+09 1.163761271127088070e+09 2.591854810714721680e+00 0.000000000000000000e+00 0.000000000000000000e+00
1.610000000000000000e+02 1.250000000000000000e+00 4.000000000000000000e+00 0.000000000000000000e+00 1.029116613896701574e+09 1.029116613896701574e+09 1.163761271127088070e+09 1.163761271127088070e+09 2.503912925720214844e+00 0.000000000000000000e+00 0.000000000000000000e+00
1.610000000000000000e+02 1.000000000000000000e+00 4.000000000000000000e+00 0.000000000000000000e+00 1.029116613896701574e+09 1.029116613896701574e+09 1.163761271127088070e+09 1.163761271127088070e+09 2.647536993026733398e+00 0.000000000000000000e+00 0.000000000000000000e+00
1.610000000000000000e+02 1.000000000000000000e+00 4.000000000000000000e+00 5.000000000000000000e+00 1.029116613896701574e+09 1.029116613896701574e+09 1.163761271127088070e+09 1.163761271127088070e+09 2.488879919052124023e+00 0.000000000000000000e+00 0.000000000000000000e+00
