# run number, exp fac, ti calc, ti opt, aep init calc (kW), aep init opt (kW), aep run calc (kW), aep run opt (kW), run time (s), obj func calls, sens func calls
1.770000000000000000e+02 3.000000000000000000e+00 4.000000000000000000e+00 0.000000000000000000e+00 1.024072719824706435e+09 1.024072719824706435e+09 1.157192496120998144e+09 1.157192496120998144e+09 6.598254988193511963e+02 0.000000000000000000e+00 0.000000000000000000e+00
1.770000000000000000e+02 2.750000000000000000e+00 4.000000000000000000e+00 0.000000000000000000e+00 1.024072719824706435e+09 1.024072719824706435e+09 1.157192496120998144e+09 1.157192496120998144e+09 1.627864122390747070e+00 0.000000000000000000e+00 0.000000000000000000e+00
1.770000000000000000e+02 2.500000000000000000e+00 4.000000000000000000e+00 0.000000000000000000e+00 1.024072719824706435e+09 1.024072719824706435e+09 1.157192496120998144e+09 1.157192496120998144e+09 1.578326940536499023e+00 0.000000000000000000e+00 0.000000000000000000e+00
1.770000000000000000e+02 2.250000000000000000e+00 4.000000000000000000e+00 0.000000000000000000e+00 1.024072719824706435e+09 1.024072719824706435e+09 1.157192496120998144e+09 1.157192496120998144e+09 1.528733015060424805e+00 0.000000000000000000e+00 0.000000000000000000e+00
1.770000000000000000e+02 2.000000000000000000e+00 4.000000000000000000e+00 0.000000000000000000e+00 1.024072719824706435e+09 1.024072719824706435e+09 1.157192496120998144e+09 1.157192496120998144e+09 1.541813850402832031e+00 0.000000000000000000e+00 0.000000000000000000e+00
1.770000000000000000e+02 1.750000000000000000e+00 4.000000000000000000e+00 0.000000000000000000e+00 1.024072719824706435e+09 1.024072719824706435e+09 1.157192496120998144e+09 1.157192496120998144e+09 1.690414905548095703e+00 0.000000000000000000e+00 0.000000000000000000e+00
1.770000000000000000e+02 1.500000000000000000e+00 4.000000000000000000e+00 0.000000000000000000e+00 1.024072719824706435e+09 1.024072719824706435e+09 1.157192496120998144e+09 1.157192496120998144e+09 1.658066987991333008e+00 0.000000000000000000e+00 0.000000000000000000e+00
1.770000000000000000e+02 1.250000000000000000e+00 4.000000000000000000e+00 0.000000000000000000e+00 1.024072719824706435e+09 1.024072719824706435e+09 1.157192496120998144e+09 1.157192496120998144e+09 1.601892948150634766e+00 0.000000000000000000e+00 0.000000000000000000e+00
1.770000000000000000e+02 1.000000000000000000e+00 4.000000000000000000e+00 0.000000000000000000e+00 1.024072719824706435e+09 1.024072719824706435e+09 1.157192496120998144e+09 1.157192496120998144e+09 1.614274978637695312e+00 0.000000000000000000e+00 0.000000000000000000e+00
1.770000000000000000e+02 1.000000000000000000e+00 4.000000000000000000e+00 5.000000000000000000e+00 1.024072719824706435e+09 1.024072719824706435e+09 1.157192496120998144e+09 1.157192496120998144e+09 1.528106927871704102e+00 0.000000000000000000e+00 0.000000000000000000e+00
