# run number, exp fac, ti calc, ti opt, aep init calc (kW), aep init opt (kW), aep run calc (kW), aep run opt (kW), run time (s), obj func calls, sens func calls
1.760000000000000000e+02 3.000000000000000000e+00 4.000000000000000000e+00 0.000000000000000000e+00 1.038481876821341395e+09 1.038481876821341395e+09 1.150495715326356411e+09 1.150495715326356411e+09 5.144030838012695312e+02 0.000000000000000000e+00 0.000000000000000000e+00
1.760000000000000000e+02 2.750000000000000000e+00 4.000000000000000000e+00 0.000000000000000000e+00 1.038481876821341395e+09 1.038481876821341395e+09 1.150495715326356411e+09 1.150495715326356411e+09 1.871401214599609375e+01 0.000000000000000000e+00 0.000000000000000000e+00
1.760000000000000000e+02 2.500000000000000000e+00 4.000000000000000000e+00 0.000000000000000000e+00 1.038481876821341395e+09 1.038481876821341395e+09 1.150495715326356411e+09 1.150495715326356411e+09 2.060486793518066406e+00 0.000000000000000000e+00 0.000000000000000000e+00
1.760000000000000000e+02 2.250000000000000000e+00 4.000000000000000000e+00 0.000000000000000000e+00 1.038481876821341395e+09 1.038481876821341395e+09 1.150495715326356411e+09 1.150495715326356411e+09 2.337755203247070312e+00 0.000000000000000000e+00 0.000000000000000000e+00
1.760000000000000000e+02 2.000000000000000000e+00 4.000000000000000000e+00 0.000000000000000000e+00 1.038481876821341395e+09 1.038481876821341395e+09 1.150495715326356411e+09 1.150495715326356411e+09 2.284180879592895508e+00 0.000000000000000000e+00 0.000000000000000000e+00
1.760000000000000000e+02 1.750000000000000000e+00 4.000000000000000000e+00 0.000000000000000000e+00 1.038481876821341395e+09 1.038481876821341395e+09 1.150495715326356411e+09 1.150495715326356411e+09 2.116078138351440430e+00 0.000000000000000000e+00 0.000000000000000000e+00
1.760000000000000000e+02 1.500000000000000000e+00 4.000000000000000000e+00 0.000000000000000000e+00 1.038481876821341395e+09 1.038481876821341395e+09 1.150495715326356411e+09 1.150495715326356411e+09 2.202455043792724609e+00 0.000000000000000000e+00 0.000000000000000000e+00
1.760000000000000000e+02 1.250000000000000000e+00 4.000000000000000000e+00 0.000000000000000000e+00 1.038481876821341395e+09 1.038481876821341395e+09 1.150495715326356411e+09 1.150495715326356411e+09 2.174329042434692383e+00 0.000000000000000000e+00 0.000000000000000000e+00
1.760000000000000000e+02 1.000000000000000000e+00 4.000000000000000000e+00 0.000000000000000000e+00 1.038481876821341395e+09 1.038481876821341395e+09 1.150495715326356411e+09 1.150495715326356411e+09 2.218796014785766602e+00 0.000000000000000000e+00 0.000000000000000000e+00
1.760000000000000000e+02 1.000000000000000000e+00 4.000000000000000000e+00 5.000000000000000000e+00 1.038481876821341395e+09 1.038481876821341395e+09 1.150495715326356411e+09 1.150495715326356411e+09 2.230195999145507812e+00 0.000000000000000000e+00 0.000000000000000000e+00
