# run number, exp fac, ti calc, ti opt, aep init calc (kW), aep init opt (kW), aep run calc (kW), aep run opt (kW), run time (s), obj func calls, sens func calls
7.000000000000000000e+01 3.000000000000000000e+00 4.000000000000000000e+00 0.000000000000000000e+00 9.939243307936878204e+08 9.939243307936878204e+08 1.168635201044446707e+09 1.168635201044446707e+09 5.175178549289703369e+02 0.000000000000000000e+00 0.000000000000000000e+00
7.000000000000000000e+01 2.750000000000000000e+00 4.000000000000000000e+00 0.000000000000000000e+00 9.939243307936878204e+08 9.939243307936878204e+08 1.168635201044446707e+09 1.168635201044446707e+09 1.642831802368164062e+00 0.000000000000000000e+00 0.000000000000000000e+00
7.000000000000000000e+01 2.500000000000000000e+00 4.000000000000000000e+00 0.000000000000000000e+00 9.939243307936878204e+08 9.939243307936878204e+08 1.168635201044446707e+09 1.168635201044446707e+09 1.522911787033081055e+00 0.000000000000000000e+00 0.000000000000000000e+00
7.000000000000000000e+01 2.250000000000000000e+00 4.000000000000000000e+00 0.000000000000000000e+00 9.939243307936878204e+08 9.939243307936878204e+08 1.168635201044446707e+09 1.168635201044446707e+09 1.410137176513671875e+00 0.000000000000000000e+00 0.000000000000000000e+00
7.000000000000000000e+01 2.000000000000000000e+00 4.000000000000000000e+00 0.000000000000000000e+00 9.939243307936878204e+08 9.939243307936878204e+08 1.168635201044446707e+09 1.168635201044446707e+09 1.502002954483032227e+00 0.000000000000000000e+00 0.000000000000000000e+00
7.000000000000000000e+01 1.750000000000000000e+00 4.000000000000000000e+00 0.000000000000000000e+00 9.939243307936878204e+08 9.939243307936878204e+08 1.168635201044446707e+09 1.168635201044446707e+09 1.676392078399658203e+00 0.000000000000000000e+00 0.000000000000000000e+00
7.000000000000000000e+01 1.500000000000000000e+00 4.000000000000000000e+00 0.000000000000000000e+00 9.939243307936878204e+08 9.939243307936878204e+08 1.168635201044446707e+09 1.168635201044446707e+09 1.499495983123779297e+00 0.000000000000000000e+00 0.000000000000000000e+00
7.000000000000000000e+01 1.250000000000000000e+00 4.000000000000000000e+00 0.000000000000000000e+00 9.939243307936878204e+08 9.939243307936878204e+08 1.168635201044446707e+09 1.168635201044446707e+09 1.774419069290161133e+00 0.000000000000000000e+00 0.000000000000000000e+00
7.000000000000000000e+01 1.000000000000000000e+00 4.000000000000000000e+00 0.000000000000000000e+00 9.939243307936878204e+08 9.939243307936878204e+08 1.168635201044446707e+09 1.168635201044446707e+09 1.547470092773437500e+00 0.000000000000000000e+00 0.000000000000000000e+00
7.000000000000000000e+01 1.000000000000000000e+00 4.000000000000000000e+00 5.000000000000000000e+00 9.939243307936878204e+08 9.939243307936878204e+08 1.168635201044446707e+09 1.168635201044446707e+09 1.703469991683959961e+00 0.000000000000000000e+00 0.000000000000000000e+00
