# run number, exp fac, ti calc, ti opt, aep init calc (kW), aep init opt (kW), aep run calc (kW), aep run opt (kW), run time (s), obj func calls, sens func calls
2.500000000000000000e+01 3.000000000000000000e+00 4.000000000000000000e+00 0.000000000000000000e+00 1.005725192029469132e+09 1.005725192029469132e+09 1.167987210555742502e+09 1.167987210555742502e+09 4.065342750549316406e+02 0.000000000000000000e+00 0.000000000000000000e+00
2.500000000000000000e+01 2.750000000000000000e+00 4.000000000000000000e+00 0.000000000000000000e+00 1.005725192029469132e+09 1.005725192029469132e+09 1.167987210555742502e+09 1.167987210555742502e+09 2.689800977706909180e+00 0.000000000000000000e+00 0.000000000000000000e+00
2.500000000000000000e+01 2.500000000000000000e+00 4.000000000000000000e+00 0.000000000000000000e+00 1.005725192029469132e+09 1.005725192029469132e+09 1.167987210555742502e+09 1.167987210555742502e+09 2.700629949569702148e+00 0.000000000000000000e+00 0.000000000000000000e+00
2.500000000000000000e+01 2.250000000000000000e+00 4.000000000000000000e+00 0.000000000000000000e+00 1.005725192029469132e+09 1.005725192029469132e+09 1.167987210555742502e+09 1.167987210555742502e+09 2.695937871932983398e+00 0.000000000000000000e+00 0.000000000000000000e+00
2.500000000000000000e+01 2.000000000000000000e+00 4.000000000000000000e+00 0.000000000000000000e+00 1.005725192029469132e+09 1.005725192029469132e+09 1.167987210555742502e+09 1.167987210555742502e+09 2.679548025131225586e+00 0.000000000000000000e+00 0.000000000000000000e+00
2.500000000000000000e+01 1.750000000000000000e+00 4.000000000000000000e+00 0.000000000000000000e+00 1.005725192029469132e+09 1.005725192029469132e+09 1.167987210555742502e+09 1.167987210555742502e+09 2.714377164840698242e+00 0.000000000000000000e+00 0.000000000000000000e+00
2.500000000000000000e+01 1.500000000000000000e+00 4.000000000000000000e+00 0.000000000000000000e+00 1.005725192029469132e+09 1.005725192029469132e+09 1.167987210555742502e+09 1.167987210555742502e+09 2.715289115905761719e+00 0.000000000000000000e+00 0.000000000000000000e+00
2.500000000000000000e+01 1.250000000000000000e+00 4.000000000000000000e+00 0.000000000000000000e+00 1.005725192029469132e+09 1.005725192029469132e+09 1.167987210555742502e+09 1.167987210555742502e+09 2.692817926406860352e+00 0.000000000000000000e+00 0.000000000000000000e+00
2.500000000000000000e+01 1.000000000000000000e+00 4.000000000000000000e+00 0.000000000000000000e+00 1.005725192029469132e+09 1.005725192029469132e+09 1.167987210555742502e+09 1.167987210555742502e+09 2.701771974563598633e+00 0.000000000000000000e+00 0.000000000000000000e+00
2.500000000000000000e+01 1.000000000000000000e+00 4.000000000000000000e+00 5.000000000000000000e+00 1.005725192029469132e+09 1.005725192029469132e+09 1.167987210555742502e+09 1.167987210555742502e+09 2.685167074203491211e+00 0.000000000000000000e+00 0.000000000000000000e+00
