# run number, exp fac, ti calc, ti opt, aep init calc (kW), aep init opt (kW), aep run calc (kW), aep run opt (kW), run time (s), obj func calls, sens func calls
5.000000000000000000e+00 3.000000000000000000e+00 4.000000000000000000e+00 0.000000000000000000e+00 1.003841275409943461e+09 1.003841275409943461e+09 1.162783017131309271e+09 1.162783017131309271e+09 4.951981477737426758e+02 0.000000000000000000e+00 0.000000000000000000e+00
5.000000000000000000e+00 2.750000000000000000e+00 4.000000000000000000e+00 0.000000000000000000e+00 1.003841275409943461e+09 1.003841275409943461e+09 1.162783017131309271e+09 1.162783017131309271e+09 2.591000080108642578e+00 0.000000000000000000e+00 0.000000000000000000e+00
5.000000000000000000e+00 2.500000000000000000e+00 4.000000000000000000e+00 0.000000000000000000e+00 1.003841275409943461e+09 1.003841275409943461e+09 1.162783017131309271e+09 1.162783017131309271e+09 2.470921993255615234e+00 0.000000000000000000e+00 0.000000000000000000e+00
5.000000000000000000e+00 2.250000000000000000e+00 4.000000000000000000e+00 0.000000000000000000e+00 1.003841275409943461e+09 1.003841275409943461e+09 1.162783017131309271e+09 1.162783017131309271e+09 2.467953920364379883e+00 0.000000000000000000e+00 0.000000000000000000e+00
5.000000000000000000e+00 2.000000000000000000e+00 4.000000000000000000e+00 0.000000000000000000e+00 1.003841275409943461e+09 1.003841275409943461e+09 1.162783017131309271e+09 1.162783017131309271e+09 2.471105098724365234e+00 0.000000000000000000e+00 0.000000000000000000e+00
5.000000000000000000e+00 1.750000000000000000e+00 4.000000000000000000e+00 0.000000000000000000e+00 1.003841275409943461e+09 1.003841275409943461e+09 1.162783017131309271e+09 1.162783017131309271e+09 2.474673032760620117e+00 0.000000000000000000e+00 0.000000000000000000e+00
5.000000000000000000e+00 1.500000000000000000e+00 4.000000000000000000e+00 0.000000000000000000e+00 1.003841275409943461e+09 1.003841275409943461e+09 1.162783017131309271e+09 1.162783017131309271e+09 2.502840042114257812e+00 0.000000000000000000e+00 0.000000000000000000e+00
5.000000000000000000e+00 1.250000000000000000e+00 4.000000000000000000e+00 0.000000000000000000e+00 1.003841275409943461e+09 1.003841275409943461e+09 1.162783017131309271e+09 1.162783017131309271e+09 2.603113889694213867e+00 0.000000000000000000e+00 0.000000000000000000e+00
5.000000000000000000e+00 1.000000000000000000e+00 4.000000000000000000e+00 0.000000000000000000e+00 1.003841275409943461e+09 1.003841275409943461e+09 1.162783017131309271e+09 1.162783017131309271e+09 2.543764829635620117e+00 0.000000000000000000e+00 0.000000000000000000e+00
5.000000000000000000e+00 1.000000000000000000e+00 4.000000000000000000e+00 5.000000000000000000e+00 1.003841275409943461e+09 1.003841275409943461e+09 1.162783017131309271e+09 1.162783017131309271e+09 2.487275123596191406e+00 0.000000000000000000e+00 0.000000000000000000e+00
