# run number, exp fac, ti calc, ti opt, aep init calc (kW), aep init opt (kW), aep run calc (kW), aep run opt (kW), run time (s), obj func calls, sens func calls
1.100000000000000000e+01 3.000000000000000000e+00 4.000000000000000000e+00 0.000000000000000000e+00 9.943099367114404440e+08 9.943099367114404440e+08 1.157430196714518309e+09 1.157430196714518309e+09 9.112445960044860840e+02 0.000000000000000000e+00 0.000000000000000000e+00
1.100000000000000000e+01 2.750000000000000000e+00 4.000000000000000000e+00 0.000000000000000000e+00 9.943099367114404440e+08 9.943099367114404440e+08 1.157430196714518309e+09 1.157430196714518309e+09 2.652417898178100586e+00 0.000000000000000000e+00 0.000000000000000000e+00
1.100000000000000000e+01 2.500000000000000000e+00 4.000000000000000000e+00 0.000000000000000000e+00 9.943099367114404440e+08 9.943099367114404440e+08 1.157430196714518309e+09 1.157430196714518309e+09 2.651319980621337891e+00 0.000000000000000000e+00 0.000000000000000000e+00
1.100000000000000000e+01 2.250000000000000000e+00 4.000000000000000000e+00 0.000000000000000000e+00 9.943099367114404440e+08 9.943099367114404440e+08 1.157430196714518309e+09 1.157430196714518309e+09 2.796713113784790039e+00 0.000000000000000000e+00 0.000000000000000000e+00
1.100000000000000000e+01 2.000000000000000000e+00 4.000000000000000000e+00 0.000000000000000000e+00 9.943099367114404440e+08 9.943099367114404440e+08 1.157430196714518309e+09 1.157430196714518309e+09 2.692635059356689453e+00 0.000000000000000000e+00 0.000000000000000000e+00
1.100000000000000000e+01 1.750000000000000000e+00 4.000000000000000000e+00 0.000000000000000000e+00 9.943099367114404440e+08 9.943099367114404440e+08 1.157430196714518309e+09 1.157430196714518309e+09 2.787733078002929688e+00 0.000000000000000000e+00 0.000000000000000000e+00
1.100000000000000000e+01 1.500000000000000000e+00 4.000000000000000000e+00 0.000000000000000000e+00 9.943099367114404440e+08 9.943099367114404440e+08 1.157430196714518309e+09 1.157430196714518309e+09 2.761423826217651367e+00 0.000000000000000000e+00 0.000000000000000000e+00
1.100000000000000000e+01 1.250000000000000000e+00 4.000000000000000000e+00 0.000000000000000000e+00 9.943099367114404440e+08 9.943099367114404440e+08 1.157430196714518309e+09 1.157430196714518309e+09 2.691813945770263672e+00 0.000000000000000000e+00 0.000000000000000000e+00
1.100000000000000000e+01 1.000000000000000000e+00 4.000000000000000000e+00 0.000000000000000000e+00 9.943099367114404440e+08 9.943099367114404440e+08 1.157430196714518309e+09 1.157430196714518309e+09 2.798732995986938477e+00 0.000000000000000000e+00 0.000000000000000000e+00
1.100000000000000000e+01 1.000000000000000000e+00 4.000000000000000000e+00 5.000000000000000000e+00 9.943099367114404440e+08 9.943099367114404440e+08 1.157430196714518309e+09 1.157430196714518309e+09 3.005490064620971680e+00 0.000000000000000000e+00 0.000000000000000000e+00
