# run number, exp fac, ti calc, ti opt, aep init calc (kW), aep init opt (kW), aep run calc (kW), aep run opt (kW), run time (s), obj func calls, sens func calls
1.250000000000000000e+02 3.000000000000000000e+00 4.000000000000000000e+00 0.000000000000000000e+00 1.021544985291058183e+09 1.021544985291058183e+09 1.165681364532876968e+09 1.165681364532876968e+09 4.484763090610504150e+02 0.000000000000000000e+00 0.000000000000000000e+00
1.250000000000000000e+02 2.750000000000000000e+00 4.000000000000000000e+00 0.000000000000000000e+00 1.021544985291058183e+09 1.021544985291058183e+09 1.165681364532876968e+09 1.165681364532876968e+09 2.593569040298461914e+00 0.000000000000000000e+00 0.000000000000000000e+00
1.250000000000000000e+02 2.500000000000000000e+00 4.000000000000000000e+00 0.000000000000000000e+00 1.021544985291058183e+09 1.021544985291058183e+09 1.165681364532876968e+09 1.165681364532876968e+09 2.591996908187866211e+00 0.000000000000000000e+00 0.000000000000000000e+00
1.250000000000000000e+02 2.250000000000000000e+00 4.000000000000000000e+00 0.000000000000000000e+00 1.021544985291058183e+09 1.021544985291058183e+09 1.165681364532876968e+09 1.165681364532876968e+09 2.637623071670532227e+00 0.000000000000000000e+00 0.000000000000000000e+00
1.250000000000000000e+02 2.000000000000000000e+00 4.000000000000000000e+00 0.000000000000000000e+00 1.021544985291058183e+09 1.021544985291058183e+09 1.165681364532876968e+09 1.165681364532876968e+09 2.597009181976318359e+00 0.000000000000000000e+00 0.000000000000000000e+00
1.250000000000000000e+02 1.750000000000000000e+00 4.000000000000000000e+00 0.000000000000000000e+00 1.021544985291058183e+09 1.021544985291058183e+09 1.165681364532876968e+09 1.165681364532876968e+09 2.572001934051513672e+00 0.000000000000000000e+00 0.000000000000000000e+00
1.250000000000000000e+02 1.500000000000000000e+00 4.000000000000000000e+00 0.000000000000000000e+00 1.021544985291058183e+09 1.021544985291058183e+09 1.165681364532876968e+09 1.165681364532876968e+09 2.663805007934570312e+00 0.000000000000000000e+00 0.000000000000000000e+00
1.250000000000000000e+02 1.250000000000000000e+00 4.000000000000000000e+00 0.000000000000000000e+00 1.021544985291058183e+09 1.021544985291058183e+09 1.165681364532876968e+09 1.165681364532876968e+09 2.647111892700195312e+00 0.000000000000000000e+00 0.000000000000000000e+00
1.250000000000000000e+02 1.000000000000000000e+00 4.000000000000000000e+00 0.000000000000000000e+00 1.021544985291058183e+09 1.021544985291058183e+09 1.165681364532876968e+09 1.165681364532876968e+09 2.673913002014160156e+00 0.000000000000000000e+00 0.000000000000000000e+00
1.250000000000000000e+02 1.000000000000000000e+00 4.000000000000000000e+00 5.000000000000000000e+00 1.021544985291058183e+09 1.021544985291058183e+09 1.165681364532876968e+09 1.165681364532876968e+09 2.581221818923950195e+00 0.000000000000000000e+00 0.000000000000000000e+00
