# run number, exp fac, ti calc, ti opt, aep init calc (kW), aep init opt (kW), aep run calc (kW), aep run opt (kW), run time (s), obj func calls, sens func calls
1.570000000000000000e+02 3.000000000000000000e+00 4.000000000000000000e+00 0.000000000000000000e+00 1.020489011904749990e+09 1.020489011904749990e+09 1.157686330358953238e+09 1.157686330358953238e+09 4.460580408573150635e+02 0.000000000000000000e+00 0.000000000000000000e+00
1.570000000000000000e+02 2.750000000000000000e+00 4.000000000000000000e+00 0.000000000000000000e+00 1.020489011904749990e+09 1.020489011904749990e+09 1.157686330358953238e+09 1.157686330358953238e+09 2.709719181060791016e+00 0.000000000000000000e+00 0.000000000000000000e+00
1.570000000000000000e+02 2.500000000000000000e+00 4.000000000000000000e+00 0.000000000000000000e+00 1.020489011904749990e+09 1.020489011904749990e+09 1.157686330358953238e+09 1.157686330358953238e+09 2.781725883483886719e+00 0.000000000000000000e+00 0.000000000000000000e+00
1.570000000000000000e+02 2.250000000000000000e+00 4.000000000000000000e+00 0.000000000000000000e+00 1.020489011904749990e+09 1.020489011904749990e+09 1.157686330358953238e+09 1.157686330358953238e+09 2.675423860549926758e+00 0.000000000000000000e+00 0.000000000000000000e+00
1.570000000000000000e+02 2.000000000000000000e+00 4.000000000000000000e+00 0.000000000000000000e+00 1.020489011904749990e+09 1.020489011904749990e+09 1.157686330358953238e+09 1.157686330358953238e+09 2.559677124023437500e+00 0.000000000000000000e+00 0.000000000000000000e+00
1.570000000000000000e+02 1.750000000000000000e+00 4.000000000000000000e+00 0.000000000000000000e+00 1.020489011904749990e+09 1.020489011904749990e+09 1.157686330358953238e+09 1.157686330358953238e+09 2.564321994781494141e+00 0.000000000000000000e+00 0.000000000000000000e+00
1.570000000000000000e+02 1.500000000000000000e+00 4.000000000000000000e+00 0.000000000000000000e+00 1.020489011904749990e+09 1.020489011904749990e+09 1.157686330358953238e+09 1.157686330358953238e+09 2.483423948287963867e+00 0.000000000000000000e+00 0.000000000000000000e+00
1.570000000000000000e+02 1.250000000000000000e+00 4.000000000000000000e+00 0.000000000000000000e+00 1.020489011904749990e+09 1.020489011904749990e+09 1.157686330358953238e+09 1.157686330358953238e+09 2.638179063796997070e+00 0.000000000000000000e+00 0.000000000000000000e+00
1.570000000000000000e+02 1.000000000000000000e+00 4.000000000000000000e+00 0.000000000000000000e+00 1.020489011904749990e+09 1.020489011904749990e+09 1.157686330358953238e+09 1.157686330358953238e+09 2.620084047317504883e+00 0.000000000000000000e+00 0.000000000000000000e+00
1.570000000000000000e+02 1.000000000000000000e+00 4.000000000000000000e+00 5.000000000000000000e+00 1.020489011904749990e+09 1.020489011904749990e+09 1.157686330358953238e+09 1.157686330358953238e+09 2.560071945190429688e+00 0.000000000000000000e+00 0.000000000000000000e+00
