# run number, exp fac, ti calc, ti opt, aep init calc (kW), aep init opt (kW), aep run calc (kW), aep run opt (kW), run time (s), obj func calls, sens func calls
1.650000000000000000e+02 3.000000000000000000e+00 4.000000000000000000e+00 0.000000000000000000e+00 9.896195238702305555e+08 9.896195238702305555e+08 1.157384595471243382e+09 1.157384595471243382e+09 8.290469949245452881e+02 0.000000000000000000e+00 0.000000000000000000e+00
1.650000000000000000e+02 2.750000000000000000e+00 4.000000000000000000e+00 0.000000000000000000e+00 9.896195238702305555e+08 9.896195238702305555e+08 1.157384595471243382e+09 1.157384595471243382e+09 6.111587095260620117e+01 0.000000000000000000e+00 0.000000000000000000e+00
1.650000000000000000e+02 2.500000000000000000e+00 4.000000000000000000e+00 0.000000000000000000e+00 9.896195238702305555e+08 9.896195238702305555e+08 1.157384595471243382e+09 1.157384595471243382e+09 2.772881984710693359e+00 0.000000000000000000e+00 0.000000000000000000e+00
1.650000000000000000e+02 2.250000000000000000e+00 4.000000000000000000e+00 0.000000000000000000e+00 9.896195238702305555e+08 9.896195238702305555e+08 1.157384595471243382e+09 1.157384595471243382e+09 6.066982102394104004e+01 0.000000000000000000e+00 0.000000000000000000e+00
1.650000000000000000e+02 2.000000000000000000e+00 4.000000000000000000e+00 0.000000000000000000e+00 9.896195238702305555e+08 9.896195238702305555e+08 1.157384595471243382e+09 1.157384595471243382e+09 5.138562917709350586e+00 0.000000000000000000e+00 0.000000000000000000e+00
1.650000000000000000e+02 1.750000000000000000e+00 4.000000000000000000e+00 0.000000000000000000e+00 9.896195238702305555e+08 9.896195238702305555e+08 1.157384595471243382e+09 1.157384595471243382e+09 1.491544961929321289e+00 0.000000000000000000e+00 0.000000000000000000e+00
1.650000000000000000e+02 1.500000000000000000e+00 4.000000000000000000e+00 0.000000000000000000e+00 9.896195238702305555e+08 9.896195238702305555e+08 1.157384595471243382e+09 1.157384595471243382e+09 1.572004079818725586e+00 0.000000000000000000e+00 0.000000000000000000e+00
1.650000000000000000e+02 1.250000000000000000e+00 4.000000000000000000e+00 0.000000000000000000e+00 9.896195238702305555e+08 9.896195238702305555e+08 1.157384595471243382e+09 1.157384595471243382e+09 1.683606147766113281e+00 0.000000000000000000e+00 0.000000000000000000e+00
1.650000000000000000e+02 1.000000000000000000e+00 4.000000000000000000e+00 0.000000000000000000e+00 9.896195238702305555e+08 9.896195238702305555e+08 1.157384595471243382e+09 1.157384595471243382e+09 1.632738828659057617e+00 0.000000000000000000e+00 0.000000000000000000e+00
1.650000000000000000e+02 1.000000000000000000e+00 4.000000000000000000e+00 5.000000000000000000e+00 9.896195238702305555e+08 9.896195238702305555e+08 1.157384595471243382e+09 1.157384595471243382e+09 1.439423084259033203e+00 0.000000000000000000e+00 0.000000000000000000e+00
