# run number, exp fac, ti calc, ti opt, aep init calc (kW), aep init opt (kW), aep run calc (kW), aep run opt (kW), run time (s), obj func calls, sens func calls
2.300000000000000000e+01 3.000000000000000000e+00 4.000000000000000000e+00 0.000000000000000000e+00 9.899820866403216124e+08 9.899820866403216124e+08 1.161875902732769012e+09 1.161875902732769012e+09 5.658614690303802490e+02 0.000000000000000000e+00 0.000000000000000000e+00
2.300000000000000000e+01 2.750000000000000000e+00 4.000000000000000000e+00 0.000000000000000000e+00 9.899820866403216124e+08 9.899820866403216124e+08 1.161875902732769012e+09 1.161875902732769012e+09 2.658706188201904297e+00 0.000000000000000000e+00 0.000000000000000000e+00
2.300000000000000000e+01 2.500000000000000000e+00 4.000000000000000000e+00 0.000000000000000000e+00 9.899820866403216124e+08 9.899820866403216124e+08 1.161875902732769012e+09 1.161875902732769012e+09 2.745701074600219727e+00 0.000000000000000000e+00 0.000000000000000000e+00
2.300000000000000000e+01 2.250000000000000000e+00 4.000000000000000000e+00 0.000000000000000000e+00 9.899820866403216124e+08 9.899820866403216124e+08 1.161875902732769012e+09 1.161875902732769012e+09 2.766777038574218750e+00 0.000000000000000000e+00 0.000000000000000000e+00
2.300000000000000000e+01 2.000000000000000000e+00 4.000000000000000000e+00 0.000000000000000000e+00 9.899820866403216124e+08 9.899820866403216124e+08 1.161875902732769012e+09 1.161875902732769012e+09 2.618262052536010742e+00 0.000000000000000000e+00 0.000000000000000000e+00
2.300000000000000000e+01 1.750000000000000000e+00 4.000000000000000000e+00 0.000000000000000000e+00 9.899820866403216124e+08 9.899820866403216124e+08 1.161875902732769012e+09 1.161875902732769012e+09 2.810370922088623047e+00 0.000000000000000000e+00 0.000000000000000000e+00
2.300000000000000000e+01 1.500000000000000000e+00 4.000000000000000000e+00 0.000000000000000000e+00 9.899820866403216124e+08 9.899820866403216124e+08 1.161875902732769012e+09 1.161875902732769012e+09 2.436399936676025391e+00 0.000000000000000000e+00 0.000000000000000000e+00
2.300000000000000000e+01 1.250000000000000000e+00 4.000000000000000000e+00 0.000000000000000000e+00 9.899820866403216124e+08 9.899820866403216124e+08 1.161875902732769012e+09 1.161875902732769012e+09 2.870553016662597656e+00 0.000000000000000000e+00 0.000000000000000000e+00
2.300000000000000000e+01 1.000000000000000000e+00 4.000000000000000000e+00 0.000000000000000000e+00 9.899820866403216124e+08 9.899820866403216124e+08 1.161875902732769012e+09 1.161875902732769012e+09 2.465672969818115234e+00 0.000000000000000000e+00 0.000000000000000000e+00
2.300000000000000000e+01 1.000000000000000000e+00 4.000000000000000000e+00 5.000000000000000000e+00 9.899820866403216124e+08 9.899820866403216124e+08 1.161875902732769012e+09 1.161875902732769012e+09 2.546189069747924805e+00 0.000000000000000000e+00 0.000000000000000000e+00
