# run number, exp fac, ti calc, ti opt, aep init calc (kW), aep init opt (kW), aep run calc (kW), aep run opt (kW), run time (s), obj func calls, sens func calls
9.000000000000000000e+00 3.000000000000000000e+00 4.000000000000000000e+00 0.000000000000000000e+00 9.929546168730883598e+08 9.929546168730883598e+08 1.175594469283521175e+09 1.175594469283521175e+09 5.822613530158996582e+02 0.000000000000000000e+00 0.000000000000000000e+00
9.000000000000000000e+00 2.750000000000000000e+00 4.000000000000000000e+00 0.000000000000000000e+00 9.929546168730883598e+08 9.929546168730883598e+08 1.175594469283521175e+09 1.175594469283521175e+09 2.071154117584228516e+00 0.000000000000000000e+00 0.000000000000000000e+00
9.000000000000000000e+00 2.500000000000000000e+00 4.000000000000000000e+00 0.000000000000000000e+00 9.929546168730883598e+08 9.929546168730883598e+08 1.175594469283521175e+09 1.175594469283521175e+09 1.826152086257934570e+00 0.000000000000000000e+00 0.000000000000000000e+00
9.000000000000000000e+00 2.250000000000000000e+00 4.000000000000000000e+00 0.000000000000000000e+00 9.929546168730883598e+08 9.929546168730883598e+08 1.175594469283521175e+09 1.175594469283521175e+09 1.965831995010375977e+00 0.000000000000000000e+00 0.000000000000000000e+00
9.000000000000000000e+00 2.000000000000000000e+00 4.000000000000000000e+00 0.000000000000000000e+00 9.929546168730883598e+08 9.929546168730883598e+08 1.175594469283521175e+09 1.175594469283521175e+09 2.101203918457031250e+00 0.000000000000000000e+00 0.000000000000000000e+00
9.000000000000000000e+00 1.750000000000000000e+00 4.000000000000000000e+00 0.000000000000000000e+00 9.929546168730883598e+08 9.929546168730883598e+08 1.175594469283521175e+09 1.175594469283521175e+09 2.010751008987426758e+00 0.000000000000000000e+00 0.000000000000000000e+00
9.000000000000000000e+00 1.500000000000000000e+00 4.000000000000000000e+00 0.000000000000000000e+00 9.929546168730883598e+08 9.929546168730883598e+08 1.175594469283521175e+09 1.175594469283521175e+09 2.012639999389648438e+00 0.000000000000000000e+00 0.000000000000000000e+00
9.000000000000000000e+00 1.250000000000000000e+00 4.000000000000000000e+00 0.000000000000000000e+00 9.929546168730883598e+08 9.929546168730883598e+08 1.175594469283521175e+09 1.175594469283521175e+09 1.959308862686157227e+00 0.000000000000000000e+00 0.000000000000000000e+00
9.000000000000000000e+00 1.000000000000000000e+00 4.000000000000000000e+00 0.000000000000000000e+00 9.929546168730883598e+08 9.929546168730883598e+08 1.175594469283521175e+09 1.175594469283521175e+09 1.891024827957153320e+00 0.000000000000000000e+00 0.000000000000000000e+00
9.000000000000000000e+00 1.000000000000000000e+00 4.000000000000000000e+00 5.000000000000000000e+00 9.929546168730883598e+08 9.929546168730883598e+08 1.175594469283521175e+09 1.175594469283521175e+09 1.927591085433959961e+00 0.000000000000000000e+00 0.000000000000000000e+00
