# run number, exp fac, ti calc, ti opt, aep init calc (kW), aep init opt (kW), aep run calc (kW), aep run opt (kW), run time (s), obj func calls, sens func calls
1.200000000000000000e+01 3.000000000000000000e+00 4.000000000000000000e+00 0.000000000000000000e+00 1.024214081942791343e+09 1.024214081942791343e+09 1.153662347654433012e+09 1.153662347654433012e+09 4.687800190448760986e+02 0.000000000000000000e+00 0.000000000000000000e+00
1.200000000000000000e+01 2.750000000000000000e+00 4.000000000000000000e+00 0.000000000000000000e+00 1.024214081942791343e+09 1.024214081942791343e+09 1.153662347654433012e+09 1.153662347654433012e+09 2.591773986816406250e+00 0.000000000000000000e+00 0.000000000000000000e+00
1.200000000000000000e+01 2.500000000000000000e+00 4.000000000000000000e+00 0.000000000000000000e+00 1.024214081942791343e+09 1.024214081942791343e+09 1.153662347654433012e+09 1.153662347654433012e+09 2.733386039733886719e+00 0.000000000000000000e+00 0.000000000000000000e+00
1.200000000000000000e+01 2.250000000000000000e+00 4.000000000000000000e+00 0.000000000000000000e+00 1.024214081942791343e+09 1.024214081942791343e+09 1.153662347654433012e+09 1.153662347654433012e+09 2.655723094940185547e+00 0.000000000000000000e+00 0.000000000000000000e+00
1.200000000000000000e+01 2.000000000000000000e+00 4.000000000000000000e+00 0.000000000000000000e+00 1.024214081942791343e+09 1.024214081942791343e+09 1.153662347654433012e+09 1.153662347654433012e+09 2.636814117431640625e+00 0.000000000000000000e+00 0.000000000000000000e+00
1.200000000000000000e+01 1.750000000000000000e+00 4.000000000000000000e+00 0.000000000000000000e+00 1.024214081942791343e+09 1.024214081942791343e+09 1.153662347654433012e+09 1.153662347654433012e+09 3.019651174545288086e+00 0.000000000000000000e+00 0.000000000000000000e+00
1.200000000000000000e+01 1.500000000000000000e+00 4.000000000000000000e+00 0.000000000000000000e+00 1.024214081942791343e+09 1.024214081942791343e+09 1.153662347654433012e+09 1.153662347654433012e+09 2.687594175338745117e+00 0.000000000000000000e+00 0.000000000000000000e+00
1.200000000000000000e+01 1.250000000000000000e+00 4.000000000000000000e+00 0.000000000000000000e+00 1.024214081942791343e+09 1.024214081942791343e+09 1.153662347654433012e+09 1.153662347654433012e+09 2.609408140182495117e+00 0.000000000000000000e+00 0.000000000000000000e+00
1.200000000000000000e+01 1.000000000000000000e+00 4.000000000000000000e+00 0.000000000000000000e+00 1.024214081942791343e+09 1.024214081942791343e+09 1.153662347654433012e+09 1.153662347654433012e+09 2.583673954010009766e+00 0.000000000000000000e+00 0.000000000000000000e+00
1.200000000000000000e+01 1.000000000000000000e+00 4.000000000000000000e+00 5.000000000000000000e+00 1.024214081942791343e+09 1.024214081942791343e+09 1.153662347654433012e+09 1.153662347654433012e+09 2.514297008514404297e+00 0.000000000000000000e+00 0.000000000000000000e+00
