# run number, exp fac, ti calc, ti opt, aep init calc (kW), aep init opt (kW), aep run calc (kW), aep run opt (kW), run time (s), obj func calls, sens func calls
1.810000000000000000e+02 3.000000000000000000e+00 4.000000000000000000e+00 0.000000000000000000e+00 9.911759604237539768e+08 9.911759604237539768e+08 1.167932454447235823e+09 1.167932454447235823e+09 7.557984018325805664e+02 0.000000000000000000e+00 0.000000000000000000e+00
1.810000000000000000e+02 2.750000000000000000e+00 4.000000000000000000e+00 0.000000000000000000e+00 9.911759604237539768e+08 9.911759604237539768e+08 1.167932454447235823e+09 1.167932454447235823e+09 2.503362894058227539e+00 0.000000000000000000e+00 0.000000000000000000e+00
1.810000000000000000e+02 2.500000000000000000e+00 4.000000000000000000e+00 0.000000000000000000e+00 9.911759604237539768e+08 9.911759604237539768e+08 1.167932454447235823e+09 1.167932454447235823e+09 2.593093156814575195e+00 0.000000000000000000e+00 0.000000000000000000e+00
1.810000000000000000e+02 2.250000000000000000e+00 4.000000000000000000e+00 0.000000000000000000e+00 9.911759604237539768e+08 9.911759604237539768e+08 1.167932454447235823e+09 1.167932454447235823e+09 2.648378849029541016e+00 0.000000000000000000e+00 0.000000000000000000e+00
1.810000000000000000e+02 2.000000000000000000e+00 4.000000000000000000e+00 0.000000000000000000e+00 9.911759604237539768e+08 9.911759604237539768e+08 1.167932454447235823e+09 1.167932454447235823e+09 2.644142150878906250e+00 0.000000000000000000e+00 0.000000000000000000e+00
1.810000000000000000e+02 1.750000000000000000e+00 4.000000000000000000e+00 0.000000000000000000e+00 9.911759604237539768e+08 9.911759604237539768e+08 1.167932454447235823e+09 1.167932454447235823e+09 3.058940887451171875e+00 0.000000000000000000e+00 0.000000000000000000e+00
1.810000000000000000e+02 1.500000000000000000e+00 4.000000000000000000e+00 0.000000000000000000e+00 9.911759604237539768e+08 9.911759604237539768e+08 1.167932454447235823e+09 1.167932454447235823e+09 2.665150165557861328e+00 0.000000000000000000e+00 0.000000000000000000e+00
1.810000000000000000e+02 1.250000000000000000e+00 4.000000000000000000e+00 0.000000000000000000e+00 9.911759604237539768e+08 9.911759604237539768e+08 1.167932454447235823e+09 1.167932454447235823e+09 2.626794099807739258e+00 0.000000000000000000e+00 0.000000000000000000e+00
1.810000000000000000e+02 1.000000000000000000e+00 4.000000000000000000e+00 0.000000000000000000e+00 9.911759604237539768e+08 9.911759604237539768e+08 1.167932454447235823e+09 1.167932454447235823e+09 2.590626955032348633e+00 0.000000000000000000e+00 0.000000000000000000e+00
1.810000000000000000e+02 1.000000000000000000e+00 4.000000000000000000e+00 5.000000000000000000e+00 9.911759604237539768e+08 9.911759604237539768e+08 1.167932454447235823e+09 1.167932454447235823e+09 2.589920043945312500e+00 0.000000000000000000e+00 0.000000000000000000e+00
