# run number, exp fac, ti calc, ti opt, aep init calc (kW), aep init opt (kW), aep run calc (kW), aep run opt (kW), run time (s), obj func calls, sens func calls
1.220000000000000000e+02 3.000000000000000000e+00 4.000000000000000000e+00 0.000000000000000000e+00 1.010061698882427573e+09 1.010061698882427573e+09 1.155905353574513197e+09 1.155905353574513197e+09 3.010174689292907715e+02 0.000000000000000000e+00 0.000000000000000000e+00
1.220000000000000000e+02 2.750000000000000000e+00 4.000000000000000000e+00 0.000000000000000000e+00 1.010061698882427573e+09 1.010061698882427573e+09 1.155905353574513197e+09 1.155905353574513197e+09 2.294703006744384766e+00 0.000000000000000000e+00 0.000000000000000000e+00
1.220000000000000000e+02 2.500000000000000000e+00 4.000000000000000000e+00 0.000000000000000000e+00 1.010061698882427573e+09 1.010061698882427573e+09 1.155905353574513197e+09 1.155905353574513197e+09 2.343866109848022461e+00 0.000000000000000000e+00 0.000000000000000000e+00
1.220000000000000000e+02 2.250000000000000000e+00 4.000000000000000000e+00 0.000000000000000000e+00 1.010061698882427573e+09 1.010061698882427573e+09 1.155905353574513197e+09 1.155905353574513197e+09 2.037976026535034180e+00 0.000000000000000000e+00 0.000000000000000000e+00
1.220000000000000000e+02 2.000000000000000000e+00 4.000000000000000000e+00 0.000000000000000000e+00 1.010061698882427573e+09 1.010061698882427573e+09 1.155905353574513197e+09 1.155905353574513197e+09 2.182314157485961914e+00 0.000000000000000000e+00 0.000000000000000000e+00
1.220000000000000000e+02 1.750000000000000000e+00 4.000000000000000000e+00 0.000000000000000000e+00 1.010061698882427573e+09 1.010061698882427573e+09 1.155905353574513197e+09 1.155905353574513197e+09 2.057631015777587891e+00 0.000000000000000000e+00 0.000000000000000000e+00
1.220000000000000000e+02 1.500000000000000000e+00 4.000000000000000000e+00 0.000000000000000000e+00 1.010061698882427573e+09 1.010061698882427573e+09 1.155905353574513197e+09 1.155905353574513197e+09 1.989245176315307617e+00 0.000000000000000000e+00 0.000000000000000000e+00
1.220000000000000000e+02 1.250000000000000000e+00 4.000000000000000000e+00 0.000000000000000000e+00 1.010061698882427573e+09 1.010061698882427573e+09 1.155905353574513197e+09 1.155905353574513197e+09 2.188819169998168945e+00 0.000000000000000000e+00 0.000000000000000000e+00
1.220000000000000000e+02 1.000000000000000000e+00 4.000000000000000000e+00 0.000000000000000000e+00 1.010061698882427573e+09 1.010061698882427573e+09 1.155905353574513197e+09 1.155905353574513197e+09 2.139167785644531250e+00 0.000000000000000000e+00 0.000000000000000000e+00
1.220000000000000000e+02 1.000000000000000000e+00 4.000000000000000000e+00 5.000000000000000000e+00 1.010061698882427573e+09 1.010061698882427573e+09 1.155905353574513197e+09 1.155905353574513197e+09 2.085734844207763672e+00 0.000000000000000000e+00 0.000000000000000000e+00
