# run number, exp fac, ti calc, ti opt, aep init calc (kW), aep init opt (kW), aep run calc (kW), aep run opt (kW), run time (s), obj func calls, sens func calls
1.330000000000000000e+02 3.000000000000000000e+00 4.000000000000000000e+00 0.000000000000000000e+00 9.947185766455388069e+08 9.947185766455388069e+08 1.155439080581036091e+09 1.155439080581036091e+09 6.962567090988159180e+02 0.000000000000000000e+00 0.000000000000000000e+00
1.330000000000000000e+02 2.750000000000000000e+00 4.000000000000000000e+00 0.000000000000000000e+00 9.947185766455388069e+08 9.947185766455388069e+08 1.155439080581036091e+09 1.155439080581036091e+09 1.838813066482543945e+00 0.000000000000000000e+00 0.000000000000000000e+00
1.330000000000000000e+02 2.500000000000000000e+00 4.000000000000000000e+00 0.000000000000000000e+00 9.947185766455388069e+08 9.947185766455388069e+08 1.155439080581036091e+09 1.155439080581036091e+09 1.754339933395385742e+00 0.000000000000000000e+00 0.000000000000000000e+00
1.330000000000000000e+02 2.250000000000000000e+00 4.000000000000000000e+00 0.000000000000000000e+00 9.947185766455388069e+08 9.947185766455388069e+08 1.155439080581036091e+09 1.155439080581036091e+09 1.786855936050415039e+00 0.000000000000000000e+00 0.000000000000000000e+00
1.330000000000000000e+02 2.000000000000000000e+00 4.000000000000000000e+00 0.000000000000000000e+00 9.947185766455388069e+08 9.947185766455388069e+08 1.155439080581036091e+09 1.155439080581036091e+09 1.985569953918457031e+00 0.000000000000000000e+00 0.000000000000000000e+00
1.330000000000000000e+02 1.750000000000000000e+00 4.000000000000000000e+00 0.000000000000000000e+00 9.947185766455388069e+08 9.947185766455388069e+08 1.155439080581036091e+09 1.155439080581036091e+09 1.783656835556030273e+00 0.000000000000000000e+00 0.000000000000000000e+00
1.330000000000000000e+02 1.500000000000000000e+00 4.000000000000000000e+00 0.000000000000000000e+00 9.947185766455388069e+08 9.947185766455388069e+08 1.155439080581036091e+09 1.155439080581036091e+09 2.001003026962280273e+00 0.000000000000000000e+00 0.000000000000000000e+00
1.330000000000000000e+02 1.250000000000000000e+00 4.000000000000000000e+00 0.000000000000000000e+00 9.947185766455388069e+08 9.947185766455388069e+08 1.155439080581036091e+09 1.155439080581036091e+09 1.764698982238769531e+00 0.000000000000000000e+00 0.000000000000000000e+00
1.330000000000000000e+02 1.000000000000000000e+00 4.000000000000000000e+00 0.000000000000000000e+00 9.947185766455388069e+08 9.947185766455388069e+08 1.155439080581036091e+09 1.155439080581036091e+09 1.880663871765136719e+00 0.000000000000000000e+00 0.000000000000000000e+00
1.330000000000000000e+02 1.000000000000000000e+00 4.000000000000000000e+00 5.000000000000000000e+00 9.947185766455388069e+08 9.947185766455388069e+08 1.155439080581036091e+09 1.155439080581036091e+09 1.949542045593261719e+00 0.000000000000000000e+00 0.000000000000000000e+00
