# run number, exp fac, ti calc, ti opt, aep init calc (kW), aep init opt (kW), aep run calc (kW), aep run opt (kW), run time (s), obj func calls, sens func calls
8.500000000000000000e+01 3.000000000000000000e+00 4.000000000000000000e+00 0.000000000000000000e+00 1.012731142247660875e+09 1.012731142247660875e+09 1.152631834042285681e+09 1.152631834042285681e+09 6.552747719287872314e+02 0.000000000000000000e+00 0.000000000000000000e+00
8.500000000000000000e+01 2.750000000000000000e+00 4.000000000000000000e+00 0.000000000000000000e+00 1.012731142247660875e+09 1.012731142247660875e+09 1.152631834042285681e+09 1.152631834042285681e+09 1.954262018203735352e+00 0.000000000000000000e+00 0.000000000000000000e+00
8.500000000000000000e+01 2.500000000000000000e+00 4.000000000000000000e+00 0.000000000000000000e+00 1.012731142247660875e+09 1.012731142247660875e+09 1.152631834042285681e+09 1.152631834042285681e+09 1.830694913864135742e+00 0.000000000000000000e+00 0.000000000000000000e+00
8.500000000000000000e+01 2.250000000000000000e+00 4.000000000000000000e+00 0.000000000000000000e+00 1.012731142247660875e+09 1.012731142247660875e+09 1.152631834042285681e+09 1.152631834042285681e+09 1.790151119232177734e+00 0.000000000000000000e+00 0.000000000000000000e+00
8.500000000000000000e+01 2.000000000000000000e+00 4.000000000000000000e+00 0.000000000000000000e+00 1.012731142247660875e+09 1.012731142247660875e+09 1.152631834042285681e+09 1.152631834042285681e+09 1.739271879196166992e+00 0.000000000000000000e+00 0.000000000000000000e+00
8.500000000000000000e+01 1.750000000000000000e+00 4.000000000000000000e+00 0.000000000000000000e+00 1.012731142247660875e+09 1.012731142247660875e+09 1.152631834042285681e+09 1.152631834042285681e+09 1.690462112426757812e+00 0.000000000000000000e+00 0.000000000000000000e+00
8.500000000000000000e+01 1.500000000000000000e+00 4.000000000000000000e+00 0.000000000000000000e+00 1.012731142247660875e+09 1.012731142247660875e+09 1.152631834042285681e+09 1.152631834042285681e+09 1.617222070693969727e+00 0.000000000000000000e+00 0.000000000000000000e+00
8.500000000000000000e+01 1.250000000000000000e+00 4.000000000000000000e+00 0.000000000000000000e+00 1.012731142247660875e+09 1.012731142247660875e+09 1.152631834042285681e+09 1.152631834042285681e+09 1.683722019195556641e+00 0.000000000000000000e+00 0.000000000000000000e+00
8.500000000000000000e+01 1.000000000000000000e+00 4.000000000000000000e+00 0.000000000000000000e+00 1.012731142247660875e+09 1.012731142247660875e+09 1.152631834042285681e+09 1.152631834042285681e+09 1.723901033401489258e+00 0.000000000000000000e+00 0.000000000000000000e+00
8.500000000000000000e+01 1.000000000000000000e+00 4.000000000000000000e+00 5.000000000000000000e+00 1.012731142247660875e+09 1.012731142247660875e+09 1.152631834042285681e+09 1.152631834042285681e+09 1.552819967269897461e+00 0.000000000000000000e+00 0.000000000000000000e+00
