# run number, exp fac, ti calc, ti opt, aep init calc (kW), aep init opt (kW), aep run calc (kW), aep run opt (kW), run time (s), obj func calls, sens func calls
9.400000000000000000e+01 3.000000000000000000e+00 4.000000000000000000e+00 0.000000000000000000e+00 1.005938867083907366e+09 1.005938867083907366e+09 1.159837791144031763e+09 1.159837791144031763e+09 5.988482019901275635e+02 0.000000000000000000e+00 0.000000000000000000e+00
9.400000000000000000e+01 2.750000000000000000e+00 4.000000000000000000e+00 0.000000000000000000e+00 1.005938867083907366e+09 1.005938867083907366e+09 1.159837791144031763e+09 1.159837791144031763e+09 2.058772087097167969e+00 0.000000000000000000e+00 0.000000000000000000e+00
9.400000000000000000e+01 2.500000000000000000e+00 4.000000000000000000e+00 0.000000000000000000e+00 1.005938867083907366e+09 1.005938867083907366e+09 1.159837791144031763e+09 1.159837791144031763e+09 1.844533920288085938e+00 0.000000000000000000e+00 0.000000000000000000e+00
9.400000000000000000e+01 2.250000000000000000e+00 4.000000000000000000e+00 0.000000000000000000e+00 1.005938867083907366e+09 1.005938867083907366e+09 1.159837791144031763e+09 1.159837791144031763e+09 1.702343940734863281e+00 0.000000000000000000e+00 0.000000000000000000e+00
9.400000000000000000e+01 2.000000000000000000e+00 4.000000000000000000e+00 0.000000000000000000e+00 1.005938867083907366e+09 1.005938867083907366e+09 1.159837791144031763e+09 1.159837791144031763e+09 1.759001970291137695e+00 0.000000000000000000e+00 0.000000000000000000e+00
9.400000000000000000e+01 1.750000000000000000e+00 4.000000000000000000e+00 0.000000000000000000e+00 1.005938867083907366e+09 1.005938867083907366e+09 1.159837791144031763e+09 1.159837791144031763e+09 1.913581848144531250e+00 0.000000000000000000e+00 0.000000000000000000e+00
9.400000000000000000e+01 1.500000000000000000e+00 4.000000000000000000e+00 0.000000000000000000e+00 1.005938867083907366e+09 1.005938867083907366e+09 1.159837791144031763e+09 1.159837791144031763e+09 1.727066993713378906e+00 0.000000000000000000e+00 0.000000000000000000e+00
9.400000000000000000e+01 1.250000000000000000e+00 4.000000000000000000e+00 0.000000000000000000e+00 1.005938867083907366e+09 1.005938867083907366e+09 1.159837791144031763e+09 1.159837791144031763e+09 1.686171054840087891e+00 0.000000000000000000e+00 0.000000000000000000e+00
9.400000000000000000e+01 1.000000000000000000e+00 4.000000000000000000e+00 0.000000000000000000e+00 1.005938867083907366e+09 1.005938867083907366e+09 1.159837791144031763e+09 1.159837791144031763e+09 1.731995105743408203e+00 0.000000000000000000e+00 0.000000000000000000e+00
9.400000000000000000e+01 1.000000000000000000e+00 4.000000000000000000e+00 5.000000000000000000e+00 1.005938867083907366e+09 1.005938867083907366e+09 1.159837791144031763e+09 1.159837791144031763e+09 1.775083065032958984e+00 0.000000000000000000e+00 0.000000000000000000e+00
