# run number, exp fac, ti calc, ti opt, aep init calc (kW), aep init opt (kW), aep run calc (kW), aep run opt (kW), run time (s), obj func calls, sens func calls
1.450000000000000000e+02 3.000000000000000000e+00 4.000000000000000000e+00 0.000000000000000000e+00 9.991293542621381283e+08 9.991293542621381283e+08 1.149879423913596153e+09 1.149879423913596153e+09 4.575193929672241211e+02 0.000000000000000000e+00 0.000000000000000000e+00
1.450000000000000000e+02 2.750000000000000000e+00 4.000000000000000000e+00 0.000000000000000000e+00 9.991293542621381283e+08 9.991293542621381283e+08 1.149879423913596153e+09 1.149879423913596153e+09 3.091335058212280273e+00 0.000000000000000000e+00 0.000000000000000000e+00
1.450000000000000000e+02 2.500000000000000000e+00 4.000000000000000000e+00 0.000000000000000000e+00 9.991293542621381283e+08 9.991293542621381283e+08 1.149879423913596153e+09 1.149879423913596153e+09 2.679692983627319336e+00 0.000000000000000000e+00 0.000000000000000000e+00
1.450000000000000000e+02 2.250000000000000000e+00 4.000000000000000000e+00 0.000000000000000000e+00 9.991293542621381283e+08 9.991293542621381283e+08 1.149879423913596153e+09 1.149879423913596153e+09 2.617985963821411133e+00 0.000000000000000000e+00 0.000000000000000000e+00
1.450000000000000000e+02 2.000000000000000000e+00 4.000000000000000000e+00 0.000000000000000000e+00 9.991293542621381283e+08 9.991293542621381283e+08 1.149879423913596153e+09 1.149879423913596153e+09 2.962175846099853516e+00 0.000000000000000000e+00 0.000000000000000000e+00
1.450000000000000000e+02 1.750000000000000000e+00 4.000000000000000000e+00 0.000000000000000000e+00 9.991293542621381283e+08 9.991293542621381283e+08 1.149879423913596153e+09 1.149879423913596153e+09 2.824227809906005859e+00 0.000000000000000000e+00 0.000000000000000000e+00
1.450000000000000000e+02 1.500000000000000000e+00 4.000000000000000000e+00 0.000000000000000000e+00 9.991293542621381283e+08 9.991293542621381283e+08 1.149879423913596153e+09 1.149879423913596153e+09 2.716009855270385742e+00 0.000000000000000000e+00 0.000000000000000000e+00
1.450000000000000000e+02 1.250000000000000000e+00 4.000000000000000000e+00 0.000000000000000000e+00 9.991293542621381283e+08 9.991293542621381283e+08 1.149879423913596153e+09 1.149879423913596153e+09 2.603985071182250977e+00 0.000000000000000000e+00 0.000000000000000000e+00
1.450000000000000000e+02 1.000000000000000000e+00 4.000000000000000000e+00 0.000000000000000000e+00 9.991293542621381283e+08 9.991293542621381283e+08 1.149879423913596153e+09 1.149879423913596153e+09 2.939292907714843750e+00 0.000000000000000000e+00 0.000000000000000000e+00
1.450000000000000000e+02 1.000000000000000000e+00 4.000000000000000000e+00 5.000000000000000000e+00 9.991293542621381283e+08 9.991293542621381283e+08 1.149879423913596153e+09 1.149879423913596153e+09 2.833810091018676758e+00 0.000000000000000000e+00 0.000000000000000000e+00
