# run number, exp fac, ti calc, ti opt, aep init calc (kW), aep init opt (kW), aep run calc (kW), aep run opt (kW), run time (s), obj func calls, sens func calls
1.010000000000000000e+02 3.000000000000000000e+00 4.000000000000000000e+00 0.000000000000000000e+00 1.017301282622826576e+09 1.017301282622826576e+09 1.148457687706488132e+09 1.148457687706488132e+09 5.216000678539276123e+02 0.000000000000000000e+00 0.000000000000000000e+00
1.010000000000000000e+02 2.750000000000000000e+00 4.000000000000000000e+00 0.000000000000000000e+00 1.017301282622826576e+09 1.017301282622826576e+09 1.148457687706488132e+09 1.148457687706488132e+09 1.882936000823974609e+00 0.000000000000000000e+00 0.000000000000000000e+00
1.010000000000000000e+02 2.500000000000000000e+00 4.000000000000000000e+00 0.000000000000000000e+00 1.017301282622826576e+09 1.017301282622826576e+09 1.148457687706488132e+09 1.148457687706488132e+09 1.949136018753051758e+00 0.000000000000000000e+00 0.000000000000000000e+00
1.010000000000000000e+02 2.250000000000000000e+00 4.000000000000000000e+00 0.000000000000000000e+00 1.017301282622826576e+09 1.017301282622826576e+09 1.148457687706488132e+09 1.148457687706488132e+09 1.910444974899291992e+00 0.000000000000000000e+00 0.000000000000000000e+00
1.010000000000000000e+02 2.000000000000000000e+00 4.000000000000000000e+00 0.000000000000000000e+00 1.017301282622826576e+09 1.017301282622826576e+09 1.148457687706488132e+09 1.148457687706488132e+09 1.829153060913085938e+00 0.000000000000000000e+00 0.000000000000000000e+00
1.010000000000000000e+02 1.750000000000000000e+00 4.000000000000000000e+00 0.000000000000000000e+00 1.017301282622826576e+09 1.017301282622826576e+09 1.148457687706488132e+09 1.148457687706488132e+09 1.649641036987304688e+00 0.000000000000000000e+00 0.000000000000000000e+00
1.010000000000000000e+02 1.500000000000000000e+00 4.000000000000000000e+00 0.000000000000000000e+00 1.017301282622826576e+09 1.017301282622826576e+09 1.148457687706488132e+09 1.148457687706488132e+09 1.656626939773559570e+00 0.000000000000000000e+00 0.000000000000000000e+00
1.010000000000000000e+02 1.250000000000000000e+00 4.000000000000000000e+00 0.000000000000000000e+00 1.017301282622826576e+09 1.017301282622826576e+09 1.148457687706488132e+09 1.148457687706488132e+09 1.876088857650756836e+00 0.000000000000000000e+00 0.000000000000000000e+00
1.010000000000000000e+02 1.000000000000000000e+00 4.000000000000000000e+00 0.000000000000000000e+00 1.017301282622826576e+09 1.017301282622826576e+09 1.148457687706488132e+09 1.148457687706488132e+09 1.680660963058471680e+00 0.000000000000000000e+00 0.000000000000000000e+00
1.010000000000000000e+02 1.000000000000000000e+00 4.000000000000000000e+00 5.000000000000000000e+00 1.017301282622826576e+09 1.017301282622826576e+09 1.148457687706488132e+09 1.148457687706488132e+09 1.778131008148193359e+00 0.000000000000000000e+00 0.000000000000000000e+00
