# run number, exp fac, ti calc, ti opt, aep init calc (kW), aep init opt (kW), aep run calc (kW), aep run opt (kW), run time (s), obj func calls, sens func calls
1.820000000000000000e+02 3.000000000000000000e+00 4.000000000000000000e+00 0.000000000000000000e+00 9.721912522888454199e+08 9.721912522888454199e+08 1.162404659041897535e+09 1.162404659041897535e+09 7.401627449989318848e+02 0.000000000000000000e+00 0.000000000000000000e+00
1.820000000000000000e+02 2.750000000000000000e+00 4.000000000000000000e+00 0.000000000000000000e+00 9.721912522888454199e+08 9.721912522888454199e+08 1.162404659041897535e+09 1.162404659041897535e+09 2.659524202346801758e+00 0.000000000000000000e+00 0.000000000000000000e+00
1.820000000000000000e+02 2.500000000000000000e+00 4.000000000000000000e+00 0.000000000000000000e+00 9.721912522888454199e+08 9.721912522888454199e+08 1.162404659041897535e+09 1.162404659041897535e+09 2.704228162765502930e+00 0.000000000000000000e+00 0.000000000000000000e+00
1.820000000000000000e+02 2.250000000000000000e+00 4.000000000000000000e+00 0.000000000000000000e+00 9.721912522888454199e+08 9.721912522888454199e+08 1.162404659041897535e+09 1.162404659041897535e+09 2.686665058135986328e+00 0.000000000000000000e+00 0.000000000000000000e+00
1.820000000000000000e+02 2.000000000000000000e+00 4.000000000000000000e+00 0.000000000000000000e+00 9.721912522888454199e+08 9.721912522888454199e+08 1.162404659041897535e+09 1.162404659041897535e+09 2.693176984786987305e+00 0.000000000000000000e+00 0.000000000000000000e+00
1.820000000000000000e+02 1.750000000000000000e+00 4.000000000000000000e+00 0.000000000000000000e+00 9.721912522888454199e+08 9.721912522888454199e+08 1.162404659041897535e+09 1.162404659041897535e+09 2.661120891571044922e+00 0.000000000000000000e+00 0.000000000000000000e+00
1.820000000000000000e+02 1.500000000000000000e+00 4.000000000000000000e+00 0.000000000000000000e+00 9.721912522888454199e+08 9.721912522888454199e+08 1.162404659041897535e+09 1.162404659041897535e+09 2.733141899108886719e+00 0.000000000000000000e+00 0.000000000000000000e+00
1.820000000000000000e+02 1.250000000000000000e+00 4.000000000000000000e+00 0.000000000000000000e+00 9.721912522888454199e+08 9.721912522888454199e+08 1.162404659041897535e+09 1.162404659041897535e+09 2.696475982666015625e+00 0.000000000000000000e+00 0.000000000000000000e+00
1.820000000000000000e+02 1.000000000000000000e+00 4.000000000000000000e+00 0.000000000000000000e+00 9.721912522888454199e+08 9.721912522888454199e+08 1.162404659041897535e+09 1.162404659041897535e+09 2.721668958663940430e+00 0.000000000000000000e+00 0.000000000000000000e+00
1.820000000000000000e+02 1.000000000000000000e+00 4.000000000000000000e+00 5.000000000000000000e+00 9.721912522888454199e+08 9.721912522888454199e+08 1.162404659041897535e+09 1.162404659041897535e+09 2.592025041580200195e+00 0.000000000000000000e+00 0.000000000000000000e+00
