# run number, exp fac, ti calc, ti opt, aep init calc (kW), aep init opt (kW), aep run calc (kW), aep run opt (kW), run time (s), obj func calls, sens func calls
3.600000000000000000e+01 3.000000000000000000e+00 4.000000000000000000e+00 0.000000000000000000e+00 1.018064485553512216e+09 1.018064485553512216e+09 1.159474542233983278e+09 1.159474542233983278e+09 7.898893589973449707e+02 0.000000000000000000e+00 0.000000000000000000e+00
3.600000000000000000e+01 2.750000000000000000e+00 4.000000000000000000e+00 0.000000000000000000e+00 1.018064485553512216e+09 1.018064485553512216e+09 1.159474542233983278e+09 1.159474542233983278e+09 2.500612020492553711e+00 0.000000000000000000e+00 0.000000000000000000e+00
3.600000000000000000e+01 2.500000000000000000e+00 4.000000000000000000e+00 0.000000000000000000e+00 1.018064485553512216e+09 1.018064485553512216e+09 1.159474542233983278e+09 1.159474542233983278e+09 2.582396984100341797e+00 0.000000000000000000e+00 0.000000000000000000e+00
3.600000000000000000e+01 2.250000000000000000e+00 4.000000000000000000e+00 0.000000000000000000e+00 1.018064485553512216e+09 1.018064485553512216e+09 1.159474542233983278e+09 1.159474542233983278e+09 2.584957838058471680e+00 0.000000000000000000e+00 0.000000000000000000e+00
3.600000000000000000e+01 2.000000000000000000e+00 4.000000000000000000e+00 0.000000000000000000e+00 1.018064485553512216e+09 1.018064485553512216e+09 1.159474542233983278e+09 1.159474542233983278e+09 2.736467838287353516e+00 0.000000000000000000e+00 0.000000000000000000e+00
3.600000000000000000e+01 1.750000000000000000e+00 4.000000000000000000e+00 0.000000000000000000e+00 1.018064485553512216e+09 1.018064485553512216e+09 1.159474542233983278e+09 1.159474542233983278e+09 2.650534152984619141e+00 0.000000000000000000e+00 0.000000000000000000e+00
3.600000000000000000e+01 1.500000000000000000e+00 4.000000000000000000e+00 0.000000000000000000e+00 1.018064485553512216e+09 1.018064485553512216e+09 1.159474542233983278e+09 1.159474542233983278e+09 2.637107133865356445e+00 0.000000000000000000e+00 0.000000000000000000e+00
3.600000000000000000e+01 1.250000000000000000e+00 4.000000000000000000e+00 0.000000000000000000e+00 1.018064485553512216e+09 1.018064485553512216e+09 1.159474542233983278e+09 1.159474542233983278e+09 2.684392929077148438e+00 0.000000000000000000e+00 0.000000000000000000e+00
3.600000000000000000e+01 1.000000000000000000e+00 4.000000000000000000e+00 0.000000000000000000e+00 1.018064485553512216e+09 1.018064485553512216e+09 1.159474542233983278e+09 1.159474542233983278e+09 2.561536073684692383e+00 0.000000000000000000e+00 0.000000000000000000e+00
3.600000000000000000e+01 1.000000000000000000e+00 4.000000000000000000e+00 5.000000000000000000e+00 1.018064485553512216e+09 1.018064485553512216e+09 1.159474542233983278e+09 1.159474542233983278e+09 2.553125858306884766e+00 0.000000000000000000e+00 0.000000000000000000e+00
