# run number, exp fac, ti calc, ti opt, aep init calc (kW), aep init opt (kW), aep run calc (kW), aep run opt (kW), run time (s), obj func calls, sens func calls
3.100000000000000000e+01 3.000000000000000000e+00 4.000000000000000000e+00 0.000000000000000000e+00 9.840754403726698160e+08 9.840754403726698160e+08 1.165060371680457592e+09 1.165060371680457592e+09 3.434244267940521240e+02 0.000000000000000000e+00 0.000000000000000000e+00
3.100000000000000000e+01 2.750000000000000000e+00 4.000000000000000000e+00 0.000000000000000000e+00 9.840754403726698160e+08 9.840754403726698160e+08 1.165060371680457592e+09 1.165060371680457592e+09 1.547049999237060547e+00 0.000000000000000000e+00 0.000000000000000000e+00
3.100000000000000000e+01 2.500000000000000000e+00 4.000000000000000000e+00 0.000000000000000000e+00 9.840754403726698160e+08 9.840754403726698160e+08 1.165060371680457592e+09 1.165060371680457592e+09 1.545856952667236328e+00 0.000000000000000000e+00 0.000000000000000000e+00
3.100000000000000000e+01 2.250000000000000000e+00 4.000000000000000000e+00 0.000000000000000000e+00 9.840754403726698160e+08 9.840754403726698160e+08 1.165060371680457592e+09 1.165060371680457592e+09 1.651625871658325195e+00 0.000000000000000000e+00 0.000000000000000000e+00
3.100000000000000000e+01 2.000000000000000000e+00 4.000000000000000000e+00 0.000000000000000000e+00 9.840754403726698160e+08 9.840754403726698160e+08 1.165060371680457592e+09 1.165060371680457592e+09 1.560477972030639648e+00 0.000000000000000000e+00 0.000000000000000000e+00
3.100000000000000000e+01 1.750000000000000000e+00 4.000000000000000000e+00 0.000000000000000000e+00 9.840754403726698160e+08 9.840754403726698160e+08 1.165060371680457592e+09 1.165060371680457592e+09 1.548364162445068359e+00 0.000000000000000000e+00 0.000000000000000000e+00
3.100000000000000000e+01 1.500000000000000000e+00 4.000000000000000000e+00 0.000000000000000000e+00 9.840754403726698160e+08 9.840754403726698160e+08 1.165060371680457592e+09 1.165060371680457592e+09 1.568036079406738281e+00 0.000000000000000000e+00 0.000000000000000000e+00
3.100000000000000000e+01 1.250000000000000000e+00 4.000000000000000000e+00 0.000000000000000000e+00 9.840754403726698160e+08 9.840754403726698160e+08 1.165060371680457592e+09 1.165060371680457592e+09 1.565357208251953125e+00 0.000000000000000000e+00 0.000000000000000000e+00
3.100000000000000000e+01 1.000000000000000000e+00 4.000000000000000000e+00 0.000000000000000000e+00 9.840754403726698160e+08 9.840754403726698160e+08 1.165060371680457592e+09 1.165060371680457592e+09 1.564732789993286133e+00 0.000000000000000000e+00 0.000000000000000000e+00
3.100000000000000000e+01 1.000000000000000000e+00 4.000000000000000000e+00 5.000000000000000000e+00 9.840754403726698160e+08 9.840754403726698160e+08 1.165060371680457592e+09 1.165060371680457592e+09 1.523226022720336914e+00 0.000000000000000000e+00 0.000000000000000000e+00
