# run number, exp fac, ti calc, ti opt, aep init calc (kW), aep init opt (kW), aep run calc (kW), aep run opt (kW), run time (s), obj func calls, sens func calls
4.000000000000000000e+01 3.000000000000000000e+00 4.000000000000000000e+00 0.000000000000000000e+00 1.014056762579146504e+09 1.014056762579146504e+09 1.158903249625752687e+09 1.158903249625752687e+09 6.972044839859008789e+02 0.000000000000000000e+00 0.000000000000000000e+00
4.000000000000000000e+01 2.750000000000000000e+00 4.000000000000000000e+00 0.000000000000000000e+00 1.014056762579146504e+09 1.014056762579146504e+09 1.158903249625752687e+09 1.158903249625752687e+09 1.602810144424438477e+00 0.000000000000000000e+00 0.000000000000000000e+00
4.000000000000000000e+01 2.500000000000000000e+00 4.000000000000000000e+00 0.000000000000000000e+00 1.014056762579146504e+09 1.014056762579146504e+09 1.158903249625752687e+09 1.158903249625752687e+09 1.360871076583862305e+00 0.000000000000000000e+00 0.000000000000000000e+00
4.000000000000000000e+01 2.250000000000000000e+00 4.000000000000000000e+00 0.000000000000000000e+00 1.014056762579146504e+09 1.014056762579146504e+09 1.158903249625752687e+09 1.158903249625752687e+09 1.596605062484741211e+00 0.000000000000000000e+00 0.000000000000000000e+00
4.000000000000000000e+01 2.000000000000000000e+00 4.000000000000000000e+00 0.000000000000000000e+00 1.014056762579146504e+09 1.014056762579146504e+09 1.158903249625752687e+09 1.158903249625752687e+09 1.498960971832275391e+00 0.000000000000000000e+00 0.000000000000000000e+00
4.000000000000000000e+01 1.750000000000000000e+00 4.000000000000000000e+00 0.000000000000000000e+00 1.014056762579146504e+09 1.014056762579146504e+09 1.158903249625752687e+09 1.158903249625752687e+09 1.519865036010742188e+00 0.000000000000000000e+00 0.000000000000000000e+00
4.000000000000000000e+01 1.500000000000000000e+00 4.000000000000000000e+00 0.000000000000000000e+00 1.014056762579146504e+09 1.014056762579146504e+09 1.158903249625752687e+09 1.158903249625752687e+09 1.262780904769897461e+00 0.000000000000000000e+00 0.000000000000000000e+00
4.000000000000000000e+01 1.250000000000000000e+00 4.000000000000000000e+00 0.000000000000000000e+00 1.014056762579146504e+09 1.014056762579146504e+09 1.158903249625752687e+09 1.158903249625752687e+09 1.352581024169921875e+00 0.000000000000000000e+00 0.000000000000000000e+00
4.000000000000000000e+01 1.000000000000000000e+00 4.000000000000000000e+00 0.000000000000000000e+00 1.014056762579146504e+09 1.014056762579146504e+09 1.158903249625752687e+09 1.158903249625752687e+09 1.341735124588012695e+00 0.000000000000000000e+00 0.000000000000000000e+00
4.000000000000000000e+01 1.000000000000000000e+00 4.000000000000000000e+00 5.000000000000000000e+00 1.014056762579146504e+09 1.014056762579146504e+09 1.158903249625752687e+09 1.158903249625752687e+09 1.459201812744140625e+00 0.000000000000000000e+00 0.000000000000000000e+00
