# run number, exp fac, ti calc, ti opt, aep init calc (kW), aep init opt (kW), aep run calc (kW), aep run opt (kW), run time (s), obj func calls, sens func calls
1.900000000000000000e+01 3.000000000000000000e+00 4.000000000000000000e+00 0.000000000000000000e+00 1.050175001773800611e+09 1.050175001773800611e+09 1.153000831215639114e+09 1.153000831215639114e+09 4.300542321205139160e+02 0.000000000000000000e+00 0.000000000000000000e+00
1.900000000000000000e+01 2.750000000000000000e+00 4.000000000000000000e+00 0.000000000000000000e+00 1.050175001773800611e+09 1.050175001773800611e+09 1.153000831215639114e+09 1.153000831215639114e+09 2.504935979843139648e+00 0.000000000000000000e+00 0.000000000000000000e+00
1.900000000000000000e+01 2.500000000000000000e+00 4.000000000000000000e+00 0.000000000000000000e+00 1.050175001773800611e+09 1.050175001773800611e+09 1.153000831215639114e+09 1.153000831215639114e+09 2.434542894363403320e+00 0.000000000000000000e+00 0.000000000000000000e+00
1.900000000000000000e+01 2.250000000000000000e+00 4.000000000000000000e+00 0.000000000000000000e+00 1.050175001773800611e+09 1.050175001773800611e+09 1.153000831215639114e+09 1.153000831215639114e+09 2.568642854690551758e+00 0.000000000000000000e+00 0.000000000000000000e+00
1.900000000000000000e+01 2.000000000000000000e+00 4.000000000000000000e+00 0.000000000000000000e+00 1.050175001773800611e+09 1.050175001773800611e+09 1.153000831215639114e+09 1.153000831215639114e+09 2.532061815261840820e+00 0.000000000000000000e+00 0.000000000000000000e+00
1.900000000000000000e+01 1.750000000000000000e+00 4.000000000000000000e+00 0.000000000000000000e+00 1.050175001773800611e+09 1.050175001773800611e+09 1.153000831215639114e+09 1.153000831215639114e+09 2.567355155944824219e+00 0.000000000000000000e+00 0.000000000000000000e+00
1.900000000000000000e+01 1.500000000000000000e+00 4.000000000000000000e+00 0.000000000000000000e+00 1.050175001773800611e+09 1.050175001773800611e+09 1.153000831215639114e+09 1.153000831215639114e+09 2.570582151412963867e+00 0.000000000000000000e+00 0.000000000000000000e+00
1.900000000000000000e+01 1.250000000000000000e+00 4.000000000000000000e+00 0.000000000000000000e+00 1.050175001773800611e+09 1.050175001773800611e+09 1.153000831215639114e+09 1.153000831215639114e+09 2.736906051635742188e+00 0.000000000000000000e+00 0.000000000000000000e+00
1.900000000000000000e+01 1.000000000000000000e+00 4.000000000000000000e+00 0.000000000000000000e+00 1.050175001773800611e+09 1.050175001773800611e+09 1.153000831215639114e+09 1.153000831215639114e+09 2.590381145477294922e+00 0.000000000000000000e+00 0.000000000000000000e+00
1.900000000000000000e+01 1.000000000000000000e+00 4.000000000000000000e+00 5.000000000000000000e+00 1.050175001773800611e+09 1.050175001773800611e+09 1.153000831215639114e+09 1.153000831215639114e+09 2.630244970321655273e+00 0.000000000000000000e+00 0.000000000000000000e+00
