# run number, exp fac, ti calc, ti opt, aep init calc (kW), aep init opt (kW), aep run calc (kW), aep run opt (kW), run time (s), obj func calls, sens func calls
5.000000000000000000e+01 3.000000000000000000e+00 4.000000000000000000e+00 0.000000000000000000e+00 1.003093715261954308e+09 1.003093715261954308e+09 1.150242887090012789e+09 1.150242887090012789e+09 3.866185719966888428e+02 0.000000000000000000e+00 0.000000000000000000e+00
5.000000000000000000e+01 2.750000000000000000e+00 4.000000000000000000e+00 0.000000000000000000e+00 1.003093715261954308e+09 1.003093715261954308e+09 1.150242887090012789e+09 1.150242887090012789e+09 2.134106159210205078e+00 0.000000000000000000e+00 0.000000000000000000e+00
5.000000000000000000e+01 2.500000000000000000e+00 4.000000000000000000e+00 0.000000000000000000e+00 1.003093715261954308e+09 1.003093715261954308e+09 1.150242887090012789e+09 1.150242887090012789e+09 2.225872039794921875e+00 0.000000000000000000e+00 0.000000000000000000e+00
5.000000000000000000e+01 2.250000000000000000e+00 4.000000000000000000e+00 0.000000000000000000e+00 1.003093715261954308e+09 1.003093715261954308e+09 1.150242887090012789e+09 1.150242887090012789e+09 2.158470153808593750e+00 0.000000000000000000e+00 0.000000000000000000e+00
5.000000000000000000e+01 2.000000000000000000e+00 4.000000000000000000e+00 0.000000000000000000e+00 1.003093715261954308e+09 1.003093715261954308e+09 1.150242887090012789e+09 1.150242887090012789e+09 2.155203819274902344e+00 0.000000000000000000e+00 0.000000000000000000e+00
5.000000000000000000e+01 1.750000000000000000e+00 4.000000000000000000e+00 0.000000000000000000e+00 1.003093715261954308e+09 1.003093715261954308e+09 1.150242887090012789e+09 1.150242887090012789e+09 2.163932085037231445e+00 0.000000000000000000e+00 0.000000000000000000e+00
5.000000000000000000e+01 1.500000000000000000e+00 4.000000000000000000e+00 0.000000000000000000e+00 1.003093715261954308e+09 1.003093715261954308e+09 1.150242887090012789e+09 1.150242887090012789e+09 2.153576850891113281e+00 0.000000000000000000e+00 0.000000000000000000e+00
5.000000000000000000e+01 1.250000000000000000e+00 4.000000000000000000e+00 0.000000000000000000e+00 1.003093715261954308e+09 1.003093715261954308e+09 1.150242887090012789e+09 1.150242887090012789e+09 2.178662061691284180e+00 0.000000000000000000e+00 0.000000000000000000e+00
5.000000000000000000e+01 1.000000000000000000e+00 4.000000000000000000e+00 0.000000000000000000e+00 1.003093715261954308e+09 1.003093715261954308e+09 1.150242887090012789e+09 1.150242887090012789e+09 2.154793977737426758e+00 0.000000000000000000e+00 0.000000000000000000e+00
5.000000000000000000e+01 1.000000000000000000e+00 4.000000000000000000e+00 5.000000000000000000e+00 1.003093715261954308e+09 1.003093715261954308e+09 1.150242887090012789e+09 1.150242887090012789e+09 2.315381050109863281e+00 0.000000000000000000e+00 0.000000000000000000e+00
