# run number, exp fac, ti calc, ti opt, aep init calc (kW), aep init opt (kW), aep run calc (kW), aep run opt (kW), run time (s), obj func calls, sens func calls
1.970000000000000000e+02 3.000000000000000000e+00 4.000000000000000000e+00 0.000000000000000000e+00 1.003459547840006948e+09 1.003459547840006948e+09 1.158775691646351814e+09 1.158775691646351814e+09 7.714504759311676025e+02 0.000000000000000000e+00 0.000000000000000000e+00
1.970000000000000000e+02 2.750000000000000000e+00 4.000000000000000000e+00 0.000000000000000000e+00 1.003459547840006948e+09 1.003459547840006948e+09 1.158775691646351814e+09 1.158775691646351814e+09 3.265690088272094727e+00 0.000000000000000000e+00 0.000000000000000000e+00
1.970000000000000000e+02 2.500000000000000000e+00 4.000000000000000000e+00 0.000000000000000000e+00 1.003459547840006948e+09 1.003459547840006948e+09 1.158775691646351814e+09 1.158775691646351814e+09 3.256454944610595703e+00 0.000000000000000000e+00 0.000000000000000000e+00
1.970000000000000000e+02 2.250000000000000000e+00 4.000000000000000000e+00 0.000000000000000000e+00 1.003459547840006948e+09 1.003459547840006948e+09 1.158775691646351814e+09 1.158775691646351814e+09 3.182580947875976562e+00 0.000000000000000000e+00 0.000000000000000000e+00
1.970000000000000000e+02 2.000000000000000000e+00 4.000000000000000000e+00 0.000000000000000000e+00 1.003459547840006948e+09 1.003459547840006948e+09 1.158775691646351814e+09 1.158775691646351814e+09 3.158461093902587891e+00 0.000000000000000000e+00 0.000000000000000000e+00
1.970000000000000000e+02 1.750000000000000000e+00 4.000000000000000000e+00 0.000000000000000000e+00 1.003459547840006948e+09 1.003459547840006948e+09 1.158775691646351814e+09 1.158775691646351814e+09 3.618065834045410156e+00 0.000000000000000000e+00 0.000000000000000000e+00
1.970000000000000000e+02 1.500000000000000000e+00 4.000000000000000000e+00 0.000000000000000000e+00 1.003459547840006948e+09 1.003459547840006948e+09 1.158775691646351814e+09 1.158775691646351814e+09 3.201805830001831055e+00 0.000000000000000000e+00 0.000000000000000000e+00
1.970000000000000000e+02 1.250000000000000000e+00 4.000000000000000000e+00 0.000000000000000000e+00 1.003459547840006948e+09 1.003459547840006948e+09 1.158775691646351814e+09 1.158775691646351814e+09 3.187227010726928711e+00 0.000000000000000000e+00 0.000000000000000000e+00
1.970000000000000000e+02 1.000000000000000000e+00 4.000000000000000000e+00 0.000000000000000000e+00 1.003459547840006948e+09 1.003459547840006948e+09 1.158775691646351814e+09 1.158775691646351814e+09 3.156179904937744141e+00 0.000000000000000000e+00 0.000000000000000000e+00
1.970000000000000000e+02 1.000000000000000000e+00 4.000000000000000000e+00 5.000000000000000000e+00 1.003459547840006948e+09 1.003459547840006948e+09 1.158775691646351814e+09 1.158775691646351814e+09 3.181815862655639648e+00 0.000000000000000000e+00 0.000000000000000000e+00
