# run number, exp fac, ti calc, ti opt, aep init calc (kW), aep init opt (kW), aep run calc (kW), aep run opt (kW), run time (s), obj func calls, sens func calls
1.380000000000000000e+02 3.000000000000000000e+00 4.000000000000000000e+00 0.000000000000000000e+00 1.028702908843305469e+09 1.028702908843305469e+09 1.170823022851964235e+09 1.170823022851964235e+09 6.521607601642608643e+02 0.000000000000000000e+00 0.000000000000000000e+00
1.380000000000000000e+02 2.750000000000000000e+00 4.000000000000000000e+00 0.000000000000000000e+00 1.028702908843305469e+09 1.028702908843305469e+09 1.170823022851964235e+09 1.170823022851964235e+09 2.429591894149780273e+00 0.000000000000000000e+00 0.000000000000000000e+00
1.380000000000000000e+02 2.500000000000000000e+00 4.000000000000000000e+00 0.000000000000000000e+00 1.028702908843305469e+09 1.028702908843305469e+09 1.170823022851964235e+09 1.170823022851964235e+09 2.418505907058715820e+00 0.000000000000000000e+00 0.000000000000000000e+00
1.380000000000000000e+02 2.250000000000000000e+00 4.000000000000000000e+00 0.000000000000000000e+00 1.028702908843305469e+09 1.028702908843305469e+09 1.170823022851964235e+09 1.170823022851964235e+09 2.434791088104248047e+00 0.000000000000000000e+00 0.000000000000000000e+00
1.380000000000000000e+02 2.000000000000000000e+00 4.000000000000000000e+00 0.000000000000000000e+00 1.028702908843305469e+09 1.028702908843305469e+09 1.170823022851964235e+09 1.170823022851964235e+09 2.445045948028564453e+00 0.000000000000000000e+00 0.000000000000000000e+00
1.380000000000000000e+02 1.750000000000000000e+00 4.000000000000000000e+00 0.000000000000000000e+00 1.028702908843305469e+09 1.028702908843305469e+09 1.170823022851964235e+09 1.170823022851964235e+09 2.446584939956665039e+00 0.000000000000000000e+00 0.000000000000000000e+00
1.380000000000000000e+02 1.500000000000000000e+00 4.000000000000000000e+00 0.000000000000000000e+00 1.028702908843305469e+09 1.028702908843305469e+09 1.170823022851964235e+09 1.170823022851964235e+09 2.452548980712890625e+00 0.000000000000000000e+00 0.000000000000000000e+00
1.380000000000000000e+02 1.250000000000000000e+00 4.000000000000000000e+00 0.000000000000000000e+00 1.028702908843305469e+09 1.028702908843305469e+09 1.170823022851964235e+09 1.170823022851964235e+09 2.484413146972656250e+00 0.000000000000000000e+00 0.000000000000000000e+00
1.380000000000000000e+02 1.000000000000000000e+00 4.000000000000000000e+00 0.000000000000000000e+00 1.028702908843305469e+09 1.028702908843305469e+09 1.170823022851964235e+09 1.170823022851964235e+09 2.436219930648803711e+00 0.000000000000000000e+00 0.000000000000000000e+00
1.380000000000000000e+02 1.000000000000000000e+00 4.000000000000000000e+00 5.000000000000000000e+00 1.028702908843305469e+09 1.028702908843305469e+09 1.170823022851964235e+09 1.170823022851964235e+09 2.433752059936523438e+00 0.000000000000000000e+00 0.000000000000000000e+00
