# run number, exp fac, ti calc, ti opt, aep init calc (kW), aep init opt (kW), aep run calc (kW), aep run opt (kW), run time (s), obj func calls, sens func calls
1.730000000000000000e+02 3.000000000000000000e+00 4.000000000000000000e+00 0.000000000000000000e+00 1.032604277866581559e+09 1.032604277866581559e+09 1.169553378420720816e+09 1.169553378420720816e+09 4.892227778434753418e+02 0.000000000000000000e+00 0.000000000000000000e+00
1.730000000000000000e+02 2.750000000000000000e+00 4.000000000000000000e+00 0.000000000000000000e+00 1.032604277866581559e+09 1.032604277866581559e+09 1.169553378420720816e+09 1.169553378420720816e+09 8.755266308784484863e+01 0.000000000000000000e+00 0.000000000000000000e+00
1.730000000000000000e+02 2.500000000000000000e+00 4.000000000000000000e+00 0.000000000000000000e+00 1.032604277866581559e+09 1.032604277866581559e+09 1.169553378420720816e+09 1.169553378420720816e+09 1.180806369781494141e+02 0.000000000000000000e+00 0.000000000000000000e+00
1.730000000000000000e+02 2.250000000000000000e+00 4.000000000000000000e+00 0.000000000000000000e+00 1.032604277866581559e+09 1.032604277866581559e+09 1.169553378420720816e+09 1.169553378420720816e+09 8.990959882736206055e+00 0.000000000000000000e+00 0.000000000000000000e+00
1.730000000000000000e+02 2.000000000000000000e+00 4.000000000000000000e+00 0.000000000000000000e+00 1.032604277866581559e+09 1.032604277866581559e+09 1.169553378420720816e+09 1.169553378420720816e+09 1.478528976440429688e+00 0.000000000000000000e+00 0.000000000000000000e+00
1.730000000000000000e+02 1.750000000000000000e+00 4.000000000000000000e+00 0.000000000000000000e+00 1.032604277866581559e+09 1.032604277866581559e+09 1.169553378420720816e+09 1.169553378420720816e+09 3.347688913345336914e+00 0.000000000000000000e+00 0.000000000000000000e+00
1.730000000000000000e+02 1.500000000000000000e+00 4.000000000000000000e+00 0.000000000000000000e+00 1.032604277866581559e+09 1.032604277866581559e+09 1.169553378420720816e+09 1.169553378420720816e+09 1.871757984161376953e+00 0.000000000000000000e+00 0.000000000000000000e+00
1.730000000000000000e+02 1.250000000000000000e+00 4.000000000000000000e+00 0.000000000000000000e+00 1.032604277866581559e+09 1.032604277866581559e+09 1.169553378420720816e+09 1.169553378420720816e+09 1.464712858200073242e+00 0.000000000000000000e+00 0.000000000000000000e+00
1.730000000000000000e+02 1.000000000000000000e+00 4.000000000000000000e+00 0.000000000000000000e+00 1.032604277866581559e+09 1.032604277866581559e+09 1.169553378420720816e+09 1.169553378420720816e+09 1.670095205307006836e+00 0.000000000000000000e+00 0.000000000000000000e+00
1.730000000000000000e+02 1.000000000000000000e+00 4.000000000000000000e+00 5.000000000000000000e+00 1.032604277866581559e+09 1.032604277866581559e+09 1.169553378420720816e+09 1.169553378420720816e+09 2.803646087646484375e+00 0.000000000000000000e+00 0.000000000000000000e+00
