# run number, exp fac, ti calc, ti opt, aep init calc (kW), aep init opt (kW), aep run calc (kW), aep run opt (kW), run time (s), obj func calls, sens func calls
1.310000000000000000e+02 3.000000000000000000e+00 4.000000000000000000e+00 0.000000000000000000e+00 9.948128873753067255e+08 9.948128873753067255e+08 1.158528071341129065e+09 1.158528071341129065e+09 6.604147019386291504e+02 0.000000000000000000e+00 0.000000000000000000e+00
1.310000000000000000e+02 2.750000000000000000e+00 4.000000000000000000e+00 0.000000000000000000e+00 9.948128873753067255e+08 9.948128873753067255e+08 1.158528071341129065e+09 1.158528071341129065e+09 2.689828872680664062e+00 0.000000000000000000e+00 0.000000000000000000e+00
1.310000000000000000e+02 2.500000000000000000e+00 4.000000000000000000e+00 0.000000000000000000e+00 9.948128873753067255e+08 9.948128873753067255e+08 1.158528071341129065e+09 1.158528071341129065e+09 2.728490114212036133e+00 0.000000000000000000e+00 0.000000000000000000e+00
1.310000000000000000e+02 2.250000000000000000e+00 4.000000000000000000e+00 0.000000000000000000e+00 9.948128873753067255e+08 9.948128873753067255e+08 1.158528071341129065e+09 1.158528071341129065e+09 2.737666130065917969e+00 0.000000000000000000e+00 0.000000000000000000e+00
1.310000000000000000e+02 2.000000000000000000e+00 4.000000000000000000e+00 0.000000000000000000e+00 9.948128873753067255e+08 9.948128873753067255e+08 1.158528071341129065e+09 1.158528071341129065e+09 2.732229948043823242e+00 0.000000000000000000e+00 0.000000000000000000e+00
1.310000000000000000e+02 1.750000000000000000e+00 4.000000000000000000e+00 0.000000000000000000e+00 9.948128873753067255e+08 9.948128873753067255e+08 1.158528071341129065e+09 1.158528071341129065e+09 2.918968915939331055e+00 0.000000000000000000e+00 0.000000000000000000e+00
1.310000000000000000e+02 1.500000000000000000e+00 4.000000000000000000e+00 0.000000000000000000e+00 9.948128873753067255e+08 9.948128873753067255e+08 1.158528071341129065e+09 1.158528071341129065e+09 2.708296775817871094e+00 0.000000000000000000e+00 0.000000000000000000e+00
1.310000000000000000e+02 1.250000000000000000e+00 4.000000000000000000e+00 0.000000000000000000e+00 9.948128873753067255e+08 9.948128873753067255e+08 1.158528071341129065e+09 1.158528071341129065e+09 2.723404884338378906e+00 0.000000000000000000e+00 0.000000000000000000e+00
1.310000000000000000e+02 1.000000000000000000e+00 4.000000000000000000e+00 0.000000000000000000e+00 9.948128873753067255e+08 9.948128873753067255e+08 1.158528071341129065e+09 1.158528071341129065e+09 2.698623895645141602e+00 0.000000000000000000e+00 0.000000000000000000e+00
1.310000000000000000e+02 1.000000000000000000e+00 4.000000000000000000e+00 5.000000000000000000e+00 9.948128873753067255e+08 9.948128873753067255e+08 1.158528071341129065e+09 1.158528071341129065e+09 2.702571868896484375e+00 0.000000000000000000e+00 0.000000000000000000e+00
