# run number, exp fac, ti calc, ti opt, aep init calc (kW), aep init opt (kW), aep run calc (kW), aep run opt (kW), run time (s), obj func calls, sens func calls
1.950000000000000000e+02 3.000000000000000000e+00 4.000000000000000000e+00 0.000000000000000000e+00 9.895624199626766443e+08 9.895624199626766443e+08 1.179230993081764460e+09 1.179230993081764460e+09 5.974416761398315430e+02 0.000000000000000000e+00 0.000000000000000000e+00
1.950000000000000000e+02 2.750000000000000000e+00 4.000000000000000000e+00 0.000000000000000000e+00 9.895624199626766443e+08 9.895624199626766443e+08 1.179230993081764460e+09 1.179230993081764460e+09 2.451653003692626953e+00 0.000000000000000000e+00 0.000000000000000000e+00
1.950000000000000000e+02 2.500000000000000000e+00 4.000000000000000000e+00 0.000000000000000000e+00 9.895624199626766443e+08 9.895624199626766443e+08 1.179230993081764460e+09 1.179230993081764460e+09 2.525558948516845703e+00 0.000000000000000000e+00 0.000000000000000000e+00
1.950000000000000000e+02 2.250000000000000000e+00 4.000000000000000000e+00 0.000000000000000000e+00 9.895624199626766443e+08 9.895624199626766443e+08 1.179230993081764460e+09 1.179230993081764460e+09 2.449321985244750977e+00 0.000000000000000000e+00 0.000000000000000000e+00
1.950000000000000000e+02 2.000000000000000000e+00 4.000000000000000000e+00 0.000000000000000000e+00 9.895624199626766443e+08 9.895624199626766443e+08 1.179230993081764460e+09 1.179230993081764460e+09 2.443142890930175781e+00 0.000000000000000000e+00 0.000000000000000000e+00
1.950000000000000000e+02 1.750000000000000000e+00 4.000000000000000000e+00 0.000000000000000000e+00 9.895624199626766443e+08 9.895624199626766443e+08 1.179230993081764460e+09 1.179230993081764460e+09 2.462635040283203125e+00 0.000000000000000000e+00 0.000000000000000000e+00
1.950000000000000000e+02 1.500000000000000000e+00 4.000000000000000000e+00 0.000000000000000000e+00 9.895624199626766443e+08 9.895624199626766443e+08 1.179230993081764460e+09 1.179230993081764460e+09 2.442300081253051758e+00 0.000000000000000000e+00 0.000000000000000000e+00
1.950000000000000000e+02 1.250000000000000000e+00 4.000000000000000000e+00 0.000000000000000000e+00 9.895624199626766443e+08 9.895624199626766443e+08 1.179230993081764460e+09 1.179230993081764460e+09 2.506824016571044922e+00 0.000000000000000000e+00 0.000000000000000000e+00
1.950000000000000000e+02 1.000000000000000000e+00 4.000000000000000000e+00 0.000000000000000000e+00 9.895624199626766443e+08 9.895624199626766443e+08 1.179230993081764460e+09 1.179230993081764460e+09 2.432672977447509766e+00 0.000000000000000000e+00 0.000000000000000000e+00
1.950000000000000000e+02 1.000000000000000000e+00 4.000000000000000000e+00 5.000000000000000000e+00 9.895624199626766443e+08 9.895624199626766443e+08 1.179230993081764460e+09 1.179230993081764460e+09 2.439146041870117188e+00 0.000000000000000000e+00 0.000000000000000000e+00
