# run number, exp fac, ti calc, ti opt, aep init calc (kW), aep init opt (kW), aep run calc (kW), aep run opt (kW), run time (s), obj func calls, sens func calls
8.000000000000000000e+00 3.000000000000000000e+00 4.000000000000000000e+00 0.000000000000000000e+00 1.004930212358144403e+09 1.004930212358144403e+09 1.156059925593501329e+09 1.156059925593501329e+09 2.975908670425415039e+02 0.000000000000000000e+00 0.000000000000000000e+00
8.000000000000000000e+00 2.750000000000000000e+00 4.000000000000000000e+00 0.000000000000000000e+00 1.004930212358144403e+09 1.004930212358144403e+09 1.156059925593501329e+09 1.156059925593501329e+09 1.705463886260986328e+00 0.000000000000000000e+00 0.000000000000000000e+00
8.000000000000000000e+00 2.500000000000000000e+00 4.000000000000000000e+00 0.000000000000000000e+00 1.004930212358144403e+09 1.004930212358144403e+09 1.156059925593501329e+09 1.156059925593501329e+09 1.750984907150268555e+00 0.000000000000000000e+00 0.000000000000000000e+00
8.000000000000000000e+00 2.250000000000000000e+00 4.000000000000000000e+00 0.000000000000000000e+00 1.004930212358144403e+09 1.004930212358144403e+09 1.156059925593501329e+09 1.156059925593501329e+09 1.788262844085693359e+00 0.000000000000000000e+00 0.000000000000000000e+00
8.000000000000000000e+00 2.000000000000000000e+00 4.000000000000000000e+00 0.000000000000000000e+00 1.004930212358144403e+09 1.004930212358144403e+09 1.156059925593501329e+09 1.156059925593501329e+09 1.806038856506347656e+00 0.000000000000000000e+00 0.000000000000000000e+00
8.000000000000000000e+00 1.750000000000000000e+00 4.000000000000000000e+00 0.000000000000000000e+00 1.004930212358144403e+09 1.004930212358144403e+09 1.156059925593501329e+09 1.156059925593501329e+09 1.821613073348999023e+00 0.000000000000000000e+00 0.000000000000000000e+00
8.000000000000000000e+00 1.500000000000000000e+00 4.000000000000000000e+00 0.000000000000000000e+00 1.004930212358144403e+09 1.004930212358144403e+09 1.156059925593501329e+09 1.156059925593501329e+09 1.815458059310913086e+00 0.000000000000000000e+00 0.000000000000000000e+00
8.000000000000000000e+00 1.250000000000000000e+00 4.000000000000000000e+00 0.000000000000000000e+00 1.004930212358144403e+09 1.004930212358144403e+09 1.156059925593501329e+09 1.156059925593501329e+09 1.797713994979858398e+00 0.000000000000000000e+00 0.000000000000000000e+00
8.000000000000000000e+00 1.000000000000000000e+00 4.000000000000000000e+00 0.000000000000000000e+00 1.004930212358144403e+09 1.004930212358144403e+09 1.156059925593501329e+09 1.156059925593501329e+09 1.780858993530273438e+00 0.000000000000000000e+00 0.000000000000000000e+00
8.000000000000000000e+00 1.000000000000000000e+00 4.000000000000000000e+00 5.000000000000000000e+00 1.004930212358144403e+09 1.004930212358144403e+09 1.156059925593501329e+09 1.156059925593501329e+09 1.736159086227416992e+00 0.000000000000000000e+00 0.000000000000000000e+00
