# run number, exp fac, ti calc, ti opt, aep init calc (kW), aep init opt (kW), aep run calc (kW), aep run opt (kW), run time (s), obj func calls, sens func calls
1.600000000000000000e+02 3.000000000000000000e+00 4.000000000000000000e+00 0.000000000000000000e+00 1.037405230244235992e+09 1.037405230244235992e+09 1.168564738232981682e+09 1.168564738232981682e+09 3.309063642024993896e+02 0.000000000000000000e+00 0.000000000000000000e+00
1.600000000000000000e+02 2.750000000000000000e+00 4.000000000000000000e+00 0.000000000000000000e+00 1.037405230244235992e+09 1.037405230244235992e+09 1.168564738232981682e+09 1.168564738232981682e+09 2.515095949172973633e+00 0.000000000000000000e+00 0.000000000000000000e+00
1.600000000000000000e+02 2.500000000000000000e+00 4.000000000000000000e+00 0.000000000000000000e+00 1.037405230244235992e+09 1.037405230244235992e+09 1.168564738232981682e+09 1.168564738232981682e+09 2.558151006698608398e+00 0.000000000000000000e+00 0.000000000000000000e+00
1.600000000000000000e+02 2.250000000000000000e+00 4.000000000000000000e+00 0.000000000000000000e+00 1.037405230244235992e+09 1.037405230244235992e+09 1.168564738232981682e+09 1.168564738232981682e+09 2.533036947250366211e+00 0.000000000000000000e+00 0.000000000000000000e+00
1.600000000000000000e+02 2.000000000000000000e+00 4.000000000000000000e+00 0.000000000000000000e+00 1.037405230244235992e+09 1.037405230244235992e+09 1.168564738232981682e+09 1.168564738232981682e+09 2.676010847091674805e+00 0.000000000000000000e+00 0.000000000000000000e+00
1.600000000000000000e+02 1.750000000000000000e+00 4.000000000000000000e+00 0.000000000000000000e+00 1.037405230244235992e+09 1.037405230244235992e+09 1.168564738232981682e+09 1.168564738232981682e+09 2.515360116958618164e+00 0.000000000000000000e+00 0.000000000000000000e+00
1.600000000000000000e+02 1.500000000000000000e+00 4.000000000000000000e+00 0.000000000000000000e+00 1.037405230244235992e+09 1.037405230244235992e+09 1.168564738232981682e+09 1.168564738232981682e+09 2.562544822692871094e+00 0.000000000000000000e+00 0.000000000000000000e+00
1.600000000000000000e+02 1.250000000000000000e+00 4.000000000000000000e+00 0.000000000000000000e+00 1.037405230244235992e+09 1.037405230244235992e+09 1.168564738232981682e+09 1.168564738232981682e+09 2.557905912399291992e+00 0.000000000000000000e+00 0.000000000000000000e+00
1.600000000000000000e+02 1.000000000000000000e+00 4.000000000000000000e+00 0.000000000000000000e+00 1.037405230244235992e+09 1.037405230244235992e+09 1.168564738232981682e+09 1.168564738232981682e+09 2.546216011047363281e+00 0.000000000000000000e+00 0.000000000000000000e+00
1.600000000000000000e+02 1.000000000000000000e+00 4.000000000000000000e+00 5.000000000000000000e+00 1.037405230244235992e+09 1.037405230244235992e+09 1.168564738232981682e+09 1.168564738232981682e+09 2.506096124649047852e+00 0.000000000000000000e+00 0.000000000000000000e+00
