# run number, exp fac, ti calc, ti opt, aep init calc (kW), aep init opt (kW), aep run calc (kW), aep run opt (kW), run time (s), obj func calls, sens func calls
2.900000000000000000e+01 3.000000000000000000e+00 4.000000000000000000e+00 0.000000000000000000e+00 1.030447275215369582e+09 1.030447275215369582e+09 1.178158920037103891e+09 1.178158920037103891e+09 5.251315739154815674e+02 0.000000000000000000e+00 0.000000000000000000e+00
2.900000000000000000e+01 2.750000000000000000e+00 4.000000000000000000e+00 0.000000000000000000e+00 1.030447275215369582e+09 1.030447275215369582e+09 1.178158920037103891e+09 1.178158920037103891e+09 1.634558916091918945e+00 0.000000000000000000e+00 0.000000000000000000e+00
2.900000000000000000e+01 2.500000000000000000e+00 4.000000000000000000e+00 0.000000000000000000e+00 1.030447275215369582e+09 1.030447275215369582e+09 1.178158920037103891e+09 1.178158920037103891e+09 1.720492124557495117e+00 0.000000000000000000e+00 0.000000000000000000e+00
2.900000000000000000e+01 2.250000000000000000e+00 4.000000000000000000e+00 0.000000000000000000e+00 1.030447275215369582e+09 1.030447275215369582e+09 1.178158920037103891e+09 1.178158920037103891e+09 1.602828979492187500e+00 0.000000000000000000e+00 0.000000000000000000e+00
2.900000000000000000e+01 2.000000000000000000e+00 4.000000000000000000e+00 0.000000000000000000e+00 1.030447275215369582e+09 1.030447275215369582e+09 1.178158920037103891e+09 1.178158920037103891e+09 1.742974042892456055e+00 0.000000000000000000e+00 0.000000000000000000e+00
2.900000000000000000e+01 1.750000000000000000e+00 4.000000000000000000e+00 0.000000000000000000e+00 1.030447275215369582e+09 1.030447275215369582e+09 1.178158920037103891e+09 1.178158920037103891e+09 1.522242069244384766e+00 0.000000000000000000e+00 0.000000000000000000e+00
2.900000000000000000e+01 1.500000000000000000e+00 4.000000000000000000e+00 0.000000000000000000e+00 1.030447275215369582e+09 1.030447275215369582e+09 1.178158920037103891e+09 1.178158920037103891e+09 1.595842123031616211e+00 0.000000000000000000e+00 0.000000000000000000e+00
2.900000000000000000e+01 1.250000000000000000e+00 4.000000000000000000e+00 0.000000000000000000e+00 1.030447275215369582e+09 1.030447275215369582e+09 1.178158920037103891e+09 1.178158920037103891e+09 1.644189119338989258e+00 0.000000000000000000e+00 0.000000000000000000e+00
2.900000000000000000e+01 1.000000000000000000e+00 4.000000000000000000e+00 0.000000000000000000e+00 1.030447275215369582e+09 1.030447275215369582e+09 1.178158920037103891e+09 1.178158920037103891e+09 1.603492021560668945e+00 0.000000000000000000e+00 0.000000000000000000e+00
2.900000000000000000e+01 1.000000000000000000e+00 4.000000000000000000e+00 5.000000000000000000e+00 1.030447275215369582e+09 1.030447275215369582e+09 1.178158920037103891e+09 1.178158920037103891e+09 1.565355062484741211e+00 0.000000000000000000e+00 0.000000000000000000e+00
