# run number, exp fac, ti calc, ti opt, aep init calc (kW), aep init opt (kW), aep run calc (kW), aep run opt (kW), run time (s), obj func calls, sens func calls
1.550000000000000000e+02 3.000000000000000000e+00 4.000000000000000000e+00 0.000000000000000000e+00 9.881126497457933426e+08 9.881126497457933426e+08 1.162693908009647846e+09 1.162693908009647846e+09 5.280091800689697266e+02 0.000000000000000000e+00 0.000000000000000000e+00
1.550000000000000000e+02 2.750000000000000000e+00 4.000000000000000000e+00 0.000000000000000000e+00 9.881126497457933426e+08 9.881126497457933426e+08 1.162693908009647846e+09 1.162693908009647846e+09 1.700373172760009766e+00 0.000000000000000000e+00 0.000000000000000000e+00
1.550000000000000000e+02 2.500000000000000000e+00 4.000000000000000000e+00 0.000000000000000000e+00 9.881126497457933426e+08 9.881126497457933426e+08 1.162693908009647846e+09 1.162693908009647846e+09 1.801930904388427734e+00 0.000000000000000000e+00 0.000000000000000000e+00
1.550000000000000000e+02 2.250000000000000000e+00 4.000000000000000000e+00 0.000000000000000000e+00 9.881126497457933426e+08 9.881126497457933426e+08 1.162693908009647846e+09 1.162693908009647846e+09 1.754956960678100586e+00 0.000000000000000000e+00 0.000000000000000000e+00
1.550000000000000000e+02 2.000000000000000000e+00 4.000000000000000000e+00 0.000000000000000000e+00 9.881126497457933426e+08 9.881126497457933426e+08 1.162693908009647846e+09 1.162693908009647846e+09 1.592692136764526367e+00 0.000000000000000000e+00 0.000000000000000000e+00
1.550000000000000000e+02 1.750000000000000000e+00 4.000000000000000000e+00 0.000000000000000000e+00 9.881126497457933426e+08 9.881126497457933426e+08 1.162693908009647846e+09 1.162693908009647846e+09 1.778388023376464844e+00 0.000000000000000000e+00 0.000000000000000000e+00
1.550000000000000000e+02 1.500000000000000000e+00 4.000000000000000000e+00 0.000000000000000000e+00 9.881126497457933426e+08 9.881126497457933426e+08 1.162693908009647846e+09 1.162693908009647846e+09 1.669442892074584961e+00 0.000000000000000000e+00 0.000000000000000000e+00
1.550000000000000000e+02 1.250000000000000000e+00 4.000000000000000000e+00 0.000000000000000000e+00 9.881126497457933426e+08 9.881126497457933426e+08 1.162693908009647846e+09 1.162693908009647846e+09 1.739615917205810547e+00 0.000000000000000000e+00 0.000000000000000000e+00
1.550000000000000000e+02 1.000000000000000000e+00 4.000000000000000000e+00 0.000000000000000000e+00 9.881126497457933426e+08 9.881126497457933426e+08 1.162693908009647846e+09 1.162693908009647846e+09 1.934149026870727539e+00 0.000000000000000000e+00 0.000000000000000000e+00
1.550000000000000000e+02 1.000000000000000000e+00 4.000000000000000000e+00 5.000000000000000000e+00 9.881126497457933426e+08 9.881126497457933426e+08 1.162693908009647846e+09 1.162693908009647846e+09 1.975864887237548828e+00 0.000000000000000000e+00 0.000000000000000000e+00
