# run number, exp fac, ti calc, ti opt, aep init calc (kW), aep init opt (kW), aep run calc (kW), aep run opt (kW), run time (s), obj func calls, sens func calls
6.700000000000000000e+01 3.000000000000000000e+00 4.000000000000000000e+00 0.000000000000000000e+00 1.016168007064679384e+09 1.016168007064679384e+09 1.170336854234383106e+09 1.170336854234383106e+09 3.175979290008544922e+02 0.000000000000000000e+00 0.000000000000000000e+00
6.700000000000000000e+01 2.750000000000000000e+00 4.000000000000000000e+00 0.000000000000000000e+00 1.016168007064679384e+09 1.016168007064679384e+09 1.170336854234383106e+09 1.170336854234383106e+09 2.021360874176025391e+00 0.000000000000000000e+00 0.000000000000000000e+00
6.700000000000000000e+01 2.500000000000000000e+00 4.000000000000000000e+00 0.000000000000000000e+00 1.016168007064679384e+09 1.016168007064679384e+09 1.170336854234383106e+09 1.170336854234383106e+09 2.005558013916015625e+00 0.000000000000000000e+00 0.000000000000000000e+00
6.700000000000000000e+01 2.250000000000000000e+00 4.000000000000000000e+00 0.000000000000000000e+00 1.016168007064679384e+09 1.016168007064679384e+09 1.170336854234383106e+09 1.170336854234383106e+09 1.972916841506958008e+00 0.000000000000000000e+00 0.000000000000000000e+00
6.700000000000000000e+01 2.000000000000000000e+00 4.000000000000000000e+00 0.000000000000000000e+00 1.016168007064679384e+09 1.016168007064679384e+09 1.170336854234383106e+09 1.170336854234383106e+09 2.017923116683959961e+00 0.000000000000000000e+00 0.000000000000000000e+00
6.700000000000000000e+01 1.750000000000000000e+00 4.000000000000000000e+00 0.000000000000000000e+00 1.016168007064679384e+09 1.016168007064679384e+09 1.170336854234383106e+09 1.170336854234383106e+09 2.051704883575439453e+00 0.000000000000000000e+00 0.000000000000000000e+00
6.700000000000000000e+01 1.500000000000000000e+00 4.000000000000000000e+00 0.000000000000000000e+00 1.016168007064679384e+09 1.016168007064679384e+09 1.170336854234383106e+09 1.170336854234383106e+09 2.001116037368774414e+00 0.000000000000000000e+00 0.000000000000000000e+00
6.700000000000000000e+01 1.250000000000000000e+00 4.000000000000000000e+00 0.000000000000000000e+00 1.016168007064679384e+09 1.016168007064679384e+09 1.170336854234383106e+09 1.170336854234383106e+09 1.984163999557495117e+00 0.000000000000000000e+00 0.000000000000000000e+00
6.700000000000000000e+01 1.000000000000000000e+00 4.000000000000000000e+00 0.000000000000000000e+00 1.016168007064679384e+09 1.016168007064679384e+09 1.170336854234383106e+09 1.170336854234383106e+09 2.013298988342285156e+00 0.000000000000000000e+00 0.000000000000000000e+00
6.700000000000000000e+01 1.000000000000000000e+00 4.000000000000000000e+00 5.000000000000000000e+00 1.016168007064679384e+09 1.016168007064679384e+09 1.170336854234383106e+09 1.170336854234383106e+09 2.013879060745239258e+00 0.000000000000000000e+00 0.000000000000000000e+00
