# run number, exp fac, ti calc, ti opt, aep init calc (kW), aep init opt (kW), aep run calc (kW), aep run opt (kW), run time (s), obj func calls, sens func calls
1.700000000000000000e+02 3.000000000000000000e+00 4.000000000000000000e+00 0.000000000000000000e+00 1.006539392959337234e+09 1.006539392959337234e+09 1.145595576759439945e+09 1.145595576759439945e+09 4.639909648895263672e+02 0.000000000000000000e+00 0.000000000000000000e+00
1.700000000000000000e+02 2.750000000000000000e+00 4.000000000000000000e+00 0.000000000000000000e+00 1.006539392959337234e+09 1.006539392959337234e+09 1.145595576759439945e+09 1.145595576759439945e+09 2.563378095626831055e+00 0.000000000000000000e+00 0.000000000000000000e+00
1.700000000000000000e+02 2.500000000000000000e+00 4.000000000000000000e+00 0.000000000000000000e+00 1.006539392959337234e+09 1.006539392959337234e+09 1.145595576759439945e+09 1.145595576759439945e+09 2.526198148727416992e+00 0.000000000000000000e+00 0.000000000000000000e+00
1.700000000000000000e+02 2.250000000000000000e+00 4.000000000000000000e+00 0.000000000000000000e+00 1.006539392959337234e+09 1.006539392959337234e+09 1.145595576759439945e+09 1.145595576759439945e+09 2.537955999374389648e+00 0.000000000000000000e+00 0.000000000000000000e+00
1.700000000000000000e+02 2.000000000000000000e+00 4.000000000000000000e+00 0.000000000000000000e+00 1.006539392959337234e+09 1.006539392959337234e+09 1.145595576759439945e+09 1.145595576759439945e+09 2.522900819778442383e+00 0.000000000000000000e+00 0.000000000000000000e+00
1.700000000000000000e+02 1.750000000000000000e+00 4.000000000000000000e+00 0.000000000000000000e+00 1.006539392959337234e+09 1.006539392959337234e+09 1.145595576759439945e+09 1.145595576759439945e+09 2.524862766265869141e+00 0.000000000000000000e+00 0.000000000000000000e+00
1.700000000000000000e+02 1.500000000000000000e+00 4.000000000000000000e+00 0.000000000000000000e+00 1.006539392959337234e+09 1.006539392959337234e+09 1.145595576759439945e+09 1.145595576759439945e+09 2.546855926513671875e+00 0.000000000000000000e+00 0.000000000000000000e+00
1.700000000000000000e+02 1.250000000000000000e+00 4.000000000000000000e+00 0.000000000000000000e+00 1.006539392959337234e+09 1.006539392959337234e+09 1.145595576759439945e+09 1.145595576759439945e+09 2.563370943069458008e+00 0.000000000000000000e+00 0.000000000000000000e+00
1.700000000000000000e+02 1.000000000000000000e+00 4.000000000000000000e+00 0.000000000000000000e+00 1.006539392959337234e+09 1.006539392959337234e+09 1.145595576759439945e+09 1.145595576759439945e+09 2.557217121124267578e+00 0.000000000000000000e+00 0.000000000000000000e+00
1.700000000000000000e+02 1.000000000000000000e+00 4.000000000000000000e+00 5.000000000000000000e+00 1.006539392959337234e+09 1.006539392959337234e+09 1.145595576759439945e+09 1.145595576759439945e+09 2.557440996170043945e+00 0.000000000000000000e+00 0.000000000000000000e+00
