# run number, exp fac, ti calc, ti opt, aep init calc (kW), aep init opt (kW), aep run calc (kW), aep run opt (kW), run time (s), obj func calls, sens func calls
1.090000000000000000e+02 3.000000000000000000e+00 4.000000000000000000e+00 0.000000000000000000e+00 9.730616941209626198e+08 9.730616941209626198e+08 1.166752857156371832e+09 1.166752857156371832e+09 4.237369618415832520e+02 0.000000000000000000e+00 0.000000000000000000e+00
1.090000000000000000e+02 2.750000000000000000e+00 4.000000000000000000e+00 0.000000000000000000e+00 9.730616941209626198e+08 9.730616941209626198e+08 1.166752857156371832e+09 1.166752857156371832e+09 2.672514200210571289e+00 0.000000000000000000e+00 0.000000000000000000e+00
1.090000000000000000e+02 2.500000000000000000e+00 4.000000000000000000e+00 0.000000000000000000e+00 9.730616941209626198e+08 9.730616941209626198e+08 1.166752857156371832e+09 1.166752857156371832e+09 2.692301988601684570e+00 0.000000000000000000e+00 0.000000000000000000e+00
1.090000000000000000e+02 2.250000000000000000e+00 4.000000000000000000e+00 0.000000000000000000e+00 9.730616941209626198e+08 9.730616941209626198e+08 1.166752857156371832e+09 1.166752857156371832e+09 2.675071954727172852e+00 0.000000000000000000e+00 0.000000000000000000e+00
1.090000000000000000e+02 2.000000000000000000e+00 4.000000000000000000e+00 0.000000000000000000e+00 9.730616941209626198e+08 9.730616941209626198e+08 1.166752857156371832e+09 1.166752857156371832e+09 2.667447090148925781e+00 0.000000000000000000e+00 0.000000000000000000e+00
1.090000000000000000e+02 1.750000000000000000e+00 4.000000000000000000e+00 0.000000000000000000e+00 9.730616941209626198e+08 9.730616941209626198e+08 1.166752857156371832e+09 1.166752857156371832e+09 2.640843152999877930e+00 0.000000000000000000e+00 0.000000000000000000e+00
1.090000000000000000e+02 1.500000000000000000e+00 4.000000000000000000e+00 0.000000000000000000e+00 9.730616941209626198e+08 9.730616941209626198e+08 1.166752857156371832e+09 1.166752857156371832e+09 2.652951955795288086e+00 0.000000000000000000e+00 0.000000000000000000e+00
1.090000000000000000e+02 1.250000000000000000e+00 4.000000000000000000e+00 0.000000000000000000e+00 9.730616941209626198e+08 9.730616941209626198e+08 1.166752857156371832e+09 1.166752857156371832e+09 2.650678873062133789e+00 0.000000000000000000e+00 0.000000000000000000e+00
1.090000000000000000e+02 1.000000000000000000e+00 4.000000000000000000e+00 0.000000000000000000e+00 9.730616941209626198e+08 9.730616941209626198e+08 1.166752857156371832e+09 1.166752857156371832e+09 2.664382934570312500e+00 0.000000000000000000e+00 0.000000000000000000e+00
1.090000000000000000e+02 1.000000000000000000e+00 4.000000000000000000e+00 5.000000000000000000e+00 9.730616941209626198e+08 9.730616941209626198e+08 1.166752857156371832e+09 1.166752857156371832e+09 2.723772048950195312e+00 0.000000000000000000e+00 0.000000000000000000e+00
