# run number, exp fac, ti calc, ti opt, aep init calc (kW), aep init opt (kW), aep run calc (kW), aep run opt (kW), run time (s), obj func calls, sens func calls
1.640000000000000000e+02 3.000000000000000000e+00 4.000000000000000000e+00 0.000000000000000000e+00 1.015099475687666774e+09 1.015099475687666774e+09 1.157607810002483130e+09 1.157607810002483130e+09 7.330450310707092285e+02 0.000000000000000000e+00 0.000000000000000000e+00
1.640000000000000000e+02 2.750000000000000000e+00 4.000000000000000000e+00 0.000000000000000000e+00 1.015099475687666774e+09 1.015099475687666774e+09 1.157607810002483130e+09 1.157607810002483130e+09 2.583187818527221680e+00 0.000000000000000000e+00 0.000000000000000000e+00
1.640000000000000000e+02 2.500000000000000000e+00 4.000000000000000000e+00 0.000000000000000000e+00 1.015099475687666774e+09 1.015099475687666774e+09 1.157607810002483130e+09 1.157607810002483130e+09 2.665311098098754883e+00 0.000000000000000000e+00 0.000000000000000000e+00
1.640000000000000000e+02 2.250000000000000000e+00 4.000000000000000000e+00 0.000000000000000000e+00 1.015099475687666774e+09 1.015099475687666774e+09 1.157607810002483130e+09 1.157607810002483130e+09 2.614599943161010742e+00 0.000000000000000000e+00 0.000000000000000000e+00
1.640000000000000000e+02 2.000000000000000000e+00 4.000000000000000000e+00 0.000000000000000000e+00 1.015099475687666774e+09 1.015099475687666774e+09 1.157607810002483130e+09 1.157607810002483130e+09 2.647760868072509766e+00 0.000000000000000000e+00 0.000000000000000000e+00
1.640000000000000000e+02 1.750000000000000000e+00 4.000000000000000000e+00 0.000000000000000000e+00 1.015099475687666774e+09 1.015099475687666774e+09 1.157607810002483130e+09 1.157607810002483130e+09 2.615327835083007812e+00 0.000000000000000000e+00 0.000000000000000000e+00
1.640000000000000000e+02 1.500000000000000000e+00 4.000000000000000000e+00 0.000000000000000000e+00 1.015099475687666774e+09 1.015099475687666774e+09 1.157607810002483130e+09 1.157607810002483130e+09 2.769289970397949219e+00 0.000000000000000000e+00 0.000000000000000000e+00
1.640000000000000000e+02 1.250000000000000000e+00 4.000000000000000000e+00 0.000000000000000000e+00 1.015099475687666774e+09 1.015099475687666774e+09 1.157607810002483130e+09 1.157607810002483130e+09 2.609577894210815430e+00 0.000000000000000000e+00 0.000000000000000000e+00
1.640000000000000000e+02 1.000000000000000000e+00 4.000000000000000000e+00 0.000000000000000000e+00 1.015099475687666774e+09 1.015099475687666774e+09 1.157607810002483130e+09 1.157607810002483130e+09 2.657561063766479492e+00 0.000000000000000000e+00 0.000000000000000000e+00
1.640000000000000000e+02 1.000000000000000000e+00 4.000000000000000000e+00 5.000000000000000000e+00 1.015099475687666774e+09 1.015099475687666774e+09 1.157607810002483130e+09 1.157607810002483130e+09 2.676397085189819336e+00 0.000000000000000000e+00 0.000000000000000000e+00
