# run number, exp fac, ti calc, ti opt, aep init calc (kW), aep init opt (kW), aep run calc (kW), aep run opt (kW), run time (s), obj func calls, sens func calls
1.580000000000000000e+02 3.000000000000000000e+00 4.000000000000000000e+00 0.000000000000000000e+00 1.018201990358330011e+09 1.018201990358330011e+09 1.164229689007902861e+09 1.164229689007902861e+09 3.783716399669647217e+02 0.000000000000000000e+00 0.000000000000000000e+00
1.580000000000000000e+02 2.750000000000000000e+00 4.000000000000000000e+00 0.000000000000000000e+00 1.018201990358330011e+09 1.018201990358330011e+09 1.164229689007902861e+09 1.164229689007902861e+09 1.677086114883422852e+00 0.000000000000000000e+00 0.000000000000000000e+00
1.580000000000000000e+02 2.500000000000000000e+00 4.000000000000000000e+00 0.000000000000000000e+00 1.018201990358330011e+09 1.018201990358330011e+09 1.164229689007902861e+09 1.164229689007902861e+09 1.596142053604125977e+00 0.000000000000000000e+00 0.000000000000000000e+00
1.580000000000000000e+02 2.250000000000000000e+00 4.000000000000000000e+00 0.000000000000000000e+00 1.018201990358330011e+09 1.018201990358330011e+09 1.164229689007902861e+09 1.164229689007902861e+09 1.589576959609985352e+00 0.000000000000000000e+00 0.000000000000000000e+00
1.580000000000000000e+02 2.000000000000000000e+00 4.000000000000000000e+00 0.000000000000000000e+00 1.018201990358330011e+09 1.018201990358330011e+09 1.164229689007902861e+09 1.164229689007902861e+09 1.612460136413574219e+00 0.000000000000000000e+00 0.000000000000000000e+00
1.580000000000000000e+02 1.750000000000000000e+00 4.000000000000000000e+00 0.000000000000000000e+00 1.018201990358330011e+09 1.018201990358330011e+09 1.164229689007902861e+09 1.164229689007902861e+09 1.611285924911499023e+00 0.000000000000000000e+00 0.000000000000000000e+00
1.580000000000000000e+02 1.500000000000000000e+00 4.000000000000000000e+00 0.000000000000000000e+00 1.018201990358330011e+09 1.018201990358330011e+09 1.164229689007902861e+09 1.164229689007902861e+09 1.638789892196655273e+00 0.000000000000000000e+00 0.000000000000000000e+00
1.580000000000000000e+02 1.250000000000000000e+00 4.000000000000000000e+00 0.000000000000000000e+00 1.018201990358330011e+09 1.018201990358330011e+09 1.164229689007902861e+09 1.164229689007902861e+09 1.548351049423217773e+00 0.000000000000000000e+00 0.000000000000000000e+00
1.580000000000000000e+02 1.000000000000000000e+00 4.000000000000000000e+00 0.000000000000000000e+00 1.018201990358330011e+09 1.018201990358330011e+09 1.164229689007902861e+09 1.164229689007902861e+09 1.598774909973144531e+00 0.000000000000000000e+00 0.000000000000000000e+00
1.580000000000000000e+02 1.000000000000000000e+00 4.000000000000000000e+00 5.000000000000000000e+00 1.018201990358330011e+09 1.018201990358330011e+09 1.164229689007902861e+09 1.164229689007902861e+09 1.569437980651855469e+00 0.000000000000000000e+00 0.000000000000000000e+00
