# run number, exp fac, ti calc, ti opt, aep init calc (kW), aep init opt (kW), aep run calc (kW), aep run opt (kW), run time (s), obj func calls, sens func calls
1.680000000000000000e+02 3.000000000000000000e+00 4.000000000000000000e+00 0.000000000000000000e+00 1.047608103226170778e+09 1.047608103226170778e+09 1.158423441730816126e+09 1.158423441730816126e+09 7.340708260536193848e+02 0.000000000000000000e+00 0.000000000000000000e+00
1.680000000000000000e+02 2.750000000000000000e+00 4.000000000000000000e+00 0.000000000000000000e+00 1.047608103226170778e+09 1.047608103226170778e+09 1.158423441730816126e+09 1.158423441730816126e+09 2.461129903793334961e+00 0.000000000000000000e+00 0.000000000000000000e+00
1.680000000000000000e+02 2.500000000000000000e+00 4.000000000000000000e+00 0.000000000000000000e+00 1.047608103226170778e+09 1.047608103226170778e+09 1.158423441730816126e+09 1.158423441730816126e+09 2.459513902664184570e+00 0.000000000000000000e+00 0.000000000000000000e+00
1.680000000000000000e+02 2.250000000000000000e+00 4.000000000000000000e+00 0.000000000000000000e+00 1.047608103226170778e+09 1.047608103226170778e+09 1.158423441730816126e+09 1.158423441730816126e+09 2.505368947982788086e+00 0.000000000000000000e+00 0.000000000000000000e+00
1.680000000000000000e+02 2.000000000000000000e+00 4.000000000000000000e+00 0.000000000000000000e+00 1.047608103226170778e+09 1.047608103226170778e+09 1.158423441730816126e+09 1.158423441730816126e+09 2.684035062789916992e+00 0.000000000000000000e+00 0.000000000000000000e+00
1.680000000000000000e+02 1.750000000000000000e+00 4.000000000000000000e+00 0.000000000000000000e+00 1.047608103226170778e+09 1.047608103226170778e+09 1.158423441730816126e+09 1.158423441730816126e+09 2.534726858139038086e+00 0.000000000000000000e+00 0.000000000000000000e+00
1.680000000000000000e+02 1.500000000000000000e+00 4.000000000000000000e+00 0.000000000000000000e+00 1.047608103226170778e+09 1.047608103226170778e+09 1.158423441730816126e+09 1.158423441730816126e+09 2.679916143417358398e+00 0.000000000000000000e+00 0.000000000000000000e+00
1.680000000000000000e+02 1.250000000000000000e+00 4.000000000000000000e+00 0.000000000000000000e+00 1.047608103226170778e+09 1.047608103226170778e+09 1.158423441730816126e+09 1.158423441730816126e+09 2.610993146896362305e+00 0.000000000000000000e+00 0.000000000000000000e+00
1.680000000000000000e+02 1.000000000000000000e+00 4.000000000000000000e+00 0.000000000000000000e+00 1.047608103226170778e+09 1.047608103226170778e+09 1.158423441730816126e+09 1.158423441730816126e+09 2.862767934799194336e+00 0.000000000000000000e+00 0.000000000000000000e+00
1.680000000000000000e+02 1.000000000000000000e+00 4.000000000000000000e+00 5.000000000000000000e+00 1.047608103226170778e+09 1.047608103226170778e+09 1.158423441730816126e+09 1.158423441730816126e+09 2.505985975265502930e+00 0.000000000000000000e+00 0.000000000000000000e+00
