# run number, exp fac, ti calc, ti opt, aep init calc (kW), aep init opt (kW), aep run calc (kW), aep run opt (kW), run time (s), obj func calls, sens func calls
6.400000000000000000e+01 3.000000000000000000e+00 4.000000000000000000e+00 0.000000000000000000e+00 9.788033689175957441e+08 9.788033689175957441e+08 1.150582169668915272e+09 1.150582169668915272e+09 3.845233578681945801e+02 0.000000000000000000e+00 0.000000000000000000e+00
6.400000000000000000e+01 2.750000000000000000e+00 4.000000000000000000e+00 0.000000000000000000e+00 9.788033689175957441e+08 9.788033689175957441e+08 1.150582169668915272e+09 1.150582169668915272e+09 2.803823947906494141e+00 0.000000000000000000e+00 0.000000000000000000e+00
6.400000000000000000e+01 2.500000000000000000e+00 4.000000000000000000e+00 0.000000000000000000e+00 9.788033689175957441e+08 9.788033689175957441e+08 1.150582169668915272e+09 1.150582169668915272e+09 2.631649971008300781e+00 0.000000000000000000e+00 0.000000000000000000e+00
6.400000000000000000e+01 2.250000000000000000e+00 4.000000000000000000e+00 0.000000000000000000e+00 9.788033689175957441e+08 9.788033689175957441e+08 1.150582169668915272e+09 1.150582169668915272e+09 2.679005861282348633e+00 0.000000000000000000e+00 0.000000000000000000e+00
6.400000000000000000e+01 2.000000000000000000e+00 4.000000000000000000e+00 0.000000000000000000e+00 9.788033689175957441e+08 9.788033689175957441e+08 1.150582169668915272e+09 1.150582169668915272e+09 2.662349939346313477e+00 0.000000000000000000e+00 0.000000000000000000e+00
6.400000000000000000e+01 1.750000000000000000e+00 4.000000000000000000e+00 0.000000000000000000e+00 9.788033689175957441e+08 9.788033689175957441e+08 1.150582169668915272e+09 1.150582169668915272e+09 2.716012001037597656e+00 0.000000000000000000e+00 0.000000000000000000e+00
6.400000000000000000e+01 1.500000000000000000e+00 4.000000000000000000e+00 0.000000000000000000e+00 9.788033689175957441e+08 9.788033689175957441e+08 1.150582169668915272e+09 1.150582169668915272e+09 2.667894124984741211e+00 0.000000000000000000e+00 0.000000000000000000e+00
6.400000000000000000e+01 1.250000000000000000e+00 4.000000000000000000e+00 0.000000000000000000e+00 9.788033689175957441e+08 9.788033689175957441e+08 1.150582169668915272e+09 1.150582169668915272e+09 2.621757030487060547e+00 0.000000000000000000e+00 0.000000000000000000e+00
6.400000000000000000e+01 1.000000000000000000e+00 4.000000000000000000e+00 0.000000000000000000e+00 9.788033689175957441e+08 9.788033689175957441e+08 1.150582169668915272e+09 1.150582169668915272e+09 2.681486845016479492e+00 0.000000000000000000e+00 0.000000000000000000e+00
6.400000000000000000e+01 1.000000000000000000e+00 4.000000000000000000e+00 5.000000000000000000e+00 9.788033689175957441e+08 9.788033689175957441e+08 1.150582169668915272e+09 1.150582169668915272e+09 2.652096986770629883e+00 0.000000000000000000e+00 0.000000000000000000e+00
