# run number, exp fac, ti calc, ti opt, aep init calc (kW), aep init opt (kW), aep run calc (kW), aep run opt (kW), run time (s), obj func calls, sens func calls
1.660000000000000000e+02 3.000000000000000000e+00 4.000000000000000000e+00 0.000000000000000000e+00 1.036535753124301553e+09 1.036535753124301553e+09 1.173603300021747828e+09 1.173603300021747828e+09 4.522685408592224121e+02 0.000000000000000000e+00 0.000000000000000000e+00
1.660000000000000000e+02 2.750000000000000000e+00 4.000000000000000000e+00 0.000000000000000000e+00 1.036535753124301553e+09 1.036535753124301553e+09 1.173603300021747828e+09 1.173603300021747828e+09 2.256440162658691406e+00 0.000000000000000000e+00 0.000000000000000000e+00
1.660000000000000000e+02 2.500000000000000000e+00 4.000000000000000000e+00 0.000000000000000000e+00 1.036535753124301553e+09 1.036535753124301553e+09 1.173603300021747828e+09 1.173603300021747828e+09 2.301928997039794922e+00 0.000000000000000000e+00 0.000000000000000000e+00
1.660000000000000000e+02 2.250000000000000000e+00 4.000000000000000000e+00 0.000000000000000000e+00 1.036535753124301553e+09 1.036535753124301553e+09 1.173603300021747828e+09 1.173603300021747828e+09 5.506548810005187988e+01 0.000000000000000000e+00 0.000000000000000000e+00
1.660000000000000000e+02 2.000000000000000000e+00 4.000000000000000000e+00 0.000000000000000000e+00 1.036535753124301553e+09 1.036535753124301553e+09 1.173603300021747828e+09 1.173603300021747828e+09 3.192812204360961914e+00 0.000000000000000000e+00 0.000000000000000000e+00
1.660000000000000000e+02 1.750000000000000000e+00 4.000000000000000000e+00 0.000000000000000000e+00 1.036535753124301553e+09 1.036535753124301553e+09 1.173603300021747828e+09 1.173603300021747828e+09 1.520884990692138672e+00 0.000000000000000000e+00 0.000000000000000000e+00
1.660000000000000000e+02 1.500000000000000000e+00 4.000000000000000000e+00 0.000000000000000000e+00 1.036535753124301553e+09 1.036535753124301553e+09 1.173603300021747828e+09 1.173603300021747828e+09 1.444974899291992188e+00 0.000000000000000000e+00 0.000000000000000000e+00
1.660000000000000000e+02 1.250000000000000000e+00 4.000000000000000000e+00 0.000000000000000000e+00 1.036535753124301553e+09 1.036535753124301553e+09 1.173603300021747828e+09 1.173603300021747828e+09 1.209838151931762695e+00 0.000000000000000000e+00 0.000000000000000000e+00
1.660000000000000000e+02 1.000000000000000000e+00 4.000000000000000000e+00 0.000000000000000000e+00 1.036535753124301553e+09 1.036535753124301553e+09 1.173603300021747828e+09 1.173603300021747828e+09 1.211856126785278320e+00 0.000000000000000000e+00 0.000000000000000000e+00
1.660000000000000000e+02 1.000000000000000000e+00 4.000000000000000000e+00 5.000000000000000000e+00 1.036535753124301553e+09 1.036535753124301553e+09 1.173603300021747828e+09 1.173603300021747828e+09 1.426359176635742188e+00 0.000000000000000000e+00 0.000000000000000000e+00
