# run number, exp fac, ti calc, ti opt, aep init calc (kW), aep init opt (kW), aep run calc (kW), aep run opt (kW), run time (s), obj func calls, sens func calls
1.210000000000000000e+02 3.000000000000000000e+00 4.000000000000000000e+00 0.000000000000000000e+00 1.034732394222045302e+09 1.034732394222045302e+09 1.145093863781143427e+09 1.145093863781143427e+09 5.553843681812286377e+02 0.000000000000000000e+00 0.000000000000000000e+00
1.210000000000000000e+02 2.750000000000000000e+00 4.000000000000000000e+00 0.000000000000000000e+00 1.034732394222045302e+09 1.034732394222045302e+09 1.145093863781143427e+09 1.145093863781143427e+09 3.234692811965942383e+00 0.000000000000000000e+00 0.000000000000000000e+00
1.210000000000000000e+02 2.500000000000000000e+00 4.000000000000000000e+00 0.000000000000000000e+00 1.034732394222045302e+09 1.034732394222045302e+09 1.145093863781143427e+09 1.145093863781143427e+09 3.212205886840820312e+00 0.000000000000000000e+00 0.000000000000000000e+00
1.210000000000000000e+02 2.250000000000000000e+00 4.000000000000000000e+00 0.000000000000000000e+00 1.034732394222045302e+09 1.034732394222045302e+09 1.145093863781143427e+09 1.145093863781143427e+09 3.148906946182250977e+00 0.000000000000000000e+00 0.000000000000000000e+00
1.210000000000000000e+02 2.000000000000000000e+00 4.000000000000000000e+00 0.000000000000000000e+00 1.034732394222045302e+09 1.034732394222045302e+09 1.145093863781143427e+09 1.145093863781143427e+09 3.252193927764892578e+00 0.000000000000000000e+00 0.000000000000000000e+00
1.210000000000000000e+02 1.750000000000000000e+00 4.000000000000000000e+00 0.000000000000000000e+00 1.034732394222045302e+09 1.034732394222045302e+09 1.145093863781143427e+09 1.145093863781143427e+09 3.154863834381103516e+00 0.000000000000000000e+00 0.000000000000000000e+00
1.210000000000000000e+02 1.500000000000000000e+00 4.000000000000000000e+00 0.000000000000000000e+00 1.034732394222045302e+09 1.034732394222045302e+09 1.145093863781143427e+09 1.145093863781143427e+09 3.152204990386962891e+00 0.000000000000000000e+00 0.000000000000000000e+00
1.210000000000000000e+02 1.250000000000000000e+00 4.000000000000000000e+00 0.000000000000000000e+00 1.034732394222045302e+09 1.034732394222045302e+09 1.145093863781143427e+09 1.145093863781143427e+09 3.226558923721313477e+00 0.000000000000000000e+00 0.000000000000000000e+00
1.210000000000000000e+02 1.000000000000000000e+00 4.000000000000000000e+00 0.000000000000000000e+00 1.034732394222045302e+09 1.034732394222045302e+09 1.145093863781143427e+09 1.145093863781143427e+09 3.176738023757934570e+00 0.000000000000000000e+00 0.000000000000000000e+00
1.210000000000000000e+02 1.000000000000000000e+00 4.000000000000000000e+00 5.000000000000000000e+00 1.034732394222045302e+09 1.034732394222045302e+09 1.145093863781143427e+09 1.145093863781143427e+09 3.194780826568603516e+00 0.000000000000000000e+00 0.000000000000000000e+00
