# run number, exp fac, ti calc, ti opt, aep init calc (kW), aep init opt (kW), aep run calc (kW), aep run opt (kW), run time (s), obj func calls, sens func calls
7.500000000000000000e+01 3.000000000000000000e+00 4.000000000000000000e+00 0.000000000000000000e+00 1.028361680908275366e+09 1.028361680908275366e+09 1.165255584654718161e+09 1.165255584654718161e+09 4.414145610332489014e+02 0.000000000000000000e+00 0.000000000000000000e+00
7.500000000000000000e+01 2.750000000000000000e+00 4.000000000000000000e+00 0.000000000000000000e+00 1.028361680908275366e+09 1.028361680908275366e+09 1.165255584654718161e+09 1.165255584654718161e+09 2.083936929702758789e+00 0.000000000000000000e+00 0.000000000000000000e+00
7.500000000000000000e+01 2.500000000000000000e+00 4.000000000000000000e+00 0.000000000000000000e+00 1.028361680908275366e+09 1.028361680908275366e+09 1.165255584654718161e+09 1.165255584654718161e+09 1.953441858291625977e+00 0.000000000000000000e+00 0.000000000000000000e+00
7.500000000000000000e+01 2.250000000000000000e+00 4.000000000000000000e+00 0.000000000000000000e+00 1.028361680908275366e+09 1.028361680908275366e+09 1.165255584654718161e+09 1.165255584654718161e+09 1.576157093048095703e+00 0.000000000000000000e+00 0.000000000000000000e+00
7.500000000000000000e+01 2.000000000000000000e+00 4.000000000000000000e+00 0.000000000000000000e+00 1.028361680908275366e+09 1.028361680908275366e+09 1.165255584654718161e+09 1.165255584654718161e+09 1.576975822448730469e+00 0.000000000000000000e+00 0.000000000000000000e+00
7.500000000000000000e+01 1.750000000000000000e+00 4.000000000000000000e+00 0.000000000000000000e+00 1.028361680908275366e+09 1.028361680908275366e+09 1.165255584654718161e+09 1.165255584654718161e+09 1.788094997406005859e+00 0.000000000000000000e+00 0.000000000000000000e+00
7.500000000000000000e+01 1.500000000000000000e+00 4.000000000000000000e+00 0.000000000000000000e+00 1.028361680908275366e+09 1.028361680908275366e+09 1.165255584654718161e+09 1.165255584654718161e+09 1.695939064025878906e+00 0.000000000000000000e+00 0.000000000000000000e+00
7.500000000000000000e+01 1.250000000000000000e+00 4.000000000000000000e+00 0.000000000000000000e+00 1.028361680908275366e+09 1.028361680908275366e+09 1.165255584654718161e+09 1.165255584654718161e+09 1.564785957336425781e+00 0.000000000000000000e+00 0.000000000000000000e+00
7.500000000000000000e+01 1.000000000000000000e+00 4.000000000000000000e+00 0.000000000000000000e+00 1.028361680908275366e+09 1.028361680908275366e+09 1.165255584654718161e+09 1.165255584654718161e+09 1.643839120864868164e+00 0.000000000000000000e+00 0.000000000000000000e+00
7.500000000000000000e+01 1.000000000000000000e+00 4.000000000000000000e+00 5.000000000000000000e+00 1.028361680908275366e+09 1.028361680908275366e+09 1.165255584654718161e+09 1.165255584654718161e+09 1.572346925735473633e+00 0.000000000000000000e+00 0.000000000000000000e+00
