# run number, exp fac, ti calc, ti opt, aep init calc (kW), aep init opt (kW), aep run calc (kW), aep run opt (kW), run time (s), obj func calls, sens func calls
1.200000000000000000e+02 3.000000000000000000e+00 4.000000000000000000e+00 0.000000000000000000e+00 1.016807707933772087e+09 1.016807707933772087e+09 1.161915343821223259e+09 1.161915343821223259e+09 6.246627681255340576e+02 0.000000000000000000e+00 0.000000000000000000e+00
1.200000000000000000e+02 2.750000000000000000e+00 4.000000000000000000e+00 0.000000000000000000e+00 1.016807707933772087e+09 1.016807707933772087e+09 1.161915343821223259e+09 1.161915343821223259e+09 2.698495864868164062e+00 0.000000000000000000e+00 0.000000000000000000e+00
1.200000000000000000e+02 2.500000000000000000e+00 4.000000000000000000e+00 0.000000000000000000e+00 1.016807707933772087e+09 1.016807707933772087e+09 1.161915343821223259e+09 1.161915343821223259e+09 2.487955093383789062e+00 0.000000000000000000e+00 0.000000000000000000e+00
1.200000000000000000e+02 2.250000000000000000e+00 4.000000000000000000e+00 0.000000000000000000e+00 1.016807707933772087e+09 1.016807707933772087e+09 1.161915343821223259e+09 1.161915343821223259e+09 2.383162021636962891e+00 0.000000000000000000e+00 0.000000000000000000e+00
1.200000000000000000e+02 2.000000000000000000e+00 4.000000000000000000e+00 0.000000000000000000e+00 1.016807707933772087e+09 1.016807707933772087e+09 1.161915343821223259e+09 1.161915343821223259e+09 2.407464027404785156e+00 0.000000000000000000e+00 0.000000000000000000e+00
1.200000000000000000e+02 1.750000000000000000e+00 4.000000000000000000e+00 0.000000000000000000e+00 1.016807707933772087e+09 1.016807707933772087e+09 1.161915343821223259e+09 1.161915343821223259e+09 2.399823904037475586e+00 0.000000000000000000e+00 0.000000000000000000e+00
1.200000000000000000e+02 1.500000000000000000e+00 4.000000000000000000e+00 0.000000000000000000e+00 1.016807707933772087e+09 1.016807707933772087e+09 1.161915343821223259e+09 1.161915343821223259e+09 2.404634952545166016e+00 0.000000000000000000e+00 0.000000000000000000e+00
1.200000000000000000e+02 1.250000000000000000e+00 4.000000000000000000e+00 0.000000000000000000e+00 1.016807707933772087e+09 1.016807707933772087e+09 1.161915343821223259e+09 1.161915343821223259e+09 2.436409950256347656e+00 0.000000000000000000e+00 0.000000000000000000e+00
1.200000000000000000e+02 1.000000000000000000e+00 4.000000000000000000e+00 0.000000000000000000e+00 1.016807707933772087e+09 1.016807707933772087e+09 1.161915343821223259e+09 1.161915343821223259e+09 2.416559934616088867e+00 0.000000000000000000e+00 0.000000000000000000e+00
1.200000000000000000e+02 1.000000000000000000e+00 4.000000000000000000e+00 5.000000000000000000e+00 1.016807707933772087e+09 1.016807707933772087e+09 1.161915343821223259e+09 1.161915343821223259e+09 2.386622905731201172e+00 0.000000000000000000e+00 0.000000000000000000e+00
