# run number, exp fac, ti calc, ti opt, aep init calc (kW), aep init opt (kW), aep run calc (kW), aep run opt (kW), run time (s), obj func calls, sens func calls
4.800000000000000000e+01 3.000000000000000000e+00 4.000000000000000000e+00 0.000000000000000000e+00 1.002475456074981451e+09 1.002475456074981451e+09 1.185732844120998144e+09 1.185732844120998144e+09 5.762540910243988037e+02 0.000000000000000000e+00 0.000000000000000000e+00
4.800000000000000000e+01 2.750000000000000000e+00 4.000000000000000000e+00 0.000000000000000000e+00 1.002475456074981451e+09 1.002475456074981451e+09 1.185732844120998144e+09 1.185732844120998144e+09 2.027059793472290039e+00 0.000000000000000000e+00 0.000000000000000000e+00
4.800000000000000000e+01 2.500000000000000000e+00 4.000000000000000000e+00 0.000000000000000000e+00 1.002475456074981451e+09 1.002475456074981451e+09 1.185732844120998144e+09 1.185732844120998144e+09 1.815470933914184570e+00 0.000000000000000000e+00 0.000000000000000000e+00
4.800000000000000000e+01 2.250000000000000000e+00 4.000000000000000000e+00 0.000000000000000000e+00 1.002475456074981451e+09 1.002475456074981451e+09 1.185732844120998144e+09 1.185732844120998144e+09 1.726873874664306641e+00 0.000000000000000000e+00 0.000000000000000000e+00
4.800000000000000000e+01 2.000000000000000000e+00 4.000000000000000000e+00 0.000000000000000000e+00 1.002475456074981451e+09 1.002475456074981451e+09 1.185732844120998144e+09 1.185732844120998144e+09 1.697864055633544922e+00 0.000000000000000000e+00 0.000000000000000000e+00
4.800000000000000000e+01 1.750000000000000000e+00 4.000000000000000000e+00 0.000000000000000000e+00 1.002475456074981451e+09 1.002475456074981451e+09 1.185732844120998144e+09 1.185732844120998144e+09 1.751843929290771484e+00 0.000000000000000000e+00 0.000000000000000000e+00
4.800000000000000000e+01 1.500000000000000000e+00 4.000000000000000000e+00 0.000000000000000000e+00 1.002475456074981451e+09 1.002475456074981451e+09 1.185732844120998144e+09 1.185732844120998144e+09 1.871561050415039062e+00 0.000000000000000000e+00 0.000000000000000000e+00
4.800000000000000000e+01 1.250000000000000000e+00 4.000000000000000000e+00 0.000000000000000000e+00 1.002475456074981451e+09 1.002475456074981451e+09 1.185732844120998144e+09 1.185732844120998144e+09 1.709393978118896484e+00 0.000000000000000000e+00 0.000000000000000000e+00
4.800000000000000000e+01 1.000000000000000000e+00 4.000000000000000000e+00 0.000000000000000000e+00 1.002475456074981451e+09 1.002475456074981451e+09 1.185732844120998144e+09 1.185732844120998144e+09 1.775557041168212891e+00 0.000000000000000000e+00 0.000000000000000000e+00
4.800000000000000000e+01 1.000000000000000000e+00 4.000000000000000000e+00 5.000000000000000000e+00 1.002475456074981451e+09 1.002475456074981451e+09 1.185732844120998144e+09 1.185732844120998144e+09 1.759653806686401367e+00 0.000000000000000000e+00 0.000000000000000000e+00
