# run number, exp fac, ti calc, ti opt, aep init calc (kW), aep init opt (kW), aep run calc (kW), aep run opt (kW), run time (s), obj func calls, sens func calls
1.400000000000000000e+01 3.000000000000000000e+00 4.000000000000000000e+00 0.000000000000000000e+00 9.815227464973909855e+08 9.815227464973909855e+08 1.156811616331031322e+09 1.156811616331031322e+09 4.557770688533782959e+02 0.000000000000000000e+00 0.000000000000000000e+00
1.400000000000000000e+01 2.750000000000000000e+00 4.000000000000000000e+00 0.000000000000000000e+00 9.815227464973909855e+08 9.815227464973909855e+08 1.156811616331031322e+09 1.156811616331031322e+09 2.518504858016967773e+00 0.000000000000000000e+00 0.000000000000000000e+00
1.400000000000000000e+01 2.500000000000000000e+00 4.000000000000000000e+00 0.000000000000000000e+00 9.815227464973909855e+08 9.815227464973909855e+08 1.156811616331031322e+09 1.156811616331031322e+09 2.514185905456542969e+00 0.000000000000000000e+00 0.000000000000000000e+00
1.400000000000000000e+01 2.250000000000000000e+00 4.000000000000000000e+00 0.000000000000000000e+00 9.815227464973909855e+08 9.815227464973909855e+08 1.156811616331031322e+09 1.156811616331031322e+09 2.550445079803466797e+00 0.000000000000000000e+00 0.000000000000000000e+00
1.400000000000000000e+01 2.000000000000000000e+00 4.000000000000000000e+00 0.000000000000000000e+00 9.815227464973909855e+08 9.815227464973909855e+08 1.156811616331031322e+09 1.156811616331031322e+09 2.698733091354370117e+00 0.000000000000000000e+00 0.000000000000000000e+00
1.400000000000000000e+01 1.750000000000000000e+00 4.000000000000000000e+00 0.000000000000000000e+00 9.815227464973909855e+08 9.815227464973909855e+08 1.156811616331031322e+09 1.156811616331031322e+09 2.589122056961059570e+00 0.000000000000000000e+00 0.000000000000000000e+00
1.400000000000000000e+01 1.500000000000000000e+00 4.000000000000000000e+00 0.000000000000000000e+00 9.815227464973909855e+08 9.815227464973909855e+08 1.156811616331031322e+09 1.156811616331031322e+09 2.600566148757934570e+00 0.000000000000000000e+00 0.000000000000000000e+00
1.400000000000000000e+01 1.250000000000000000e+00 4.000000000000000000e+00 0.000000000000000000e+00 9.815227464973909855e+08 9.815227464973909855e+08 1.156811616331031322e+09 1.156811616331031322e+09 2.517683029174804688e+00 0.000000000000000000e+00 0.000000000000000000e+00
1.400000000000000000e+01 1.000000000000000000e+00 4.000000000000000000e+00 0.000000000000000000e+00 9.815227464973909855e+08 9.815227464973909855e+08 1.156811616331031322e+09 1.156811616331031322e+09 2.482959032058715820e+00 0.000000000000000000e+00 0.000000000000000000e+00
1.400000000000000000e+01 1.000000000000000000e+00 4.000000000000000000e+00 5.000000000000000000e+00 9.815227464973909855e+08 9.815227464973909855e+08 1.156811616331031322e+09 1.156811616331031322e+09 2.455427885055541992e+00 0.000000000000000000e+00 0.000000000000000000e+00
