# run number, exp fac, ti calc, ti opt, aep init calc (kW), aep init opt (kW), aep run calc (kW), aep run opt (kW), run time (s), obj func calls, sens func calls
1.260000000000000000e+02 3.000000000000000000e+00 4.000000000000000000e+00 0.000000000000000000e+00 1.017779174371078014e+09 1.017779174371078014e+09 1.172673730572862864e+09 1.172673730572862864e+09 5.082506179809570312e+02 0.000000000000000000e+00 0.000000000000000000e+00
1.260000000000000000e+02 2.750000000000000000e+00 4.000000000000000000e+00 0.000000000000000000e+00 1.017779174371078014e+09 1.017779174371078014e+09 1.172673730572862864e+09 1.172673730572862864e+09 1.618028163909912109e+00 0.000000000000000000e+00 0.000000000000000000e+00
1.260000000000000000e+02 2.500000000000000000e+00 4.000000000000000000e+00 0.000000000000000000e+00 1.017779174371078014e+09 1.017779174371078014e+09 1.172673730572862864e+09 1.172673730572862864e+09 1.483166933059692383e+00 0.000000000000000000e+00 0.000000000000000000e+00
1.260000000000000000e+02 2.250000000000000000e+00 4.000000000000000000e+00 0.000000000000000000e+00 1.017779174371078014e+09 1.017779174371078014e+09 1.172673730572862864e+09 1.172673730572862864e+09 2.011531114578247070e+00 0.000000000000000000e+00 0.000000000000000000e+00
1.260000000000000000e+02 2.000000000000000000e+00 4.000000000000000000e+00 0.000000000000000000e+00 1.017779174371078014e+09 1.017779174371078014e+09 1.172673730572862864e+09 1.172673730572862864e+09 1.573044061660766602e+00 0.000000000000000000e+00 0.000000000000000000e+00
1.260000000000000000e+02 1.750000000000000000e+00 4.000000000000000000e+00 0.000000000000000000e+00 1.017779174371078014e+09 1.017779174371078014e+09 1.172673730572862864e+09 1.172673730572862864e+09 1.646196842193603516e+00 0.000000000000000000e+00 0.000000000000000000e+00
1.260000000000000000e+02 1.500000000000000000e+00 4.000000000000000000e+00 0.000000000000000000e+00 1.017779174371078014e+09 1.017779174371078014e+09 1.172673730572862864e+09 1.172673730572862864e+09 1.510775089263916016e+00 0.000000000000000000e+00 0.000000000000000000e+00
1.260000000000000000e+02 1.250000000000000000e+00 4.000000000000000000e+00 0.000000000000000000e+00 1.017779174371078014e+09 1.017779174371078014e+09 1.172673730572862864e+09 1.172673730572862864e+09 1.472290992736816406e+00 0.000000000000000000e+00 0.000000000000000000e+00
1.260000000000000000e+02 1.000000000000000000e+00 4.000000000000000000e+00 0.000000000000000000e+00 1.017779174371078014e+09 1.017779174371078014e+09 1.172673730572862864e+09 1.172673730572862864e+09 1.550657033920288086e+00 0.000000000000000000e+00 0.000000000000000000e+00
1.260000000000000000e+02 1.000000000000000000e+00 4.000000000000000000e+00 5.000000000000000000e+00 1.017779174371078014e+09 1.017779174371078014e+09 1.172673730572862864e+09 1.172673730572862864e+09 1.529753923416137695e+00 0.000000000000000000e+00 0.000000000000000000e+00
