# run number, exp fac, ti calc, ti opt, aep init calc (kW), aep init opt (kW), aep run calc (kW), aep run opt (kW), run time (s), obj func calls, sens func calls
1.430000000000000000e+02 3.000000000000000000e+00 4.000000000000000000e+00 0.000000000000000000e+00 1.006193857187854648e+09 1.006193857187854648e+09 1.170135002710360527e+09 1.170135002710360527e+09 6.154983279705047607e+02 0.000000000000000000e+00 0.000000000000000000e+00
1.430000000000000000e+02 2.750000000000000000e+00 4.000000000000000000e+00 0.000000000000000000e+00 1.006193857187854648e+09 1.006193857187854648e+09 1.170135002710360527e+09 1.170135002710360527e+09 2.450058937072753906e+00 0.000000000000000000e+00 0.000000000000000000e+00
1.430000000000000000e+02 2.500000000000000000e+00 4.000000000000000000e+00 0.000000000000000000e+00 1.006193857187854648e+09 1.006193857187854648e+09 1.170135002710360527e+09 1.170135002710360527e+09 2.469781875610351562e+00 0.000000000000000000e+00 0.000000000000000000e+00
1.430000000000000000e+02 2.250000000000000000e+00 4.000000000000000000e+00 0.000000000000000000e+00 1.006193857187854648e+09 1.006193857187854648e+09 1.170135002710360527e+09 1.170135002710360527e+09 2.427474021911621094e+00 0.000000000000000000e+00 0.000000000000000000e+00
1.430000000000000000e+02 2.000000000000000000e+00 4.000000000000000000e+00 0.000000000000000000e+00 1.006193857187854648e+09 1.006193857187854648e+09 1.170135002710360527e+09 1.170135002710360527e+09 2.441198110580444336e+00 0.000000000000000000e+00 0.000000000000000000e+00
1.430000000000000000e+02 1.750000000000000000e+00 4.000000000000000000e+00 0.000000000000000000e+00 1.006193857187854648e+09 1.006193857187854648e+09 1.170135002710360527e+09 1.170135002710360527e+09 2.431730031967163086e+00 0.000000000000000000e+00 0.000000000000000000e+00
1.430000000000000000e+02 1.500000000000000000e+00 4.000000000000000000e+00 0.000000000000000000e+00 1.006193857187854648e+09 1.006193857187854648e+09 1.170135002710360527e+09 1.170135002710360527e+09 2.435075044631958008e+00 0.000000000000000000e+00 0.000000000000000000e+00
1.430000000000000000e+02 1.250000000000000000e+00 4.000000000000000000e+00 0.000000000000000000e+00 1.006193857187854648e+09 1.006193857187854648e+09 1.170135002710360527e+09 1.170135002710360527e+09 2.427670001983642578e+00 0.000000000000000000e+00 0.000000000000000000e+00
1.430000000000000000e+02 1.000000000000000000e+00 4.000000000000000000e+00 0.000000000000000000e+00 1.006193857187854648e+09 1.006193857187854648e+09 1.170135002710360527e+09 1.170135002710360527e+09 2.433706045150756836e+00 0.000000000000000000e+00 0.000000000000000000e+00
1.430000000000000000e+02 1.000000000000000000e+00 4.000000000000000000e+00 5.000000000000000000e+00 1.006193857187854648e+09 1.006193857187854648e+09 1.170135002710360527e+09 1.170135002710360527e+09 2.425227165222167969e+00 0.000000000000000000e+00 0.000000000000000000e+00
