# run number, exp fac, ti calc, ti opt, aep init calc (kW), aep init opt (kW), aep run calc (kW), aep run opt (kW), run time (s), obj func calls, sens func calls
9.200000000000000000e+01 3.000000000000000000e+00 4.000000000000000000e+00 0.000000000000000000e+00 1.006048827393255115e+09 1.006048827393255115e+09 1.167551125901706457e+09 1.167551125901706457e+09 4.887891860008239746e+02 0.000000000000000000e+00 0.000000000000000000e+00
9.200000000000000000e+01 2.750000000000000000e+00 4.000000000000000000e+00 0.000000000000000000e+00 1.006048827393255115e+09 1.006048827393255115e+09 1.167551125901706457e+09 1.167551125901706457e+09 3.435399055480957031e+00 0.000000000000000000e+00 0.000000000000000000e+00
9.200000000000000000e+01 2.500000000000000000e+00 4.000000000000000000e+00 0.000000000000000000e+00 1.006048827393255115e+09 1.006048827393255115e+09 1.167551125901706457e+09 1.167551125901706457e+09 3.265145063400268555e+00 0.000000000000000000e+00 0.000000000000000000e+00
9.200000000000000000e+01 2.250000000000000000e+00 4.000000000000000000e+00 0.000000000000000000e+00 1.006048827393255115e+09 1.006048827393255115e+09 1.167551125901706457e+09 1.167551125901706457e+09 3.233764886856079102e+00 0.000000000000000000e+00 0.000000000000000000e+00
9.200000000000000000e+01 2.000000000000000000e+00 4.000000000000000000e+00 0.000000000000000000e+00 1.006048827393255115e+09 1.006048827393255115e+09 1.167551125901706457e+09 1.167551125901706457e+09 3.262757062911987305e+00 0.000000000000000000e+00 0.000000000000000000e+00
9.200000000000000000e+01 1.750000000000000000e+00 4.000000000000000000e+00 0.000000000000000000e+00 1.006048827393255115e+09 1.006048827393255115e+09 1.167551125901706457e+09 1.167551125901706457e+09 3.241510152816772461e+00 0.000000000000000000e+00 0.000000000000000000e+00
9.200000000000000000e+01 1.500000000000000000e+00 4.000000000000000000e+00 0.000000000000000000e+00 1.006048827393255115e+09 1.006048827393255115e+09 1.167551125901706457e+09 1.167551125901706457e+09 3.241475105285644531e+00 0.000000000000000000e+00 0.000000000000000000e+00
9.200000000000000000e+01 1.250000000000000000e+00 4.000000000000000000e+00 0.000000000000000000e+00 1.006048827393255115e+09 1.006048827393255115e+09 1.167551125901706457e+09 1.167551125901706457e+09 3.259886026382446289e+00 0.000000000000000000e+00 0.000000000000000000e+00
9.200000000000000000e+01 1.000000000000000000e+00 4.000000000000000000e+00 0.000000000000000000e+00 1.006048827393255115e+09 1.006048827393255115e+09 1.167551125901706457e+09 1.167551125901706457e+09 3.299025058746337891e+00 0.000000000000000000e+00 0.000000000000000000e+00
9.200000000000000000e+01 1.000000000000000000e+00 4.000000000000000000e+00 5.000000000000000000e+00 1.006048827393255115e+09 1.006048827393255115e+09 1.167551125901706457e+09 1.167551125901706457e+09 3.092282056808471680e+00 0.000000000000000000e+00 0.000000000000000000e+00
