# run number, exp fac, ti calc, ti opt, aep init calc (kW), aep init opt (kW), aep run calc (kW), aep run opt (kW), run time (s), obj func calls, sens func calls
4.700000000000000000e+01 3.000000000000000000e+00 4.000000000000000000e+00 0.000000000000000000e+00 9.999175155094336271e+08 9.999175155094336271e+08 1.170190077198284149e+09 1.170190077198284149e+09 3.073157238960266113e+02 0.000000000000000000e+00 0.000000000000000000e+00
4.700000000000000000e+01 2.750000000000000000e+00 4.000000000000000000e+00 0.000000000000000000e+00 9.999175155094336271e+08 9.999175155094336271e+08 1.170190077198284149e+09 1.170190077198284149e+09 1.839643955230712891e+00 0.000000000000000000e+00 0.000000000000000000e+00
4.700000000000000000e+01 2.500000000000000000e+00 4.000000000000000000e+00 0.000000000000000000e+00 9.999175155094336271e+08 9.999175155094336271e+08 1.170190077198284149e+09 1.170190077198284149e+09 1.888118982315063477e+00 0.000000000000000000e+00 0.000000000000000000e+00
4.700000000000000000e+01 2.250000000000000000e+00 4.000000000000000000e+00 0.000000000000000000e+00 9.999175155094336271e+08 9.999175155094336271e+08 1.170190077198284149e+09 1.170190077198284149e+09 1.724218130111694336e+00 0.000000000000000000e+00 0.000000000000000000e+00
4.700000000000000000e+01 2.000000000000000000e+00 4.000000000000000000e+00 0.000000000000000000e+00 9.999175155094336271e+08 9.999175155094336271e+08 1.170190077198284149e+09 1.170190077198284149e+09 1.747387170791625977e+00 0.000000000000000000e+00 0.000000000000000000e+00
4.700000000000000000e+01 1.750000000000000000e+00 4.000000000000000000e+00 0.000000000000000000e+00 9.999175155094336271e+08 9.999175155094336271e+08 1.170190077198284149e+09 1.170190077198284149e+09 1.693665027618408203e+00 0.000000000000000000e+00 0.000000000000000000e+00
4.700000000000000000e+01 1.500000000000000000e+00 4.000000000000000000e+00 0.000000000000000000e+00 9.999175155094336271e+08 9.999175155094336271e+08 1.170190077198284149e+09 1.170190077198284149e+09 1.765070915222167969e+00 0.000000000000000000e+00 0.000000000000000000e+00
4.700000000000000000e+01 1.250000000000000000e+00 4.000000000000000000e+00 0.000000000000000000e+00 9.999175155094336271e+08 9.999175155094336271e+08 1.170190077198284149e+09 1.170190077198284149e+09 1.729138851165771484e+00 0.000000000000000000e+00 0.000000000000000000e+00
4.700000000000000000e+01 1.000000000000000000e+00 4.000000000000000000e+00 0.000000000000000000e+00 9.999175155094336271e+08 9.999175155094336271e+08 1.170190077198284149e+09 1.170190077198284149e+09 1.734209060668945312e+00 0.000000000000000000e+00 0.000000000000000000e+00
4.700000000000000000e+01 1.000000000000000000e+00 4.000000000000000000e+00 5.000000000000000000e+00 9.999175155094336271e+08 9.999175155094336271e+08 1.170190077198284149e+09 1.170190077198284149e+09 1.769584894180297852e+00 0.000000000000000000e+00 0.000000000000000000e+00
