# run number, exp fac, ti calc, ti opt, aep init calc (kW), aep init opt (kW), aep run calc (kW), aep run opt (kW), run time (s), obj func calls, sens func calls
1.130000000000000000e+02 3.000000000000000000e+00 4.000000000000000000e+00 0.000000000000000000e+00 1.005175877391465306e+09 1.005175877391465306e+09 1.176681575476627588e+09 1.176681575476627588e+09 3.967113699913024902e+02 0.000000000000000000e+00 0.000000000000000000e+00
1.130000000000000000e+02 2.750000000000000000e+00 4.000000000000000000e+00 0.000000000000000000e+00 1.005175877391465306e+09 1.005175877391465306e+09 1.176681575476627588e+09 1.176681575476627588e+09 2.547454833984375000e+00 0.000000000000000000e+00 0.000000000000000000e+00
1.130000000000000000e+02 2.500000000000000000e+00 4.000000000000000000e+00 0.000000000000000000e+00 1.005175877391465306e+09 1.005175877391465306e+09 1.176681575476627588e+09 1.176681575476627588e+09 2.539542913436889648e+00 0.000000000000000000e+00 0.000000000000000000e+00
1.130000000000000000e+02 2.250000000000000000e+00 4.000000000000000000e+00 0.000000000000000000e+00 1.005175877391465306e+09 1.005175877391465306e+09 1.176681575476627588e+09 1.176681575476627588e+09 2.539126157760620117e+00 0.000000000000000000e+00 0.000000000000000000e+00
1.130000000000000000e+02 2.000000000000000000e+00 4.000000000000000000e+00 0.000000000000000000e+00 1.005175877391465306e+09 1.005175877391465306e+09 1.176681575476627588e+09 1.176681575476627588e+09 2.531365156173706055e+00 0.000000000000000000e+00 0.000000000000000000e+00
1.130000000000000000e+02 1.750000000000000000e+00 4.000000000000000000e+00 0.000000000000000000e+00 1.005175877391465306e+09 1.005175877391465306e+09 1.176681575476627588e+09 1.176681575476627588e+09 2.514167070388793945e+00 0.000000000000000000e+00 0.000000000000000000e+00
1.130000000000000000e+02 1.500000000000000000e+00 4.000000000000000000e+00 0.000000000000000000e+00 1.005175877391465306e+09 1.005175877391465306e+09 1.176681575476627588e+09 1.176681575476627588e+09 2.504403829574584961e+00 0.000000000000000000e+00 0.000000000000000000e+00
1.130000000000000000e+02 1.250000000000000000e+00 4.000000000000000000e+00 0.000000000000000000e+00 1.005175877391465306e+09 1.005175877391465306e+09 1.176681575476627588e+09 1.176681575476627588e+09 2.524040937423706055e+00 0.000000000000000000e+00 0.000000000000000000e+00
1.130000000000000000e+02 1.000000000000000000e+00 4.000000000000000000e+00 0.000000000000000000e+00 1.005175877391465306e+09 1.005175877391465306e+09 1.176681575476627588e+09 1.176681575476627588e+09 2.506384134292602539e+00 0.000000000000000000e+00 0.000000000000000000e+00
1.130000000000000000e+02 1.000000000000000000e+00 4.000000000000000000e+00 5.000000000000000000e+00 1.005175877391465306e+09 1.005175877391465306e+09 1.176681575476627588e+09 1.176681575476627588e+09 2.573954105377197266e+00 0.000000000000000000e+00 0.000000000000000000e+00
