# run number, exp fac, ti calc, ti opt, aep init calc (kW), aep init opt (kW), aep run calc (kW), aep run opt (kW), run time (s), obj func calls, sens func calls
7.200000000000000000e+01 3.000000000000000000e+00 4.000000000000000000e+00 0.000000000000000000e+00 1.028000867826475501e+09 1.028000867826475501e+09 1.154809616687052488e+09 1.154809616687052488e+09 6.151747119426727295e+02 0.000000000000000000e+00 0.000000000000000000e+00
7.200000000000000000e+01 2.750000000000000000e+00 4.000000000000000000e+00 0.000000000000000000e+00 1.028000867826475501e+09 1.028000867826475501e+09 1.154809616687052488e+09 1.154809616687052488e+09 1.724037885665893555e+00 0.000000000000000000e+00 0.000000000000000000e+00
7.200000000000000000e+01 2.500000000000000000e+00 4.000000000000000000e+00 0.000000000000000000e+00 1.028000867826475501e+09 1.028000867826475501e+09 1.154809616687052488e+09 1.154809616687052488e+09 1.632620096206665039e+00 0.000000000000000000e+00 0.000000000000000000e+00
7.200000000000000000e+01 2.250000000000000000e+00 4.000000000000000000e+00 0.000000000000000000e+00 1.028000867826475501e+09 1.028000867826475501e+09 1.154809616687052488e+09 1.154809616687052488e+09 1.869771957397460938e+00 0.000000000000000000e+00 0.000000000000000000e+00
7.200000000000000000e+01 2.000000000000000000e+00 4.000000000000000000e+00 0.000000000000000000e+00 1.028000867826475501e+09 1.028000867826475501e+09 1.154809616687052488e+09 1.154809616687052488e+09 1.790045976638793945e+00 0.000000000000000000e+00 0.000000000000000000e+00
7.200000000000000000e+01 1.750000000000000000e+00 4.000000000000000000e+00 0.000000000000000000e+00 1.028000867826475501e+09 1.028000867826475501e+09 1.154809616687052488e+09 1.154809616687052488e+09 1.854682922363281250e+00 0.000000000000000000e+00 0.000000000000000000e+00
7.200000000000000000e+01 1.500000000000000000e+00 4.000000000000000000e+00 0.000000000000000000e+00 1.028000867826475501e+09 1.028000867826475501e+09 1.154809616687052488e+09 1.154809616687052488e+09 1.714293003082275391e+00 0.000000000000000000e+00 0.000000000000000000e+00
7.200000000000000000e+01 1.250000000000000000e+00 4.000000000000000000e+00 0.000000000000000000e+00 1.028000867826475501e+09 1.028000867826475501e+09 1.154809616687052488e+09 1.154809616687052488e+09 1.561592102050781250e+00 0.000000000000000000e+00 0.000000000000000000e+00
7.200000000000000000e+01 1.000000000000000000e+00 4.000000000000000000e+00 0.000000000000000000e+00 1.028000867826475501e+09 1.028000867826475501e+09 1.154809616687052488e+09 1.154809616687052488e+09 1.647909164428710938e+00 0.000000000000000000e+00 0.000000000000000000e+00
7.200000000000000000e+01 1.000000000000000000e+00 4.000000000000000000e+00 5.000000000000000000e+00 1.028000867826475501e+09 1.028000867826475501e+09 1.154809616687052488e+09 1.154809616687052488e+09 2.227322816848754883e+00 0.000000000000000000e+00 0.000000000000000000e+00
