# run number, exp fac, ti calc, ti opt, aep init calc (kW), aep init opt (kW), aep run calc (kW), aep run opt (kW), run time (s), obj func calls, sens func calls
3.000000000000000000e+00 3.000000000000000000e+00 4.000000000000000000e+00 0.000000000000000000e+00 1.037914538011676908e+09 1.037914538011676908e+09 1.160808302087127924e+09 1.160808302087127924e+09 2.687919640541076660e+02 0.000000000000000000e+00 0.000000000000000000e+00
3.000000000000000000e+00 2.750000000000000000e+00 4.000000000000000000e+00 0.000000000000000000e+00 1.037914538011676908e+09 1.037914538011676908e+09 1.160808302087127924e+09 1.160808302087127924e+09 1.956759929656982422e+00 0.000000000000000000e+00 0.000000000000000000e+00
3.000000000000000000e+00 2.500000000000000000e+00 4.000000000000000000e+00 0.000000000000000000e+00 1.037914538011676908e+09 1.037914538011676908e+09 1.160808302087127924e+09 1.160808302087127924e+09 1.928369045257568359e+00 0.000000000000000000e+00 0.000000000000000000e+00
3.000000000000000000e+00 2.250000000000000000e+00 4.000000000000000000e+00 0.000000000000000000e+00 1.037914538011676908e+09 1.037914538011676908e+09 1.160808302087127924e+09 1.160808302087127924e+09 1.832200050354003906e+00 0.000000000000000000e+00 0.000000000000000000e+00
3.000000000000000000e+00 2.000000000000000000e+00 4.000000000000000000e+00 0.000000000000000000e+00 1.037914538011676908e+09 1.037914538011676908e+09 1.160808302087127924e+09 1.160808302087127924e+09 1.763540983200073242e+00 0.000000000000000000e+00 0.000000000000000000e+00
3.000000000000000000e+00 1.750000000000000000e+00 4.000000000000000000e+00 0.000000000000000000e+00 1.037914538011676908e+09 1.037914538011676908e+09 1.160808302087127924e+09 1.160808302087127924e+09 1.770676851272583008e+00 0.000000000000000000e+00 0.000000000000000000e+00
3.000000000000000000e+00 1.500000000000000000e+00 4.000000000000000000e+00 0.000000000000000000e+00 1.037914538011676908e+09 1.037914538011676908e+09 1.160808302087127924e+09 1.160808302087127924e+09 1.771173000335693359e+00 0.000000000000000000e+00 0.000000000000000000e+00
3.000000000000000000e+00 1.250000000000000000e+00 4.000000000000000000e+00 0.000000000000000000e+00 1.037914538011676908e+09 1.037914538011676908e+09 1.160808302087127924e+09 1.160808302087127924e+09 1.794471979141235352e+00 0.000000000000000000e+00 0.000000000000000000e+00
3.000000000000000000e+00 1.000000000000000000e+00 4.000000000000000000e+00 0.000000000000000000e+00 1.037914538011676908e+09 1.037914538011676908e+09 1.160808302087127924e+09 1.160808302087127924e+09 1.783459901809692383e+00 0.000000000000000000e+00 0.000000000000000000e+00
3.000000000000000000e+00 1.000000000000000000e+00 4.000000000000000000e+00 5.000000000000000000e+00 1.037914538011676908e+09 1.037914538011676908e+09 1.160808302087127924e+09 1.160808302087127924e+09 1.820440053939819336e+00 0.000000000000000000e+00 0.000000000000000000e+00
