# run number, exp fac, ti calc, ti opt, aep init calc (kW), aep init opt (kW), aep run calc (kW), aep run opt (kW), run time (s), obj func calls, sens func calls
5.200000000000000000e+01 3.000000000000000000e+00 4.000000000000000000e+00 0.000000000000000000e+00 1.003007016179900885e+09 1.003007016179900885e+09 1.159854848579277754e+09 1.159854848579277754e+09 4.352750520706176758e+02 0.000000000000000000e+00 0.000000000000000000e+00
5.200000000000000000e+01 2.750000000000000000e+00 4.000000000000000000e+00 0.000000000000000000e+00 1.003007016179900885e+09 1.003007016179900885e+09 1.159854848579277754e+09 1.159854848579277754e+09 2.736458063125610352e+00 0.000000000000000000e+00 0.000000000000000000e+00
5.200000000000000000e+01 2.500000000000000000e+00 4.000000000000000000e+00 0.000000000000000000e+00 1.003007016179900885e+09 1.003007016179900885e+09 1.159854848579277754e+09 1.159854848579277754e+09 2.795830011367797852e+00 0.000000000000000000e+00 0.000000000000000000e+00
5.200000000000000000e+01 2.250000000000000000e+00 4.000000000000000000e+00 0.000000000000000000e+00 1.003007016179900885e+09 1.003007016179900885e+09 1.159854848579277754e+09 1.159854848579277754e+09 3.040031909942626953e+00 0.000000000000000000e+00 0.000000000000000000e+00
5.200000000000000000e+01 2.000000000000000000e+00 4.000000000000000000e+00 0.000000000000000000e+00 1.003007016179900885e+09 1.003007016179900885e+09 1.159854848579277754e+09 1.159854848579277754e+09 3.094918966293334961e+00 0.000000000000000000e+00 0.000000000000000000e+00
5.200000000000000000e+01 1.750000000000000000e+00 4.000000000000000000e+00 0.000000000000000000e+00 1.003007016179900885e+09 1.003007016179900885e+09 1.159854848579277754e+09 1.159854848579277754e+09 2.706233978271484375e+00 0.000000000000000000e+00 0.000000000000000000e+00
5.200000000000000000e+01 1.500000000000000000e+00 4.000000000000000000e+00 0.000000000000000000e+00 1.003007016179900885e+09 1.003007016179900885e+09 1.159854848579277754e+09 1.159854848579277754e+09 2.588550090789794922e+00 0.000000000000000000e+00 0.000000000000000000e+00
5.200000000000000000e+01 1.250000000000000000e+00 4.000000000000000000e+00 0.000000000000000000e+00 1.003007016179900885e+09 1.003007016179900885e+09 1.159854848579277754e+09 1.159854848579277754e+09 2.673259019851684570e+00 0.000000000000000000e+00 0.000000000000000000e+00
5.200000000000000000e+01 1.000000000000000000e+00 4.000000000000000000e+00 0.000000000000000000e+00 1.003007016179900885e+09 1.003007016179900885e+09 1.159854848579277754e+09 1.159854848579277754e+09 2.729835033416748047e+00 0.000000000000000000e+00 0.000000000000000000e+00
5.200000000000000000e+01 1.000000000000000000e+00 4.000000000000000000e+00 5.000000000000000000e+00 1.003007016179900885e+09 1.003007016179900885e+09 1.159854848579277754e+09 1.159854848579277754e+09 2.625186920166015625e+00 0.000000000000000000e+00 0.000000000000000000e+00
