# run number, exp fac, ti calc, ti opt, aep init calc (kW), aep init opt (kW), aep run calc (kW), aep run opt (kW), run time (s), obj func calls, sens func calls
9.700000000000000000e+01 3.000000000000000000e+00 4.000000000000000000e+00 0.000000000000000000e+00 1.008834589913909674e+09 1.008834589913909674e+09 1.164400869314052105e+09 1.164400869314052105e+09 7.461661069393157959e+02 0.000000000000000000e+00 0.000000000000000000e+00
9.700000000000000000e+01 2.750000000000000000e+00 4.000000000000000000e+00 0.000000000000000000e+00 1.008834589913909674e+09 1.008834589913909674e+09 1.164400869314052105e+09 1.164400869314052105e+09 2.832679986953735352e+00 0.000000000000000000e+00 0.000000000000000000e+00
9.700000000000000000e+01 2.500000000000000000e+00 4.000000000000000000e+00 0.000000000000000000e+00 1.008834589913909674e+09 1.008834589913909674e+09 1.164400869314052105e+09 1.164400869314052105e+09 2.820192098617553711e+00 0.000000000000000000e+00 0.000000000000000000e+00
9.700000000000000000e+01 2.250000000000000000e+00 4.000000000000000000e+00 0.000000000000000000e+00 1.008834589913909674e+09 1.008834589913909674e+09 1.164400869314052105e+09 1.164400869314052105e+09 2.762024164199829102e+00 0.000000000000000000e+00 0.000000000000000000e+00
9.700000000000000000e+01 2.000000000000000000e+00 4.000000000000000000e+00 0.000000000000000000e+00 1.008834589913909674e+09 1.008834589913909674e+09 1.164400869314052105e+09 1.164400869314052105e+09 2.806158065795898438e+00 0.000000000000000000e+00 0.000000000000000000e+00
9.700000000000000000e+01 1.750000000000000000e+00 4.000000000000000000e+00 0.000000000000000000e+00 1.008834589913909674e+09 1.008834589913909674e+09 1.164400869314052105e+09 1.164400869314052105e+09 2.779026985168457031e+00 0.000000000000000000e+00 0.000000000000000000e+00
9.700000000000000000e+01 1.500000000000000000e+00 4.000000000000000000e+00 0.000000000000000000e+00 1.008834589913909674e+09 1.008834589913909674e+09 1.164400869314052105e+09 1.164400869314052105e+09 2.820824861526489258e+00 0.000000000000000000e+00 0.000000000000000000e+00
9.700000000000000000e+01 1.250000000000000000e+00 4.000000000000000000e+00 0.000000000000000000e+00 1.008834589913909674e+09 1.008834589913909674e+09 1.164400869314052105e+09 1.164400869314052105e+09 2.737512111663818359e+00 0.000000000000000000e+00 0.000000000000000000e+00
9.700000000000000000e+01 1.000000000000000000e+00 4.000000000000000000e+00 0.000000000000000000e+00 1.008834589913909674e+09 1.008834589913909674e+09 1.164400869314052105e+09 1.164400869314052105e+09 2.753231048583984375e+00 0.000000000000000000e+00 0.000000000000000000e+00
9.700000000000000000e+01 1.000000000000000000e+00 4.000000000000000000e+00 5.000000000000000000e+00 1.008834589913909674e+09 1.008834589913909674e+09 1.164400869314052105e+09 1.164400869314052105e+09 2.777226209640502930e+00 0.000000000000000000e+00 0.000000000000000000e+00
