# run number, exp fac, ti calc, ti opt, aep init calc (kW), aep init opt (kW), aep run calc (kW), aep run opt (kW), run time (s), obj func calls, sens func calls
6.100000000000000000e+01 3.000000000000000000e+00 4.000000000000000000e+00 0.000000000000000000e+00 1.032966820334385633e+09 1.032966820334385633e+09 1.159588900943228960e+09 1.159588900943228960e+09 4.710089590549468994e+02 0.000000000000000000e+00 0.000000000000000000e+00
6.100000000000000000e+01 2.750000000000000000e+00 4.000000000000000000e+00 0.000000000000000000e+00 1.032966820334385633e+09 1.032966820334385633e+09 1.159588900943228960e+09 1.159588900943228960e+09 2.625989913940429688e+00 0.000000000000000000e+00 0.000000000000000000e+00
6.100000000000000000e+01 2.500000000000000000e+00 4.000000000000000000e+00 0.000000000000000000e+00 1.032966820334385633e+09 1.032966820334385633e+09 1.159588900943228960e+09 1.159588900943228960e+09 2.553303956985473633e+00 0.000000000000000000e+00 0.000000000000000000e+00
6.100000000000000000e+01 2.250000000000000000e+00 4.000000000000000000e+00 0.000000000000000000e+00 1.032966820334385633e+09 1.032966820334385633e+09 1.159588900943228960e+09 1.159588900943228960e+09 2.564913034439086914e+00 0.000000000000000000e+00 0.000000000000000000e+00
6.100000000000000000e+01 2.000000000000000000e+00 4.000000000000000000e+00 0.000000000000000000e+00 1.032966820334385633e+09 1.032966820334385633e+09 1.159588900943228960e+09 1.159588900943228960e+09 2.788406848907470703e+00 0.000000000000000000e+00 0.000000000000000000e+00
6.100000000000000000e+01 1.750000000000000000e+00 4.000000000000000000e+00 0.000000000000000000e+00 1.032966820334385633e+09 1.032966820334385633e+09 1.159588900943228960e+09 1.159588900943228960e+09 2.605618000030517578e+00 0.000000000000000000e+00 0.000000000000000000e+00
6.100000000000000000e+01 1.500000000000000000e+00 4.000000000000000000e+00 0.000000000000000000e+00 1.032966820334385633e+09 1.032966820334385633e+09 1.159588900943228960e+09 1.159588900943228960e+09 2.624144077301025391e+00 0.000000000000000000e+00 0.000000000000000000e+00
6.100000000000000000e+01 1.250000000000000000e+00 4.000000000000000000e+00 0.000000000000000000e+00 1.032966820334385633e+09 1.032966820334385633e+09 1.159588900943228960e+09 1.159588900943228960e+09 2.512642860412597656e+00 0.000000000000000000e+00 0.000000000000000000e+00
6.100000000000000000e+01 1.000000000000000000e+00 4.000000000000000000e+00 0.000000000000000000e+00 1.032966820334385633e+09 1.032966820334385633e+09 1.159588900943228960e+09 1.159588900943228960e+09 2.568305015563964844e+00 0.000000000000000000e+00 0.000000000000000000e+00
6.100000000000000000e+01 1.000000000000000000e+00 4.000000000000000000e+00 5.000000000000000000e+00 1.032966820334385633e+09 1.032966820334385633e+09 1.159588900943228960e+09 1.159588900943228960e+09 2.557972192764282227e+00 0.000000000000000000e+00 0.000000000000000000e+00
