# run number, exp fac, ti calc, ti opt, aep init calc (kW), aep init opt (kW), aep run calc (kW), aep run opt (kW), run time (s), obj func calls, sens func calls
1.780000000000000000e+02 3.000000000000000000e+00 4.000000000000000000e+00 0.000000000000000000e+00 9.982029035871125460e+08 9.982029035871125460e+08 1.183317411540220499e+09 1.183317411540220499e+09 8.219278111457824707e+02 0.000000000000000000e+00 0.000000000000000000e+00
1.780000000000000000e+02 2.750000000000000000e+00 4.000000000000000000e+00 0.000000000000000000e+00 9.982029035871125460e+08 9.982029035871125460e+08 1.183317411540220499e+09 1.183317411540220499e+09 3.180517911911010742e+00 0.000000000000000000e+00 0.000000000000000000e+00
1.780000000000000000e+02 2.500000000000000000e+00 4.000000000000000000e+00 0.000000000000000000e+00 9.982029035871125460e+08 9.982029035871125460e+08 1.183317411540220499e+09 1.183317411540220499e+09 2.747398853302001953e+00 0.000000000000000000e+00 0.000000000000000000e+00
1.780000000000000000e+02 2.250000000000000000e+00 4.000000000000000000e+00 0.000000000000000000e+00 9.982029035871125460e+08 9.982029035871125460e+08 1.183317411540220499e+09 1.183317411540220499e+09 2.835681200027465820e+00 0.000000000000000000e+00 0.000000000000000000e+00
1.780000000000000000e+02 2.000000000000000000e+00 4.000000000000000000e+00 0.000000000000000000e+00 9.982029035871125460e+08 9.982029035871125460e+08 1.183317411540220499e+09 1.183317411540220499e+09 2.635239124298095703e+00 0.000000000000000000e+00 0.000000000000000000e+00
1.780000000000000000e+02 1.750000000000000000e+00 4.000000000000000000e+00 0.000000000000000000e+00 9.982029035871125460e+08 9.982029035871125460e+08 1.183317411540220499e+09 1.183317411540220499e+09 2.565721988677978516e+00 0.000000000000000000e+00 0.000000000000000000e+00
1.780000000000000000e+02 1.500000000000000000e+00 4.000000000000000000e+00 0.000000000000000000e+00 9.982029035871125460e+08 9.982029035871125460e+08 1.183317411540220499e+09 1.183317411540220499e+09 2.456505060195922852e+00 0.000000000000000000e+00 0.000000000000000000e+00
1.780000000000000000e+02 1.250000000000000000e+00 4.000000000000000000e+00 0.000000000000000000e+00 9.982029035871125460e+08 9.982029035871125460e+08 1.183317411540220499e+09 1.183317411540220499e+09 2.541749954223632812e+00 0.000000000000000000e+00 0.000000000000000000e+00
1.780000000000000000e+02 1.000000000000000000e+00 4.000000000000000000e+00 0.000000000000000000e+00 9.982029035871125460e+08 9.982029035871125460e+08 1.183317411540220499e+09 1.183317411540220499e+09 2.658543109893798828e+00 0.000000000000000000e+00 0.000000000000000000e+00
1.780000000000000000e+02 1.000000000000000000e+00 4.000000000000000000e+00 5.000000000000000000e+00 9.982029035871125460e+08 9.982029035871125460e+08 1.183317411540220499e+09 1.183317411540220499e+09 2.660634994506835938e+00 0.000000000000000000e+00 0.000000000000000000e+00
