# run number, exp fac, ti calc, ti opt, aep init calc (kW), aep init opt (kW), aep run calc (kW), aep run opt (kW), run time (s), obj func calls, sens func calls
1.630000000000000000e+02 3.000000000000000000e+00 4.000000000000000000e+00 0.000000000000000000e+00 1.017051547171567678e+09 1.017051547171567678e+09 1.157266193497509003e+09 1.157266193497509003e+09 5.105826838016510010e+02 0.000000000000000000e+00 0.000000000000000000e+00
1.630000000000000000e+02 2.750000000000000000e+00 4.000000000000000000e+00 0.000000000000000000e+00 1.017051547171567678e+09 1.017051547171567678e+09 1.157266193497509003e+09 1.157266193497509003e+09 3.472259998321533203e+00 0.000000000000000000e+00 0.000000000000000000e+00
1.630000000000000000e+02 2.500000000000000000e+00 4.000000000000000000e+00 0.000000000000000000e+00 1.017051547171567678e+09 1.017051547171567678e+09 1.157266193497509003e+09 1.157266193497509003e+09 3.472974061965942383e+00 0.000000000000000000e+00 0.000000000000000000e+00
1.630000000000000000e+02 2.250000000000000000e+00 4.000000000000000000e+00 0.000000000000000000e+00 1.017051547171567678e+09 1.017051547171567678e+09 1.157266193497509003e+09 1.157266193497509003e+09 3.458549022674560547e+00 0.000000000000000000e+00 0.000000000000000000e+00
1.630000000000000000e+02 2.000000000000000000e+00 4.000000000000000000e+00 0.000000000000000000e+00 1.017051547171567678e+09 1.017051547171567678e+09 1.157266193497509003e+09 1.157266193497509003e+09 3.560662984848022461e+00 0.000000000000000000e+00 0.000000000000000000e+00
1.630000000000000000e+02 1.750000000000000000e+00 4.000000000000000000e+00 0.000000000000000000e+00 1.017051547171567678e+09 1.017051547171567678e+09 1.157266193497509003e+09 1.157266193497509003e+09 3.451686859130859375e+00 0.000000000000000000e+00 0.000000000000000000e+00
1.630000000000000000e+02 1.500000000000000000e+00 4.000000000000000000e+00 0.000000000000000000e+00 1.017051547171567678e+09 1.017051547171567678e+09 1.157266193497509003e+09 1.157266193497509003e+09 3.451796054840087891e+00 0.000000000000000000e+00 0.000000000000000000e+00
1.630000000000000000e+02 1.250000000000000000e+00 4.000000000000000000e+00 0.000000000000000000e+00 1.017051547171567678e+09 1.017051547171567678e+09 1.157266193497509003e+09 1.157266193497509003e+09 3.480906963348388672e+00 0.000000000000000000e+00 0.000000000000000000e+00
1.630000000000000000e+02 1.000000000000000000e+00 4.000000000000000000e+00 0.000000000000000000e+00 1.017051547171567678e+09 1.017051547171567678e+09 1.157266193497509003e+09 1.157266193497509003e+09 3.483399868011474609e+00 0.000000000000000000e+00 0.000000000000000000e+00
1.630000000000000000e+02 1.000000000000000000e+00 4.000000000000000000e+00 5.000000000000000000e+00 1.017051547171567678e+09 1.017051547171567678e+09 1.157266193497509003e+09 1.157266193497509003e+09 3.544749021530151367e+00 0.000000000000000000e+00 0.000000000000000000e+00
