# run number, exp fac, ti calc, ti opt, aep init calc (kW), aep init opt (kW), aep run calc (kW), aep run opt (kW), run time (s), obj func calls, sens func calls
1.880000000000000000e+02 3.000000000000000000e+00 4.000000000000000000e+00 0.000000000000000000e+00 1.041686449983441591e+09 1.041686449983441591e+09 1.170778228495449066e+09 1.170778228495449066e+09 2.917433748245239258e+02 0.000000000000000000e+00 0.000000000000000000e+00
1.880000000000000000e+02 2.750000000000000000e+00 4.000000000000000000e+00 0.000000000000000000e+00 1.041686449983441591e+09 1.041686449983441591e+09 1.170778228495449066e+09 1.170778228495449066e+09 1.878459930419921875e+00 0.000000000000000000e+00 0.000000000000000000e+00
1.880000000000000000e+02 2.500000000000000000e+00 4.000000000000000000e+00 0.000000000000000000e+00 1.041686449983441591e+09 1.041686449983441591e+09 1.170778228495449066e+09 1.170778228495449066e+09 1.891668081283569336e+00 0.000000000000000000e+00 0.000000000000000000e+00
1.880000000000000000e+02 2.250000000000000000e+00 4.000000000000000000e+00 0.000000000000000000e+00 1.041686449983441591e+09 1.041686449983441591e+09 1.170778228495449066e+09 1.170778228495449066e+09 1.974925041198730469e+00 0.000000000000000000e+00 0.000000000000000000e+00
1.880000000000000000e+02 2.000000000000000000e+00 4.000000000000000000e+00 0.000000000000000000e+00 1.041686449983441591e+09 1.041686449983441591e+09 1.170778228495449066e+09 1.170778228495449066e+09 1.915478944778442383e+00 0.000000000000000000e+00 0.000000000000000000e+00
1.880000000000000000e+02 1.750000000000000000e+00 4.000000000000000000e+00 0.000000000000000000e+00 1.041686449983441591e+09 1.041686449983441591e+09 1.170778228495449066e+09 1.170778228495449066e+09 1.911057949066162109e+00 0.000000000000000000e+00 0.000000000000000000e+00
1.880000000000000000e+02 1.500000000000000000e+00 4.000000000000000000e+00 0.000000000000000000e+00 1.041686449983441591e+09 1.041686449983441591e+09 1.170778228495449066e+09 1.170778228495449066e+09 1.868227958679199219e+00 0.000000000000000000e+00 0.000000000000000000e+00
1.880000000000000000e+02 1.250000000000000000e+00 4.000000000000000000e+00 0.000000000000000000e+00 1.041686449983441591e+09 1.041686449983441591e+09 1.170778228495449066e+09 1.170778228495449066e+09 1.932986974716186523e+00 0.000000000000000000e+00 0.000000000000000000e+00
1.880000000000000000e+02 1.000000000000000000e+00 4.000000000000000000e+00 0.000000000000000000e+00 1.041686449983441591e+09 1.041686449983441591e+09 1.170778228495449066e+09 1.170778228495449066e+09 1.901602983474731445e+00 0.000000000000000000e+00 0.000000000000000000e+00
1.880000000000000000e+02 1.000000000000000000e+00 4.000000000000000000e+00 5.000000000000000000e+00 1.041686449983441591e+09 1.041686449983441591e+09 1.170778228495449066e+09 1.170778228495449066e+09 1.922786951065063477e+00 0.000000000000000000e+00 0.000000000000000000e+00
