# run number, exp fac, ti calc, ti opt, aep init calc (kW), aep init opt (kW), aep run calc (kW), aep run opt (kW), run time (s), obj func calls, sens func calls
1.900000000000000000e+02 3.000000000000000000e+00 4.000000000000000000e+00 0.000000000000000000e+00 1.034665678570132136e+09 1.034665678570132136e+09 1.183767940432580948e+09 1.183767940432580948e+09 3.768541960716247559e+02 0.000000000000000000e+00 0.000000000000000000e+00
1.900000000000000000e+02 2.750000000000000000e+00 4.000000000000000000e+00 0.000000000000000000e+00 1.034665678570132136e+09 1.034665678570132136e+09 1.183767940432580948e+09 1.183767940432580948e+09 1.606903076171875000e+00 0.000000000000000000e+00 0.000000000000000000e+00
1.900000000000000000e+02 2.500000000000000000e+00 4.000000000000000000e+00 0.000000000000000000e+00 1.034665678570132136e+09 1.034665678570132136e+09 1.183767940432580948e+09 1.183767940432580948e+09 1.550611972808837891e+00 0.000000000000000000e+00 0.000000000000000000e+00
1.900000000000000000e+02 2.250000000000000000e+00 4.000000000000000000e+00 0.000000000000000000e+00 1.034665678570132136e+09 1.034665678570132136e+09 1.183767940432580948e+09 1.183767940432580948e+09 1.492964029312133789e+00 0.000000000000000000e+00 0.000000000000000000e+00
1.900000000000000000e+02 2.000000000000000000e+00 4.000000000000000000e+00 0.000000000000000000e+00 1.034665678570132136e+09 1.034665678570132136e+09 1.183767940432580948e+09 1.183767940432580948e+09 1.513164043426513672e+00 0.000000000000000000e+00 0.000000000000000000e+00
1.900000000000000000e+02 1.750000000000000000e+00 4.000000000000000000e+00 0.000000000000000000e+00 1.034665678570132136e+09 1.034665678570132136e+09 1.183767940432580948e+09 1.183767940432580948e+09 1.570697069168090820e+00 0.000000000000000000e+00 0.000000000000000000e+00
1.900000000000000000e+02 1.500000000000000000e+00 4.000000000000000000e+00 0.000000000000000000e+00 1.034665678570132136e+09 1.034665678570132136e+09 1.183767940432580948e+09 1.183767940432580948e+09 1.509917974472045898e+00 0.000000000000000000e+00 0.000000000000000000e+00
1.900000000000000000e+02 1.250000000000000000e+00 4.000000000000000000e+00 0.000000000000000000e+00 1.034665678570132136e+09 1.034665678570132136e+09 1.183767940432580948e+09 1.183767940432580948e+09 1.575790166854858398e+00 0.000000000000000000e+00 0.000000000000000000e+00
1.900000000000000000e+02 1.000000000000000000e+00 4.000000000000000000e+00 0.000000000000000000e+00 1.034665678570132136e+09 1.034665678570132136e+09 1.183767940432580948e+09 1.183767940432580948e+09 1.553848028182983398e+00 0.000000000000000000e+00 0.000000000000000000e+00
1.900000000000000000e+02 1.000000000000000000e+00 4.000000000000000000e+00 5.000000000000000000e+00 1.034665678570132136e+09 1.034665678570132136e+09 1.183767940432580948e+09 1.183767940432580948e+09 1.513144016265869141e+00 0.000000000000000000e+00 0.000000000000000000e+00
