# run number, exp fac, ti calc, ti opt, aep init calc (kW), aep init opt (kW), aep run calc (kW), aep run opt (kW), run time (s), obj func calls, sens func calls
7.700000000000000000e+01 3.000000000000000000e+00 4.000000000000000000e+00 0.000000000000000000e+00 1.022045852058493137e+09 1.022045852058493137e+09 1.169546504457875252e+09 1.169546504457875252e+09 5.652434730529785156e+02 0.000000000000000000e+00 0.000000000000000000e+00
7.700000000000000000e+01 2.750000000000000000e+00 4.000000000000000000e+00 0.000000000000000000e+00 1.022045852058493137e+09 1.022045852058493137e+09 1.169546504457875252e+09 1.169546504457875252e+09 2.635686159133911133e+00 0.000000000000000000e+00 0.000000000000000000e+00
7.700000000000000000e+01 2.500000000000000000e+00 4.000000000000000000e+00 0.000000000000000000e+00 1.022045852058493137e+09 1.022045852058493137e+09 1.169546504457875252e+09 1.169546504457875252e+09 2.623045921325683594e+00 0.000000000000000000e+00 0.000000000000000000e+00
7.700000000000000000e+01 2.250000000000000000e+00 4.000000000000000000e+00 0.000000000000000000e+00 1.022045852058493137e+09 1.022045852058493137e+09 1.169546504457875252e+09 1.169546504457875252e+09 2.678220987319946289e+00 0.000000000000000000e+00 0.000000000000000000e+00
7.700000000000000000e+01 2.000000000000000000e+00 4.000000000000000000e+00 0.000000000000000000e+00 1.022045852058493137e+09 1.022045852058493137e+09 1.169546504457875252e+09 1.169546504457875252e+09 2.663779020309448242e+00 0.000000000000000000e+00 0.000000000000000000e+00
7.700000000000000000e+01 1.750000000000000000e+00 4.000000000000000000e+00 0.000000000000000000e+00 1.022045852058493137e+09 1.022045852058493137e+09 1.169546504457875252e+09 1.169546504457875252e+09 2.502886056900024414e+00 0.000000000000000000e+00 0.000000000000000000e+00
7.700000000000000000e+01 1.500000000000000000e+00 4.000000000000000000e+00 0.000000000000000000e+00 1.022045852058493137e+09 1.022045852058493137e+09 1.169546504457875252e+09 1.169546504457875252e+09 2.568892002105712891e+00 0.000000000000000000e+00 0.000000000000000000e+00
7.700000000000000000e+01 1.250000000000000000e+00 4.000000000000000000e+00 0.000000000000000000e+00 1.022045852058493137e+09 1.022045852058493137e+09 1.169546504457875252e+09 1.169546504457875252e+09 2.586066007614135742e+00 0.000000000000000000e+00 0.000000000000000000e+00
7.700000000000000000e+01 1.000000000000000000e+00 4.000000000000000000e+00 0.000000000000000000e+00 1.022045852058493137e+09 1.022045852058493137e+09 1.169546504457875252e+09 1.169546504457875252e+09 2.668143033981323242e+00 0.000000000000000000e+00 0.000000000000000000e+00
7.700000000000000000e+01 1.000000000000000000e+00 4.000000000000000000e+00 5.000000000000000000e+00 1.022045852058493137e+09 1.022045852058493137e+09 1.169546504457875252e+09 1.169546504457875252e+09 2.668814182281494141e+00 0.000000000000000000e+00 0.000000000000000000e+00
