# run number, exp fac, ti calc, ti opt, aep init calc (kW), aep init opt (kW), aep run calc (kW), aep run opt (kW), run time (s), obj func calls, sens func calls
1.350000000000000000e+02 3.000000000000000000e+00 4.000000000000000000e+00 0.000000000000000000e+00 1.049662582091972351e+09 1.049662582091972351e+09 1.159186036624385834e+09 1.159186036624385834e+09 8.282881968021392822e+02 0.000000000000000000e+00 0.000000000000000000e+00
1.350000000000000000e+02 2.750000000000000000e+00 4.000000000000000000e+00 0.000000000000000000e+00 1.049662582091972351e+09 1.049662582091972351e+09 1.159186036624385834e+09 1.159186036624385834e+09 3.444542884826660156e+00 0.000000000000000000e+00 0.000000000000000000e+00
1.350000000000000000e+02 2.500000000000000000e+00 4.000000000000000000e+00 0.000000000000000000e+00 1.049662582091972351e+09 1.049662582091972351e+09 1.159186036624385834e+09 1.159186036624385834e+09 3.423612117767333984e+00 0.000000000000000000e+00 0.000000000000000000e+00
1.350000000000000000e+02 2.250000000000000000e+00 4.000000000000000000e+00 0.000000000000000000e+00 1.049662582091972351e+09 1.049662582091972351e+09 1.159186036624385834e+09 1.159186036624385834e+09 3.424671888351440430e+00 0.000000000000000000e+00 0.000000000000000000e+00
1.350000000000000000e+02 2.000000000000000000e+00 4.000000000000000000e+00 0.000000000000000000e+00 1.049662582091972351e+09 1.049662582091972351e+09 1.159186036624385834e+09 1.159186036624385834e+09 3.587246894836425781e+00 0.000000000000000000e+00 0.000000000000000000e+00
1.350000000000000000e+02 1.750000000000000000e+00 4.000000000000000000e+00 0.000000000000000000e+00 1.049662582091972351e+09 1.049662582091972351e+09 1.159186036624385834e+09 1.159186036624385834e+09 3.610133886337280273e+00 0.000000000000000000e+00 0.000000000000000000e+00
1.350000000000000000e+02 1.500000000000000000e+00 4.000000000000000000e+00 0.000000000000000000e+00 1.049662582091972351e+09 1.049662582091972351e+09 1.159186036624385834e+09 1.159186036624385834e+09 3.575296163558959961e+00 0.000000000000000000e+00 0.000000000000000000e+00
1.350000000000000000e+02 1.250000000000000000e+00 4.000000000000000000e+00 0.000000000000000000e+00 1.049662582091972351e+09 1.049662582091972351e+09 1.159186036624385834e+09 1.159186036624385834e+09 3.608498811721801758e+00 0.000000000000000000e+00 0.000000000000000000e+00
1.350000000000000000e+02 1.000000000000000000e+00 4.000000000000000000e+00 0.000000000000000000e+00 1.049662582091972351e+09 1.049662582091972351e+09 1.159186036624385834e+09 1.159186036624385834e+09 3.580251932144165039e+00 0.000000000000000000e+00 0.000000000000000000e+00
1.350000000000000000e+02 1.000000000000000000e+00 4.000000000000000000e+00 5.000000000000000000e+00 1.049662582091972351e+09 1.049662582091972351e+09 1.159186036624385834e+09 1.159186036624385834e+09 3.538033962249755859e+00 0.000000000000000000e+00 0.000000000000000000e+00
