# run number, exp fac, ti calc, ti opt, aep init calc (kW), aep init opt (kW), aep run calc (kW), aep run opt (kW), run time (s), obj func calls, sens func calls
1.190000000000000000e+02 3.000000000000000000e+00 4.000000000000000000e+00 0.000000000000000000e+00 1.006400367647673726e+09 1.006400367647673726e+09 1.153830941788165808e+09 1.153830941788165808e+09 5.813880918025970459e+02 0.000000000000000000e+00 0.000000000000000000e+00
1.190000000000000000e+02 2.750000000000000000e+00 4.000000000000000000e+00 0.000000000000000000e+00 1.006400367647673726e+09 1.006400367647673726e+09 1.153830941788165808e+09 1.153830941788165808e+09 1.682352066040039062e+00 0.000000000000000000e+00 0.000000000000000000e+00
1.190000000000000000e+02 2.500000000000000000e+00 4.000000000000000000e+00 0.000000000000000000e+00 1.006400367647673726e+09 1.006400367647673726e+09 1.153830941788165808e+09 1.153830941788165808e+09 1.713228940963745117e+00 0.000000000000000000e+00 0.000000000000000000e+00
1.190000000000000000e+02 2.250000000000000000e+00 4.000000000000000000e+00 0.000000000000000000e+00 1.006400367647673726e+09 1.006400367647673726e+09 1.153830941788165808e+09 1.153830941788165808e+09 1.595495939254760742e+00 0.000000000000000000e+00 0.000000000000000000e+00
1.190000000000000000e+02 2.000000000000000000e+00 4.000000000000000000e+00 0.000000000000000000e+00 1.006400367647673726e+09 1.006400367647673726e+09 1.153830941788165808e+09 1.153830941788165808e+09 1.798943996429443359e+00 0.000000000000000000e+00 0.000000000000000000e+00
1.190000000000000000e+02 1.750000000000000000e+00 4.000000000000000000e+00 0.000000000000000000e+00 1.006400367647673726e+09 1.006400367647673726e+09 1.153830941788165808e+09 1.153830941788165808e+09 1.585559129714965820e+00 0.000000000000000000e+00 0.000000000000000000e+00
1.190000000000000000e+02 1.500000000000000000e+00 4.000000000000000000e+00 0.000000000000000000e+00 1.006400367647673726e+09 1.006400367647673726e+09 1.153830941788165808e+09 1.153830941788165808e+09 1.513666152954101562e+00 0.000000000000000000e+00 0.000000000000000000e+00
1.190000000000000000e+02 1.250000000000000000e+00 4.000000000000000000e+00 0.000000000000000000e+00 1.006400367647673726e+09 1.006400367647673726e+09 1.153830941788165808e+09 1.153830941788165808e+09 1.538023948669433594e+00 0.000000000000000000e+00 0.000000000000000000e+00
1.190000000000000000e+02 1.000000000000000000e+00 4.000000000000000000e+00 0.000000000000000000e+00 1.006400367647673726e+09 1.006400367647673726e+09 1.153830941788165808e+09 1.153830941788165808e+09 1.570714950561523438e+00 0.000000000000000000e+00 0.000000000000000000e+00
1.190000000000000000e+02 1.000000000000000000e+00 4.000000000000000000e+00 5.000000000000000000e+00 1.006400367647673726e+09 1.006400367647673726e+09 1.153830941788165808e+09 1.153830941788165808e+09 1.686841964721679688e+00 0.000000000000000000e+00 0.000000000000000000e+00
