# run number, exp fac, ti calc, ti opt, aep init calc (kW), aep init opt (kW), aep run calc (kW), aep run opt (kW), run time (s), obj func calls, sens func calls
3.200000000000000000e+01 3.000000000000000000e+00 4.000000000000000000e+00 0.000000000000000000e+00 1.008042337212500572e+09 1.008042337212500572e+09 1.158481270006300449e+09 1.158481270006300449e+09 4.118952798843383789e+02 0.000000000000000000e+00 0.000000000000000000e+00
3.200000000000000000e+01 2.750000000000000000e+00 4.000000000000000000e+00 0.000000000000000000e+00 1.008042337212500572e+09 1.008042337212500572e+09 1.158481270006300449e+09 1.158481270006300449e+09 1.630962133407592773e+00 0.000000000000000000e+00 0.000000000000000000e+00
3.200000000000000000e+01 2.500000000000000000e+00 4.000000000000000000e+00 0.000000000000000000e+00 1.008042337212500572e+09 1.008042337212500572e+09 1.158481270006300449e+09 1.158481270006300449e+09 1.676729917526245117e+00 0.000000000000000000e+00 0.000000000000000000e+00
3.200000000000000000e+01 2.250000000000000000e+00 4.000000000000000000e+00 0.000000000000000000e+00 1.008042337212500572e+09 1.008042337212500572e+09 1.158481270006300449e+09 1.158481270006300449e+09 1.513633966445922852e+00 0.000000000000000000e+00 0.000000000000000000e+00
3.200000000000000000e+01 2.000000000000000000e+00 4.000000000000000000e+00 0.000000000000000000e+00 1.008042337212500572e+09 1.008042337212500572e+09 1.158481270006300449e+09 1.158481270006300449e+09 1.549231767654418945e+00 0.000000000000000000e+00 0.000000000000000000e+00
3.200000000000000000e+01 1.750000000000000000e+00 4.000000000000000000e+00 0.000000000000000000e+00 1.008042337212500572e+09 1.008042337212500572e+09 1.158481270006300449e+09 1.158481270006300449e+09 1.539164066314697266e+00 0.000000000000000000e+00 0.000000000000000000e+00
3.200000000000000000e+01 1.500000000000000000e+00 4.000000000000000000e+00 0.000000000000000000e+00 1.008042337212500572e+09 1.008042337212500572e+09 1.158481270006300449e+09 1.158481270006300449e+09 1.533673048019409180e+00 0.000000000000000000e+00 0.000000000000000000e+00
3.200000000000000000e+01 1.250000000000000000e+00 4.000000000000000000e+00 0.000000000000000000e+00 1.008042337212500572e+09 1.008042337212500572e+09 1.158481270006300449e+09 1.158481270006300449e+09 1.553253173828125000e+00 0.000000000000000000e+00 0.000000000000000000e+00
3.200000000000000000e+01 1.000000000000000000e+00 4.000000000000000000e+00 0.000000000000000000e+00 1.008042337212500572e+09 1.008042337212500572e+09 1.158481270006300449e+09 1.158481270006300449e+09 1.560301065444946289e+00 0.000000000000000000e+00 0.000000000000000000e+00
3.200000000000000000e+01 1.000000000000000000e+00 4.000000000000000000e+00 5.000000000000000000e+00 1.008042337212500572e+09 1.008042337212500572e+09 1.158481270006300449e+09 1.158481270006300449e+09 1.553944110870361328e+00 0.000000000000000000e+00 0.000000000000000000e+00
