# run number, exp fac, ti calc, ti opt, aep init calc (kW), aep init opt (kW), aep run calc (kW), aep run opt (kW), run time (s), obj func calls, sens func calls
6.900000000000000000e+01 3.000000000000000000e+00 4.000000000000000000e+00 0.000000000000000000e+00 1.004316925869160295e+09 1.004316925869160295e+09 1.174326440124135971e+09 1.174326440124135971e+09 5.401262311935424805e+02 0.000000000000000000e+00 0.000000000000000000e+00
6.900000000000000000e+01 2.750000000000000000e+00 4.000000000000000000e+00 0.000000000000000000e+00 1.004316925869160295e+09 1.004316925869160295e+09 1.174326440124135971e+09 1.174326440124135971e+09 2.491443872451782227e+00 0.000000000000000000e+00 0.000000000000000000e+00
6.900000000000000000e+01 2.500000000000000000e+00 4.000000000000000000e+00 0.000000000000000000e+00 1.004316925869160295e+09 1.004316925869160295e+09 1.174326440124135971e+09 1.174326440124135971e+09 2.117907047271728516e+00 0.000000000000000000e+00 0.000000000000000000e+00
6.900000000000000000e+01 2.250000000000000000e+00 4.000000000000000000e+00 0.000000000000000000e+00 1.004316925869160295e+09 1.004316925869160295e+09 1.174326440124135971e+09 1.174326440124135971e+09 2.440182924270629883e+00 0.000000000000000000e+00 0.000000000000000000e+00
6.900000000000000000e+01 2.000000000000000000e+00 4.000000000000000000e+00 0.000000000000000000e+00 1.004316925869160295e+09 1.004316925869160295e+09 1.174326440124135971e+09 1.174326440124135971e+09 2.274749040603637695e+00 0.000000000000000000e+00 0.000000000000000000e+00
6.900000000000000000e+01 1.750000000000000000e+00 4.000000000000000000e+00 0.000000000000000000e+00 1.004316925869160295e+09 1.004316925869160295e+09 1.174326440124135971e+09 1.174326440124135971e+09 2.153732061386108398e+00 0.000000000000000000e+00 0.000000000000000000e+00
6.900000000000000000e+01 1.500000000000000000e+00 4.000000000000000000e+00 0.000000000000000000e+00 1.004316925869160295e+09 1.004316925869160295e+09 1.174326440124135971e+09 1.174326440124135971e+09 2.143416166305541992e+00 0.000000000000000000e+00 0.000000000000000000e+00
6.900000000000000000e+01 1.250000000000000000e+00 4.000000000000000000e+00 0.000000000000000000e+00 1.004316925869160295e+09 1.004316925869160295e+09 1.174326440124135971e+09 1.174326440124135971e+09 2.221076965332031250e+00 0.000000000000000000e+00 0.000000000000000000e+00
6.900000000000000000e+01 1.000000000000000000e+00 4.000000000000000000e+00 0.000000000000000000e+00 1.004316925869160295e+09 1.004316925869160295e+09 1.174326440124135971e+09 1.174326440124135971e+09 1.871501207351684570e+00 0.000000000000000000e+00 0.000000000000000000e+00
6.900000000000000000e+01 1.000000000000000000e+00 4.000000000000000000e+00 5.000000000000000000e+00 1.004316925869160295e+09 1.004316925869160295e+09 1.174326440124135971e+09 1.174326440124135971e+09 2.355607032775878906e+00 0.000000000000000000e+00 0.000000000000000000e+00
