# run number, exp fac, ti calc, ti opt, aep init calc (kW), aep init opt (kW), aep run calc (kW), aep run opt (kW), run time (s), obj func calls, sens func calls
9.800000000000000000e+01 3.000000000000000000e+00 4.000000000000000000e+00 0.000000000000000000e+00 1.010413215913432240e+09 1.010413215913432240e+09 1.169546729076277494e+09 1.169546729076277494e+09 1.058668898105621338e+03 0.000000000000000000e+00 0.000000000000000000e+00
9.800000000000000000e+01 2.750000000000000000e+00 4.000000000000000000e+00 0.000000000000000000e+00 1.010413215913432240e+09 1.010413215913432240e+09 1.169546729076277494e+09 1.169546729076277494e+09 2.759232044219970703e+00 0.000000000000000000e+00 0.000000000000000000e+00
9.800000000000000000e+01 2.500000000000000000e+00 4.000000000000000000e+00 0.000000000000000000e+00 1.010413215913432240e+09 1.010413215913432240e+09 1.169546729076277494e+09 1.169546729076277494e+09 2.576775074005126953e+00 0.000000000000000000e+00 0.000000000000000000e+00
9.800000000000000000e+01 2.250000000000000000e+00 4.000000000000000000e+00 0.000000000000000000e+00 1.010413215913432240e+09 1.010413215913432240e+09 1.169546729076277494e+09 1.169546729076277494e+09 2.853274106979370117e+00 0.000000000000000000e+00 0.000000000000000000e+00
9.800000000000000000e+01 2.000000000000000000e+00 4.000000000000000000e+00 0.000000000000000000e+00 1.010413215913432240e+09 1.010413215913432240e+09 1.169546729076277494e+09 1.169546729076277494e+09 2.715963840484619141e+00 0.000000000000000000e+00 0.000000000000000000e+00
9.800000000000000000e+01 1.750000000000000000e+00 4.000000000000000000e+00 0.000000000000000000e+00 1.010413215913432240e+09 1.010413215913432240e+09 1.169546729076277494e+09 1.169546729076277494e+09 2.597816944122314453e+00 0.000000000000000000e+00 0.000000000000000000e+00
9.800000000000000000e+01 1.500000000000000000e+00 4.000000000000000000e+00 0.000000000000000000e+00 1.010413215913432240e+09 1.010413215913432240e+09 1.169546729076277494e+09 1.169546729076277494e+09 2.736475944519042969e+00 0.000000000000000000e+00 0.000000000000000000e+00
9.800000000000000000e+01 1.250000000000000000e+00 4.000000000000000000e+00 0.000000000000000000e+00 1.010413215913432240e+09 1.010413215913432240e+09 1.169546729076277494e+09 1.169546729076277494e+09 2.576591014862060547e+00 0.000000000000000000e+00 0.000000000000000000e+00
9.800000000000000000e+01 1.000000000000000000e+00 4.000000000000000000e+00 0.000000000000000000e+00 1.010413215913432240e+09 1.010413215913432240e+09 1.169546729076277494e+09 1.169546729076277494e+09 2.836699008941650391e+00 0.000000000000000000e+00 0.000000000000000000e+00
9.800000000000000000e+01 1.000000000000000000e+00 4.000000000000000000e+00 5.000000000000000000e+00 1.010413215913432240e+09 1.010413215913432240e+09 1.169546729076277494e+09 1.169546729076277494e+09 2.628606796264648438e+00 0.000000000000000000e+00 0.000000000000000000e+00
