# run number, exp fac, ti calc, ti opt, aep init calc (kW), aep init opt (kW), aep run calc (kW), aep run opt (kW), run time (s), obj func calls, sens func calls
3.300000000000000000e+01 3.000000000000000000e+00 4.000000000000000000e+00 0.000000000000000000e+00 9.956176140390877724e+08 9.956176140390877724e+08 1.167938827687462568e+09 1.167938827687462568e+09 4.918153159618377686e+02 0.000000000000000000e+00 0.000000000000000000e+00
3.300000000000000000e+01 2.750000000000000000e+00 4.000000000000000000e+00 0.000000000000000000e+00 9.956176140390877724e+08 9.956176140390877724e+08 1.167938827687462568e+09 1.167938827687462568e+09 2.761008977890014648e+00 0.000000000000000000e+00 0.000000000000000000e+00
3.300000000000000000e+01 2.500000000000000000e+00 4.000000000000000000e+00 0.000000000000000000e+00 9.956176140390877724e+08 9.956176140390877724e+08 1.167938827687462568e+09 1.167938827687462568e+09 2.684497117996215820e+00 0.000000000000000000e+00 0.000000000000000000e+00
3.300000000000000000e+01 2.250000000000000000e+00 4.000000000000000000e+00 0.000000000000000000e+00 9.956176140390877724e+08 9.956176140390877724e+08 1.167938827687462568e+09 1.167938827687462568e+09 2.654947996139526367e+00 0.000000000000000000e+00 0.000000000000000000e+00
3.300000000000000000e+01 2.000000000000000000e+00 4.000000000000000000e+00 0.000000000000000000e+00 9.956176140390877724e+08 9.956176140390877724e+08 1.167938827687462568e+09 1.167938827687462568e+09 2.705803155899047852e+00 0.000000000000000000e+00 0.000000000000000000e+00
3.300000000000000000e+01 1.750000000000000000e+00 4.000000000000000000e+00 0.000000000000000000e+00 9.956176140390877724e+08 9.956176140390877724e+08 1.167938827687462568e+09 1.167938827687462568e+09 2.659667015075683594e+00 0.000000000000000000e+00 0.000000000000000000e+00
3.300000000000000000e+01 1.500000000000000000e+00 4.000000000000000000e+00 0.000000000000000000e+00 9.956176140390877724e+08 9.956176140390877724e+08 1.167938827687462568e+09 1.167938827687462568e+09 2.667634010314941406e+00 0.000000000000000000e+00 0.000000000000000000e+00
3.300000000000000000e+01 1.250000000000000000e+00 4.000000000000000000e+00 0.000000000000000000e+00 9.956176140390877724e+08 9.956176140390877724e+08 1.167938827687462568e+09 1.167938827687462568e+09 2.718491077423095703e+00 0.000000000000000000e+00 0.000000000000000000e+00
3.300000000000000000e+01 1.000000000000000000e+00 4.000000000000000000e+00 0.000000000000000000e+00 9.956176140390877724e+08 9.956176140390877724e+08 1.167938827687462568e+09 1.167938827687462568e+09 2.682333230972290039e+00 0.000000000000000000e+00 0.000000000000000000e+00
3.300000000000000000e+01 1.000000000000000000e+00 4.000000000000000000e+00 5.000000000000000000e+00 9.956176140390877724e+08 9.956176140390877724e+08 1.167938827687462568e+09 1.167938827687462568e+09 2.675151109695434570e+00 0.000000000000000000e+00 0.000000000000000000e+00
