# run number, exp fac, ti calc, ti opt, aep init calc (kW), aep init opt (kW), aep run calc (kW), aep run opt (kW), run time (s), obj func calls, sens func calls
1.170000000000000000e+02 3.000000000000000000e+00 4.000000000000000000e+00 0.000000000000000000e+00 1.001285032145762563e+09 1.001285032145762563e+09 1.164259846712326050e+09 1.164259846712326050e+09 2.216707876920700073e+03 0.000000000000000000e+00 0.000000000000000000e+00
1.170000000000000000e+02 2.750000000000000000e+00 4.000000000000000000e+00 0.000000000000000000e+00 1.001285032145762563e+09 1.001285032145762563e+09 1.164259846712326050e+09 1.164259846712326050e+09 2.549812078475952148e+00 0.000000000000000000e+00 0.000000000000000000e+00
1.170000000000000000e+02 2.500000000000000000e+00 4.000000000000000000e+00 0.000000000000000000e+00 1.001285032145762563e+09 1.001285032145762563e+09 1.164259846712326050e+09 1.164259846712326050e+09 2.649459123611450195e+00 0.000000000000000000e+00 0.000000000000000000e+00
1.170000000000000000e+02 2.250000000000000000e+00 4.000000000000000000e+00 0.000000000000000000e+00 1.001285032145762563e+09 1.001285032145762563e+09 1.164259846712326050e+09 1.164259846712326050e+09 2.595861911773681641e+00 0.000000000000000000e+00 0.000000000000000000e+00
1.170000000000000000e+02 2.000000000000000000e+00 4.000000000000000000e+00 0.000000000000000000e+00 1.001285032145762563e+09 1.001285032145762563e+09 1.164259846712326050e+09 1.164259846712326050e+09 2.651319026947021484e+00 0.000000000000000000e+00 0.000000000000000000e+00
1.170000000000000000e+02 1.750000000000000000e+00 4.000000000000000000e+00 0.000000000000000000e+00 1.001285032145762563e+09 1.001285032145762563e+09 1.164259846712326050e+09 1.164259846712326050e+09 2.613765954971313477e+00 0.000000000000000000e+00 0.000000000000000000e+00
1.170000000000000000e+02 1.500000000000000000e+00 4.000000000000000000e+00 0.000000000000000000e+00 1.001285032145762563e+09 1.001285032145762563e+09 1.164259846712326050e+09 1.164259846712326050e+09 2.571540117263793945e+00 0.000000000000000000e+00 0.000000000000000000e+00
1.170000000000000000e+02 1.250000000000000000e+00 4.000000000000000000e+00 0.000000000000000000e+00 1.001285032145762563e+09 1.001285032145762563e+09 1.164259846712326050e+09 1.164259846712326050e+09 2.586277961730957031e+00 0.000000000000000000e+00 0.000000000000000000e+00
1.170000000000000000e+02 1.000000000000000000e+00 4.000000000000000000e+00 0.000000000000000000e+00 1.001285032145762563e+09 1.001285032145762563e+09 1.164259846712326050e+09 1.164259846712326050e+09 2.641383886337280273e+00 0.000000000000000000e+00 0.000000000000000000e+00
1.170000000000000000e+02 1.000000000000000000e+00 4.000000000000000000e+00 5.000000000000000000e+00 1.001285032145762563e+09 1.001285032145762563e+09 1.164259846712326050e+09 1.164259846712326050e+09 2.611840963363647461e+00 0.000000000000000000e+00 0.000000000000000000e+00
