# run number, exp fac, ti calc, ti opt, aep init calc (kW), aep init opt (kW), aep run calc (kW), aep run opt (kW), run time (s), obj func calls, sens func calls
1.070000000000000000e+02 3.000000000000000000e+00 4.000000000000000000e+00 0.000000000000000000e+00 1.026219747226666689e+09 1.026219747226666689e+09 1.152776894842062235e+09 1.152776894842062235e+09 1.191287727117538452e+03 0.000000000000000000e+00 0.000000000000000000e+00
1.070000000000000000e+02 2.750000000000000000e+00 4.000000000000000000e+00 0.000000000000000000e+00 1.026219747226666689e+09 1.026219747226666689e+09 1.152776894842062235e+09 1.152776894842062235e+09 2.496253013610839844e+00 0.000000000000000000e+00 0.000000000000000000e+00
1.070000000000000000e+02 2.500000000000000000e+00 4.000000000000000000e+00 0.000000000000000000e+00 1.026219747226666689e+09 1.026219747226666689e+09 1.152776894842062235e+09 1.152776894842062235e+09 2.664345979690551758e+00 0.000000000000000000e+00 0.000000000000000000e+00
1.070000000000000000e+02 2.250000000000000000e+00 4.000000000000000000e+00 0.000000000000000000e+00 1.026219747226666689e+09 1.026219747226666689e+09 1.152776894842062235e+09 1.152776894842062235e+09 2.504354000091552734e+00 0.000000000000000000e+00 0.000000000000000000e+00
1.070000000000000000e+02 2.000000000000000000e+00 4.000000000000000000e+00 0.000000000000000000e+00 1.026219747226666689e+09 1.026219747226666689e+09 1.152776894842062235e+09 1.152776894842062235e+09 2.592962980270385742e+00 0.000000000000000000e+00 0.000000000000000000e+00
1.070000000000000000e+02 1.750000000000000000e+00 4.000000000000000000e+00 0.000000000000000000e+00 1.026219747226666689e+09 1.026219747226666689e+09 1.152776894842062235e+09 1.152776894842062235e+09 2.636718988418579102e+00 0.000000000000000000e+00 0.000000000000000000e+00
1.070000000000000000e+02 1.500000000000000000e+00 4.000000000000000000e+00 0.000000000000000000e+00 1.026219747226666689e+09 1.026219747226666689e+09 1.152776894842062235e+09 1.152776894842062235e+09 2.559223890304565430e+00 0.000000000000000000e+00 0.000000000000000000e+00
1.070000000000000000e+02 1.250000000000000000e+00 4.000000000000000000e+00 0.000000000000000000e+00 1.026219747226666689e+09 1.026219747226666689e+09 1.152776894842062235e+09 1.152776894842062235e+09 2.771481990814208984e+00 0.000000000000000000e+00 0.000000000000000000e+00
1.070000000000000000e+02 1.000000000000000000e+00 4.000000000000000000e+00 0.000000000000000000e+00 1.026219747226666689e+09 1.026219747226666689e+09 1.152776894842062235e+09 1.152776894842062235e+09 2.509141921997070312e+00 0.000000000000000000e+00 0.000000000000000000e+00
1.070000000000000000e+02 1.000000000000000000e+00 4.000000000000000000e+00 5.000000000000000000e+00 1.026219747226666689e+09 1.026219747226666689e+09 1.152776894842062235e+09 1.152776894842062235e+09 2.603789806365966797e+00 0.000000000000000000e+00 0.000000000000000000e+00
