# run number, exp fac, ti calc, ti opt, aep init calc (kW), aep init opt (kW), aep run calc (kW), aep run opt (kW), run time (s), obj func calls, sens func calls
7.100000000000000000e+01 3.000000000000000000e+00 4.000000000000000000e+00 0.000000000000000000e+00 9.774892474842673540e+08 9.774892474842673540e+08 1.153775096406287432e+09 1.153775096406287432e+09 4.647253229618072510e+02 0.000000000000000000e+00 0.000000000000000000e+00
7.100000000000000000e+01 2.750000000000000000e+00 4.000000000000000000e+00 0.000000000000000000e+00 9.774892474842673540e+08 9.774892474842673540e+08 1.153775096406287432e+09 1.153775096406287432e+09 2.894944906234741211e+00 0.000000000000000000e+00 0.000000000000000000e+00
7.100000000000000000e+01 2.500000000000000000e+00 4.000000000000000000e+00 0.000000000000000000e+00 9.774892474842673540e+08 9.774892474842673540e+08 1.153775096406287432e+09 1.153775096406287432e+09 2.911524772644042969e+00 0.000000000000000000e+00 0.000000000000000000e+00
7.100000000000000000e+01 2.250000000000000000e+00 4.000000000000000000e+00 0.000000000000000000e+00 9.774892474842673540e+08 9.774892474842673540e+08 1.153775096406287432e+09 1.153775096406287432e+09 2.877473115921020508e+00 0.000000000000000000e+00 0.000000000000000000e+00
7.100000000000000000e+01 2.000000000000000000e+00 4.000000000000000000e+00 0.000000000000000000e+00 9.774892474842673540e+08 9.774892474842673540e+08 1.153775096406287432e+09 1.153775096406287432e+09 2.941630125045776367e+00 0.000000000000000000e+00 0.000000000000000000e+00
7.100000000000000000e+01 1.750000000000000000e+00 4.000000000000000000e+00 0.000000000000000000e+00 9.774892474842673540e+08 9.774892474842673540e+08 1.153775096406287432e+09 1.153775096406287432e+09 2.905958175659179688e+00 0.000000000000000000e+00 0.000000000000000000e+00
7.100000000000000000e+01 1.500000000000000000e+00 4.000000000000000000e+00 0.000000000000000000e+00 9.774892474842673540e+08 9.774892474842673540e+08 1.153775096406287432e+09 1.153775096406287432e+09 2.888449907302856445e+00 0.000000000000000000e+00 0.000000000000000000e+00
7.100000000000000000e+01 1.250000000000000000e+00 4.000000000000000000e+00 0.000000000000000000e+00 9.774892474842673540e+08 9.774892474842673540e+08 1.153775096406287432e+09 1.153775096406287432e+09 2.862548112869262695e+00 0.000000000000000000e+00 0.000000000000000000e+00
7.100000000000000000e+01 1.000000000000000000e+00 4.000000000000000000e+00 0.000000000000000000e+00 9.774892474842673540e+08 9.774892474842673540e+08 1.153775096406287432e+09 1.153775096406287432e+09 2.903393983840942383e+00 0.000000000000000000e+00 0.000000000000000000e+00
7.100000000000000000e+01 1.000000000000000000e+00 4.000000000000000000e+00 5.000000000000000000e+00 9.774892474842673540e+08 9.774892474842673540e+08 1.153775096406287432e+09 1.153775096406287432e+09 2.970339059829711914e+00 0.000000000000000000e+00 0.000000000000000000e+00
