# run number, exp fac, ti calc, ti opt, aep init calc (kW), aep init opt (kW), aep run calc (kW), aep run opt (kW), run time (s), obj func calls, sens func calls
3.400000000000000000e+01 3.000000000000000000e+00 4.000000000000000000e+00 0.000000000000000000e+00 1.006191034252335906e+09 1.006191034252335906e+09 1.156496458517937422e+09 1.156496458517937422e+09 4.555010690689086914e+02 0.000000000000000000e+00 0.000000000000000000e+00
3.400000000000000000e+01 2.750000000000000000e+00 4.000000000000000000e+00 0.000000000000000000e+00 1.006191034252335906e+09 1.006191034252335906e+09 1.156496458517937422e+09 1.156496458517937422e+09 3.322146177291870117e+00 0.000000000000000000e+00 0.000000000000000000e+00
3.400000000000000000e+01 2.500000000000000000e+00 4.000000000000000000e+00 0.000000000000000000e+00 1.006191034252335906e+09 1.006191034252335906e+09 1.156496458517937422e+09 1.156496458517937422e+09 2.929556131362915039e+00 0.000000000000000000e+00 0.000000000000000000e+00
3.400000000000000000e+01 2.250000000000000000e+00 4.000000000000000000e+00 0.000000000000000000e+00 1.006191034252335906e+09 1.006191034252335906e+09 1.156496458517937422e+09 1.156496458517937422e+09 2.553272008895874023e+00 0.000000000000000000e+00 0.000000000000000000e+00
3.400000000000000000e+01 2.000000000000000000e+00 4.000000000000000000e+00 0.000000000000000000e+00 1.006191034252335906e+09 1.006191034252335906e+09 1.156496458517937422e+09 1.156496458517937422e+09 2.732275009155273438e+00 0.000000000000000000e+00 0.000000000000000000e+00
3.400000000000000000e+01 1.750000000000000000e+00 4.000000000000000000e+00 0.000000000000000000e+00 1.006191034252335906e+09 1.006191034252335906e+09 1.156496458517937422e+09 1.156496458517937422e+09 2.705116987228393555e+00 0.000000000000000000e+00 0.000000000000000000e+00
3.400000000000000000e+01 1.500000000000000000e+00 4.000000000000000000e+00 0.000000000000000000e+00 1.006191034252335906e+09 1.006191034252335906e+09 1.156496458517937422e+09 1.156496458517937422e+09 2.871831178665161133e+00 0.000000000000000000e+00 0.000000000000000000e+00
3.400000000000000000e+01 1.250000000000000000e+00 4.000000000000000000e+00 0.000000000000000000e+00 1.006191034252335906e+09 1.006191034252335906e+09 1.156496458517937422e+09 1.156496458517937422e+09 2.604835987091064453e+00 0.000000000000000000e+00 0.000000000000000000e+00
3.400000000000000000e+01 1.000000000000000000e+00 4.000000000000000000e+00 0.000000000000000000e+00 1.006191034252335906e+09 1.006191034252335906e+09 1.156496458517937422e+09 1.156496458517937422e+09 2.684517145156860352e+00 0.000000000000000000e+00 0.000000000000000000e+00
3.400000000000000000e+01 1.000000000000000000e+00 4.000000000000000000e+00 5.000000000000000000e+00 1.006191034252335906e+09 1.006191034252335906e+09 1.156496458517937422e+09 1.156496458517937422e+09 2.579990148544311523e+00 0.000000000000000000e+00 0.000000000000000000e+00
