# run number, exp fac, ti calc, ti opt, aep init calc (kW), aep init opt (kW), aep run calc (kW), aep run opt (kW), run time (s), obj func calls, sens func calls
6.000000000000000000e+01 3.000000000000000000e+00 4.000000000000000000e+00 0.000000000000000000e+00 1.010660232868764162e+09 1.010660232868764162e+09 1.144097496055000067e+09 1.144097496055000067e+09 6.337659499645233154e+02 0.000000000000000000e+00 0.000000000000000000e+00
6.000000000000000000e+01 2.750000000000000000e+00 4.000000000000000000e+00 0.000000000000000000e+00 1.010660232868764162e+09 1.010660232868764162e+09 1.144097496055000067e+09 1.144097496055000067e+09 2.483682155609130859e+00 0.000000000000000000e+00 0.000000000000000000e+00
6.000000000000000000e+01 2.500000000000000000e+00 4.000000000000000000e+00 0.000000000000000000e+00 1.010660232868764162e+09 1.010660232868764162e+09 1.144097496055000067e+09 1.144097496055000067e+09 2.439601898193359375e+00 0.000000000000000000e+00 0.000000000000000000e+00
6.000000000000000000e+01 2.250000000000000000e+00 4.000000000000000000e+00 0.000000000000000000e+00 1.010660232868764162e+09 1.010660232868764162e+09 1.144097496055000067e+09 1.144097496055000067e+09 2.473280191421508789e+00 0.000000000000000000e+00 0.000000000000000000e+00
6.000000000000000000e+01 2.000000000000000000e+00 4.000000000000000000e+00 0.000000000000000000e+00 1.010660232868764162e+09 1.010660232868764162e+09 1.144097496055000067e+09 1.144097496055000067e+09 2.516355037689208984e+00 0.000000000000000000e+00 0.000000000000000000e+00
6.000000000000000000e+01 1.750000000000000000e+00 4.000000000000000000e+00 0.000000000000000000e+00 1.010660232868764162e+09 1.010660232868764162e+09 1.144097496055000067e+09 1.144097496055000067e+09 2.575778961181640625e+00 0.000000000000000000e+00 0.000000000000000000e+00
6.000000000000000000e+01 1.500000000000000000e+00 4.000000000000000000e+00 0.000000000000000000e+00 1.010660232868764162e+09 1.010660232868764162e+09 1.144097496055000067e+09 1.144097496055000067e+09 2.502708911895751953e+00 0.000000000000000000e+00 0.000000000000000000e+00
6.000000000000000000e+01 1.250000000000000000e+00 4.000000000000000000e+00 0.000000000000000000e+00 1.010660232868764162e+09 1.010660232868764162e+09 1.144097496055000067e+09 1.144097496055000067e+09 2.585871219635009766e+00 0.000000000000000000e+00 0.000000000000000000e+00
6.000000000000000000e+01 1.000000000000000000e+00 4.000000000000000000e+00 0.000000000000000000e+00 1.010660232868764162e+09 1.010660232868764162e+09 1.144097496055000067e+09 1.144097496055000067e+09 2.538552999496459961e+00 0.000000000000000000e+00 0.000000000000000000e+00
6.000000000000000000e+01 1.000000000000000000e+00 4.000000000000000000e+00 5.000000000000000000e+00 1.010660232868764162e+09 1.010660232868764162e+09 1.144097496055000067e+09 1.144097496055000067e+09 2.397917032241821289e+00 0.000000000000000000e+00 0.000000000000000000e+00
