# run number, exp fac, ti calc, ti opt, aep init calc (kW), aep init opt (kW), aep run calc (kW), aep run opt (kW), run time (s), obj func calls, sens func calls
1.420000000000000000e+02 3.000000000000000000e+00 4.000000000000000000e+00 0.000000000000000000e+00 9.938091316273859739e+08 9.938091316273859739e+08 1.153546434187949181e+09 1.153546434187949181e+09 8.901168260574340820e+02 0.000000000000000000e+00 0.000000000000000000e+00
1.420000000000000000e+02 2.750000000000000000e+00 4.000000000000000000e+00 0.000000000000000000e+00 9.938091316273859739e+08 9.938091316273859739e+08 1.153546434187949181e+09 1.153546434187949181e+09 2.724840879440307617e+00 0.000000000000000000e+00 0.000000000000000000e+00
1.420000000000000000e+02 2.500000000000000000e+00 4.000000000000000000e+00 0.000000000000000000e+00 9.938091316273859739e+08 9.938091316273859739e+08 1.153546434187949181e+09 1.153546434187949181e+09 2.643015861511230469e+00 0.000000000000000000e+00 0.000000000000000000e+00
1.420000000000000000e+02 2.250000000000000000e+00 4.000000000000000000e+00 0.000000000000000000e+00 9.938091316273859739e+08 9.938091316273859739e+08 1.153546434187949181e+09 1.153546434187949181e+09 2.582487106323242188e+00 0.000000000000000000e+00 0.000000000000000000e+00
1.420000000000000000e+02 2.000000000000000000e+00 4.000000000000000000e+00 0.000000000000000000e+00 9.938091316273859739e+08 9.938091316273859739e+08 1.153546434187949181e+09 1.153546434187949181e+09 2.656008005142211914e+00 0.000000000000000000e+00 0.000000000000000000e+00
1.420000000000000000e+02 1.750000000000000000e+00 4.000000000000000000e+00 0.000000000000000000e+00 9.938091316273859739e+08 9.938091316273859739e+08 1.153546434187949181e+09 1.153546434187949181e+09 2.619756937026977539e+00 0.000000000000000000e+00 0.000000000000000000e+00
1.420000000000000000e+02 1.500000000000000000e+00 4.000000000000000000e+00 0.000000000000000000e+00 9.938091316273859739e+08 9.938091316273859739e+08 1.153546434187949181e+09 1.153546434187949181e+09 2.624833106994628906e+00 0.000000000000000000e+00 0.000000000000000000e+00
1.420000000000000000e+02 1.250000000000000000e+00 4.000000000000000000e+00 0.000000000000000000e+00 9.938091316273859739e+08 9.938091316273859739e+08 1.153546434187949181e+09 1.153546434187949181e+09 2.620155811309814453e+00 0.000000000000000000e+00 0.000000000000000000e+00
1.420000000000000000e+02 1.000000000000000000e+00 4.000000000000000000e+00 0.000000000000000000e+00 9.938091316273859739e+08 9.938091316273859739e+08 1.153546434187949181e+09 1.153546434187949181e+09 2.687065124511718750e+00 0.000000000000000000e+00 0.000000000000000000e+00
1.420000000000000000e+02 1.000000000000000000e+00 4.000000000000000000e+00 5.000000000000000000e+00 9.938091316273859739e+08 9.938091316273859739e+08 1.153546434187949181e+09 1.153546434187949181e+09 2.843544960021972656e+00 0.000000000000000000e+00 0.000000000000000000e+00
