# run number, exp fac, ti calc, ti opt, aep init calc (kW), aep init opt (kW), aep run calc (kW), aep run opt (kW), run time (s), obj func calls, sens func calls
9.500000000000000000e+01 3.000000000000000000e+00 4.000000000000000000e+00 0.000000000000000000e+00 1.014674992361620545e+09 1.014674992361620545e+09 1.165536132056221008e+09 1.165536132056221008e+09 6.650043790340423584e+02 0.000000000000000000e+00 0.000000000000000000e+00
9.500000000000000000e+01 2.750000000000000000e+00 4.000000000000000000e+00 0.000000000000000000e+00 1.014674992361620545e+09 1.014674992361620545e+09 1.165536132056221008e+09 1.165536132056221008e+09 2.683874845504760742e+00 0.000000000000000000e+00 0.000000000000000000e+00
9.500000000000000000e+01 2.500000000000000000e+00 4.000000000000000000e+00 0.000000000000000000e+00 1.014674992361620545e+09 1.014674992361620545e+09 1.165536132056221008e+09 1.165536132056221008e+09 2.680592060089111328e+00 0.000000000000000000e+00 0.000000000000000000e+00
9.500000000000000000e+01 2.250000000000000000e+00 4.000000000000000000e+00 0.000000000000000000e+00 1.014674992361620545e+09 1.014674992361620545e+09 1.165536132056221008e+09 1.165536132056221008e+09 2.654498100280761719e+00 0.000000000000000000e+00 0.000000000000000000e+00
9.500000000000000000e+01 2.000000000000000000e+00 4.000000000000000000e+00 0.000000000000000000e+00 1.014674992361620545e+09 1.014674992361620545e+09 1.165536132056221008e+09 1.165536132056221008e+09 2.677958011627197266e+00 0.000000000000000000e+00 0.000000000000000000e+00
9.500000000000000000e+01 1.750000000000000000e+00 4.000000000000000000e+00 0.000000000000000000e+00 1.014674992361620545e+09 1.014674992361620545e+09 1.165536132056221008e+09 1.165536132056221008e+09 2.667798995971679688e+00 0.000000000000000000e+00 0.000000000000000000e+00
9.500000000000000000e+01 1.500000000000000000e+00 4.000000000000000000e+00 0.000000000000000000e+00 1.014674992361620545e+09 1.014674992361620545e+09 1.165536132056221008e+09 1.165536132056221008e+09 2.667742013931274414e+00 0.000000000000000000e+00 0.000000000000000000e+00
9.500000000000000000e+01 1.250000000000000000e+00 4.000000000000000000e+00 0.000000000000000000e+00 1.014674992361620545e+09 1.014674992361620545e+09 1.165536132056221008e+09 1.165536132056221008e+09 2.662727832794189453e+00 0.000000000000000000e+00 0.000000000000000000e+00
9.500000000000000000e+01 1.000000000000000000e+00 4.000000000000000000e+00 0.000000000000000000e+00 1.014674992361620545e+09 1.014674992361620545e+09 1.165536132056221008e+09 1.165536132056221008e+09 2.651093006134033203e+00 0.000000000000000000e+00 0.000000000000000000e+00
9.500000000000000000e+01 1.000000000000000000e+00 4.000000000000000000e+00 5.000000000000000000e+00 1.014674992361620545e+09 1.014674992361620545e+09 1.165536132056221008e+09 1.165536132056221008e+09 2.680928945541381836e+00 0.000000000000000000e+00 0.000000000000000000e+00
