# run number, exp fac, ti calc, ti opt, aep init calc (kW), aep init opt (kW), aep run calc (kW), aep run opt (kW), run time (s), obj func calls, sens func calls
1.230000000000000000e+02 3.000000000000000000e+00 4.000000000000000000e+00 0.000000000000000000e+00 1.014619753226151466e+09 1.014619753226151466e+09 1.164527195019997597e+09 1.164527195019997597e+09 3.313399100303649902e+02 0.000000000000000000e+00 0.000000000000000000e+00
1.230000000000000000e+02 2.750000000000000000e+00 4.000000000000000000e+00 0.000000000000000000e+00 1.014619753226151466e+09 1.014619753226151466e+09 1.164527195019997597e+09 1.164527195019997597e+09 2.564674854278564453e+00 0.000000000000000000e+00 0.000000000000000000e+00
1.230000000000000000e+02 2.500000000000000000e+00 4.000000000000000000e+00 0.000000000000000000e+00 1.014619753226151466e+09 1.014619753226151466e+09 1.164527195019997597e+09 1.164527195019997597e+09 2.548009872436523438e+00 0.000000000000000000e+00 0.000000000000000000e+00
1.230000000000000000e+02 2.250000000000000000e+00 4.000000000000000000e+00 0.000000000000000000e+00 1.014619753226151466e+09 1.014619753226151466e+09 1.164527195019997597e+09 1.164527195019997597e+09 2.577587127685546875e+00 0.000000000000000000e+00 0.000000000000000000e+00
1.230000000000000000e+02 2.000000000000000000e+00 4.000000000000000000e+00 0.000000000000000000e+00 1.014619753226151466e+09 1.014619753226151466e+09 1.164527195019997597e+09 1.164527195019997597e+09 2.712316989898681641e+00 0.000000000000000000e+00 0.000000000000000000e+00
1.230000000000000000e+02 1.750000000000000000e+00 4.000000000000000000e+00 0.000000000000000000e+00 1.014619753226151466e+09 1.014619753226151466e+09 1.164527195019997597e+09 1.164527195019997597e+09 2.599478006362915039e+00 0.000000000000000000e+00 0.000000000000000000e+00
1.230000000000000000e+02 1.500000000000000000e+00 4.000000000000000000e+00 0.000000000000000000e+00 1.014619753226151466e+09 1.014619753226151466e+09 1.164527195019997597e+09 1.164527195019997597e+09 2.567763090133666992e+00 0.000000000000000000e+00 0.000000000000000000e+00
1.230000000000000000e+02 1.250000000000000000e+00 4.000000000000000000e+00 0.000000000000000000e+00 1.014619753226151466e+09 1.014619753226151466e+09 1.164527195019997597e+09 1.164527195019997597e+09 2.586527109146118164e+00 0.000000000000000000e+00 0.000000000000000000e+00
1.230000000000000000e+02 1.000000000000000000e+00 4.000000000000000000e+00 0.000000000000000000e+00 1.014619753226151466e+09 1.014619753226151466e+09 1.164527195019997597e+09 1.164527195019997597e+09 2.562229156494140625e+00 0.000000000000000000e+00 0.000000000000000000e+00
1.230000000000000000e+02 1.000000000000000000e+00 4.000000000000000000e+00 5.000000000000000000e+00 1.014619753226151466e+09 1.014619753226151466e+09 1.164527195019997597e+09 1.164527195019997597e+09 2.583857059478759766e+00 0.000000000000000000e+00 0.000000000000000000e+00
