# run number, exp fac, ti calc, ti opt, aep init calc (kW), aep init opt (kW), aep run calc (kW), aep run opt (kW), run time (s), obj func calls, sens func calls
9.900000000000000000e+01 3.000000000000000000e+00 4.000000000000000000e+00 0.000000000000000000e+00 1.035042492072084188e+09 1.035042492072084188e+09 1.159767733267291069e+09 1.159767733267291069e+09 3.844497208595275879e+02 0.000000000000000000e+00 0.000000000000000000e+00
9.900000000000000000e+01 2.750000000000000000e+00 4.000000000000000000e+00 0.000000000000000000e+00 1.035042492072084188e+09 1.035042492072084188e+09 1.159767733267291069e+09 1.159767733267291069e+09 2.644292116165161133e+00 0.000000000000000000e+00 0.000000000000000000e+00
9.900000000000000000e+01 2.500000000000000000e+00 4.000000000000000000e+00 0.000000000000000000e+00 1.035042492072084188e+09 1.035042492072084188e+09 1.159767733267291069e+09 1.159767733267291069e+09 2.626675128936767578e+00 0.000000000000000000e+00 0.000000000000000000e+00
9.900000000000000000e+01 2.250000000000000000e+00 4.000000000000000000e+00 0.000000000000000000e+00 1.035042492072084188e+09 1.035042492072084188e+09 1.159767733267291069e+09 1.159767733267291069e+09 2.628428936004638672e+00 0.000000000000000000e+00 0.000000000000000000e+00
9.900000000000000000e+01 2.000000000000000000e+00 4.000000000000000000e+00 0.000000000000000000e+00 1.035042492072084188e+09 1.035042492072084188e+09 1.159767733267291069e+09 1.159767733267291069e+09 2.603559970855712891e+00 0.000000000000000000e+00 0.000000000000000000e+00
9.900000000000000000e+01 1.750000000000000000e+00 4.000000000000000000e+00 0.000000000000000000e+00 1.035042492072084188e+09 1.035042492072084188e+09 1.159767733267291069e+09 1.159767733267291069e+09 2.630137920379638672e+00 0.000000000000000000e+00 0.000000000000000000e+00
9.900000000000000000e+01 1.500000000000000000e+00 4.000000000000000000e+00 0.000000000000000000e+00 1.035042492072084188e+09 1.035042492072084188e+09 1.159767733267291069e+09 1.159767733267291069e+09 2.705423116683959961e+00 0.000000000000000000e+00 0.000000000000000000e+00
9.900000000000000000e+01 1.250000000000000000e+00 4.000000000000000000e+00 0.000000000000000000e+00 1.035042492072084188e+09 1.035042492072084188e+09 1.159767733267291069e+09 1.159767733267291069e+09 2.613716125488281250e+00 0.000000000000000000e+00 0.000000000000000000e+00
9.900000000000000000e+01 1.000000000000000000e+00 4.000000000000000000e+00 0.000000000000000000e+00 1.035042492072084188e+09 1.035042492072084188e+09 1.159767733267291069e+09 1.159767733267291069e+09 2.848556995391845703e+00 0.000000000000000000e+00 0.000000000000000000e+00
9.900000000000000000e+01 1.000000000000000000e+00 4.000000000000000000e+00 5.000000000000000000e+00 1.035042492072084188e+09 1.035042492072084188e+09 1.159767733267291069e+09 1.159767733267291069e+09 2.645002841949462891e+00 0.000000000000000000e+00 0.000000000000000000e+00
