# run number, exp fac, ti calc, ti opt, aep init calc (kW), aep init opt (kW), aep run calc (kW), aep run opt (kW), run time (s), obj func calls, sens func calls
2.600000000000000000e+01 3.000000000000000000e+00 4.000000000000000000e+00 0.000000000000000000e+00 9.984589469018936157e+08 9.984589469018936157e+08 1.157926825602023602e+09 1.157926825602023602e+09 6.320634288787841797e+02 0.000000000000000000e+00 0.000000000000000000e+00
2.600000000000000000e+01 2.750000000000000000e+00 4.000000000000000000e+00 0.000000000000000000e+00 9.984589469018936157e+08 9.984589469018936157e+08 1.157926825602023602e+09 1.157926825602023602e+09 2.064342021942138672e+00 0.000000000000000000e+00 0.000000000000000000e+00
2.600000000000000000e+01 2.500000000000000000e+00 4.000000000000000000e+00 0.000000000000000000e+00 9.984589469018936157e+08 9.984589469018936157e+08 1.157926825602023602e+09 1.157926825602023602e+09 2.149532079696655273e+00 0.000000000000000000e+00 0.000000000000000000e+00
2.600000000000000000e+01 2.250000000000000000e+00 4.000000000000000000e+00 0.000000000000000000e+00 9.984589469018936157e+08 9.984589469018936157e+08 1.157926825602023602e+09 1.157926825602023602e+09 1.960944890975952148e+00 0.000000000000000000e+00 0.000000000000000000e+00
2.600000000000000000e+01 2.000000000000000000e+00 4.000000000000000000e+00 0.000000000000000000e+00 9.984589469018936157e+08 9.984589469018936157e+08 1.157926825602023602e+09 1.157926825602023602e+09 2.182301998138427734e+00 0.000000000000000000e+00 0.000000000000000000e+00
2.600000000000000000e+01 1.750000000000000000e+00 4.000000000000000000e+00 0.000000000000000000e+00 9.984589469018936157e+08 9.984589469018936157e+08 1.157926825602023602e+09 1.157926825602023602e+09 1.967615842819213867e+00 0.000000000000000000e+00 0.000000000000000000e+00
2.600000000000000000e+01 1.500000000000000000e+00 4.000000000000000000e+00 0.000000000000000000e+00 9.984589469018936157e+08 9.984589469018936157e+08 1.157926825602023602e+09 1.157926825602023602e+09 2.209427833557128906e+00 0.000000000000000000e+00 0.000000000000000000e+00
2.600000000000000000e+01 1.250000000000000000e+00 4.000000000000000000e+00 0.000000000000000000e+00 9.984589469018936157e+08 9.984589469018936157e+08 1.157926825602023602e+09 1.157926825602023602e+09 2.131501197814941406e+00 0.000000000000000000e+00 0.000000000000000000e+00
2.600000000000000000e+01 1.000000000000000000e+00 4.000000000000000000e+00 0.000000000000000000e+00 9.984589469018936157e+08 9.984589469018936157e+08 1.157926825602023602e+09 1.157926825602023602e+09 2.089950084686279297e+00 0.000000000000000000e+00 0.000000000000000000e+00
2.600000000000000000e+01 1.000000000000000000e+00 4.000000000000000000e+00 5.000000000000000000e+00 9.984589469018936157e+08 9.984589469018936157e+08 1.157926825602023602e+09 1.157926825602023602e+09 2.042265892028808594e+00 0.000000000000000000e+00 0.000000000000000000e+00
