# run number, exp fac, ti calc, ti opt, aep init calc (kW), aep init opt (kW), aep run calc (kW), aep run opt (kW), run time (s), obj func calls, sens func calls
5.900000000000000000e+01 3.000000000000000000e+00 4.000000000000000000e+00 0.000000000000000000e+00 1.002912115642144799e+09 1.002912115642144799e+09 1.168026314893434763e+09 1.168026314893434763e+09 1.040170266866683960e+03 0.000000000000000000e+00 0.000000000000000000e+00
5.900000000000000000e+01 2.750000000000000000e+00 4.000000000000000000e+00 0.000000000000000000e+00 1.002912115642144799e+09 1.002912115642144799e+09 1.168026314893434763e+09 1.168026314893434763e+09 2.819390058517456055e+00 0.000000000000000000e+00 0.000000000000000000e+00
5.900000000000000000e+01 2.500000000000000000e+00 4.000000000000000000e+00 0.000000000000000000e+00 1.002912115642144799e+09 1.002912115642144799e+09 1.168026314893434763e+09 1.168026314893434763e+09 2.767066001892089844e+00 0.000000000000000000e+00 0.000000000000000000e+00
5.900000000000000000e+01 2.250000000000000000e+00 4.000000000000000000e+00 0.000000000000000000e+00 1.002912115642144799e+09 1.002912115642144799e+09 1.168026314893434763e+09 1.168026314893434763e+09 2.741218805313110352e+00 0.000000000000000000e+00 0.000000000000000000e+00
5.900000000000000000e+01 2.000000000000000000e+00 4.000000000000000000e+00 0.000000000000000000e+00 1.002912115642144799e+09 1.002912115642144799e+09 1.168026314893434763e+09 1.168026314893434763e+09 2.543023109436035156e+00 0.000000000000000000e+00 0.000000000000000000e+00
5.900000000000000000e+01 1.750000000000000000e+00 4.000000000000000000e+00 0.000000000000000000e+00 1.002912115642144799e+09 1.002912115642144799e+09 1.168026314893434763e+09 1.168026314893434763e+09 2.634311914443969727e+00 0.000000000000000000e+00 0.000000000000000000e+00
5.900000000000000000e+01 1.500000000000000000e+00 4.000000000000000000e+00 0.000000000000000000e+00 1.002912115642144799e+09 1.002912115642144799e+09 1.168026314893434763e+09 1.168026314893434763e+09 2.680375099182128906e+00 0.000000000000000000e+00 0.000000000000000000e+00
5.900000000000000000e+01 1.250000000000000000e+00 4.000000000000000000e+00 0.000000000000000000e+00 1.002912115642144799e+09 1.002912115642144799e+09 1.168026314893434763e+09 1.168026314893434763e+09 2.704046010971069336e+00 0.000000000000000000e+00 0.000000000000000000e+00
5.900000000000000000e+01 1.000000000000000000e+00 4.000000000000000000e+00 0.000000000000000000e+00 1.002912115642144799e+09 1.002912115642144799e+09 1.168026314893434763e+09 1.168026314893434763e+09 2.727840900421142578e+00 0.000000000000000000e+00 0.000000000000000000e+00
5.900000000000000000e+01 1.000000000000000000e+00 4.000000000000000000e+00 5.000000000000000000e+00 1.002912115642144799e+09 1.002912115642144799e+09 1.168026314893434763e+09 1.168026314893434763e+09 2.710767984390258789e+00 0.000000000000000000e+00 0.000000000000000000e+00
