# run number, exp fac, ti calc, ti opt, aep init calc (kW), aep init opt (kW), aep run calc (kW), aep run opt (kW), run time (s), obj func calls, sens func calls
1.480000000000000000e+02 3.000000000000000000e+00 4.000000000000000000e+00 0.000000000000000000e+00 1.003415154389123201e+09 1.003415154389123201e+09 1.159985483472792864e+09 1.159985483472792864e+09 5.535608599185943604e+02 0.000000000000000000e+00 0.000000000000000000e+00
1.480000000000000000e+02 2.750000000000000000e+00 4.000000000000000000e+00 0.000000000000000000e+00 1.003415154389123201e+09 1.003415154389123201e+09 1.159985483472792864e+09 1.159985483472792864e+09 2.851961851119995117e+00 0.000000000000000000e+00 0.000000000000000000e+00
1.480000000000000000e+02 2.500000000000000000e+00 4.000000000000000000e+00 0.000000000000000000e+00 1.003415154389123201e+09 1.003415154389123201e+09 1.159985483472792864e+09 1.159985483472792864e+09 2.538390874862670898e+00 0.000000000000000000e+00 0.000000000000000000e+00
1.480000000000000000e+02 2.250000000000000000e+00 4.000000000000000000e+00 0.000000000000000000e+00 1.003415154389123201e+09 1.003415154389123201e+09 1.159985483472792864e+09 1.159985483472792864e+09 2.692303895950317383e+00 0.000000000000000000e+00 0.000000000000000000e+00
1.480000000000000000e+02 2.000000000000000000e+00 4.000000000000000000e+00 0.000000000000000000e+00 1.003415154389123201e+09 1.003415154389123201e+09 1.159985483472792864e+09 1.159985483472792864e+09 2.540513038635253906e+00 0.000000000000000000e+00 0.000000000000000000e+00
1.480000000000000000e+02 1.750000000000000000e+00 4.000000000000000000e+00 0.000000000000000000e+00 1.003415154389123201e+09 1.003415154389123201e+09 1.159985483472792864e+09 1.159985483472792864e+09 2.639752149581909180e+00 0.000000000000000000e+00 0.000000000000000000e+00
1.480000000000000000e+02 1.500000000000000000e+00 4.000000000000000000e+00 0.000000000000000000e+00 1.003415154389123201e+09 1.003415154389123201e+09 1.159985483472792864e+09 1.159985483472792864e+09 2.638664960861206055e+00 0.000000000000000000e+00 0.000000000000000000e+00
1.480000000000000000e+02 1.250000000000000000e+00 4.000000000000000000e+00 0.000000000000000000e+00 1.003415154389123201e+09 1.003415154389123201e+09 1.159985483472792864e+09 1.159985483472792864e+09 2.475800991058349609e+00 0.000000000000000000e+00 0.000000000000000000e+00
1.480000000000000000e+02 1.000000000000000000e+00 4.000000000000000000e+00 0.000000000000000000e+00 1.003415154389123201e+09 1.003415154389123201e+09 1.159985483472792864e+09 1.159985483472792864e+09 2.679466009140014648e+00 0.000000000000000000e+00 0.000000000000000000e+00
1.480000000000000000e+02 1.000000000000000000e+00 4.000000000000000000e+00 5.000000000000000000e+00 1.003415154389123201e+09 1.003415154389123201e+09 1.159985483472792864e+09 1.159985483472792864e+09 2.553491115570068359e+00 0.000000000000000000e+00 0.000000000000000000e+00
