# run number, exp fac, ti calc, ti opt, aep init calc (kW), aep init opt (kW), aep run calc (kW), aep run opt (kW), run time (s), obj func calls, sens func calls
7.600000000000000000e+01 3.000000000000000000e+00 4.000000000000000000e+00 0.000000000000000000e+00 1.006452529395528436e+09 1.006452529395528436e+09 1.159113566182304859e+09 1.159113566182304859e+09 8.203065550327301025e+02 0.000000000000000000e+00 0.000000000000000000e+00
7.600000000000000000e+01 2.750000000000000000e+00 4.000000000000000000e+00 0.000000000000000000e+00 1.006452529395528436e+09 1.006452529395528436e+09 1.159113566182304859e+09 1.159113566182304859e+09 2.751775979995727539e+00 0.000000000000000000e+00 0.000000000000000000e+00
7.600000000000000000e+01 2.500000000000000000e+00 4.000000000000000000e+00 0.000000000000000000e+00 1.006452529395528436e+09 1.006452529395528436e+09 1.159113566182304859e+09 1.159113566182304859e+09 2.727317094802856445e+00 0.000000000000000000e+00 0.000000000000000000e+00
7.600000000000000000e+01 2.250000000000000000e+00 4.000000000000000000e+00 0.000000000000000000e+00 1.006452529395528436e+09 1.006452529395528436e+09 1.159113566182304859e+09 1.159113566182304859e+09 2.761898040771484375e+00 0.000000000000000000e+00 0.000000000000000000e+00
7.600000000000000000e+01 2.000000000000000000e+00 4.000000000000000000e+00 0.000000000000000000e+00 1.006452529395528436e+09 1.006452529395528436e+09 1.159113566182304859e+09 1.159113566182304859e+09 2.853538036346435547e+00 0.000000000000000000e+00 0.000000000000000000e+00
7.600000000000000000e+01 1.750000000000000000e+00 4.000000000000000000e+00 0.000000000000000000e+00 1.006452529395528436e+09 1.006452529395528436e+09 1.159113566182304859e+09 1.159113566182304859e+09 2.814370155334472656e+00 0.000000000000000000e+00 0.000000000000000000e+00
7.600000000000000000e+01 1.500000000000000000e+00 4.000000000000000000e+00 0.000000000000000000e+00 1.006452529395528436e+09 1.006452529395528436e+09 1.159113566182304859e+09 1.159113566182304859e+09 2.689000129699707031e+00 0.000000000000000000e+00 0.000000000000000000e+00
7.600000000000000000e+01 1.250000000000000000e+00 4.000000000000000000e+00 0.000000000000000000e+00 1.006452529395528436e+09 1.006452529395528436e+09 1.159113566182304859e+09 1.159113566182304859e+09 2.934021949768066406e+00 0.000000000000000000e+00 0.000000000000000000e+00
7.600000000000000000e+01 1.000000000000000000e+00 4.000000000000000000e+00 0.000000000000000000e+00 1.006452529395528436e+09 1.006452529395528436e+09 1.159113566182304859e+09 1.159113566182304859e+09 2.882522821426391602e+00 0.000000000000000000e+00 0.000000000000000000e+00
7.600000000000000000e+01 1.000000000000000000e+00 4.000000000000000000e+00 5.000000000000000000e+00 1.006452529395528436e+09 1.006452529395528436e+09 1.159113566182304859e+09 1.159113566182304859e+09 2.653871059417724609e+00 0.000000000000000000e+00 0.000000000000000000e+00
