# run number, exp fac, ti calc, ti opt, aep init calc (kW), aep init opt (kW), aep run calc (kW), aep run opt (kW), run time (s), obj func calls, sens func calls
1.740000000000000000e+02 3.000000000000000000e+00 4.000000000000000000e+00 0.000000000000000000e+00 1.001527293273883581e+09 1.001527293273883581e+09 1.166481150667066336e+09 1.166481150667066336e+09 6.596156308650970459e+02 0.000000000000000000e+00 0.000000000000000000e+00
1.740000000000000000e+02 2.750000000000000000e+00 4.000000000000000000e+00 0.000000000000000000e+00 1.001527293273883581e+09 1.001527293273883581e+09 1.166481150667066336e+09 1.166481150667066336e+09 1.947239160537719727e+00 0.000000000000000000e+00 0.000000000000000000e+00
1.740000000000000000e+02 2.500000000000000000e+00 4.000000000000000000e+00 0.000000000000000000e+00 1.001527293273883581e+09 1.001527293273883581e+09 1.166481150667066336e+09 1.166481150667066336e+09 2.001543998718261719e+00 0.000000000000000000e+00 0.000000000000000000e+00
1.740000000000000000e+02 2.250000000000000000e+00 4.000000000000000000e+00 0.000000000000000000e+00 1.001527293273883581e+09 1.001527293273883581e+09 1.166481150667066336e+09 1.166481150667066336e+09 1.960723876953125000e+00 0.000000000000000000e+00 0.000000000000000000e+00
1.740000000000000000e+02 2.000000000000000000e+00 4.000000000000000000e+00 0.000000000000000000e+00 1.001527293273883581e+09 1.001527293273883581e+09 1.166481150667066336e+09 1.166481150667066336e+09 1.959280967712402344e+00 0.000000000000000000e+00 0.000000000000000000e+00
1.740000000000000000e+02 1.750000000000000000e+00 4.000000000000000000e+00 0.000000000000000000e+00 1.001527293273883581e+09 1.001527293273883581e+09 1.166481150667066336e+09 1.166481150667066336e+09 1.980667114257812500e+00 0.000000000000000000e+00 0.000000000000000000e+00
1.740000000000000000e+02 1.500000000000000000e+00 4.000000000000000000e+00 0.000000000000000000e+00 1.001527293273883581e+09 1.001527293273883581e+09 1.166481150667066336e+09 1.166481150667066336e+09 1.961284160614013672e+00 0.000000000000000000e+00 0.000000000000000000e+00
1.740000000000000000e+02 1.250000000000000000e+00 4.000000000000000000e+00 0.000000000000000000e+00 1.001527293273883581e+09 1.001527293273883581e+09 1.166481150667066336e+09 1.166481150667066336e+09 1.974304914474487305e+00 0.000000000000000000e+00 0.000000000000000000e+00
1.740000000000000000e+02 1.000000000000000000e+00 4.000000000000000000e+00 0.000000000000000000e+00 1.001527293273883581e+09 1.001527293273883581e+09 1.166481150667066336e+09 1.166481150667066336e+09 1.954161167144775391e+00 0.000000000000000000e+00 0.000000000000000000e+00
1.740000000000000000e+02 1.000000000000000000e+00 4.000000000000000000e+00 5.000000000000000000e+00 1.001527293273883581e+09 1.001527293273883581e+09 1.166481150667066336e+09 1.166481150667066336e+09 1.945460081100463867e+00 0.000000000000000000e+00 0.000000000000000000e+00
