# run number, exp fac, ti calc, ti opt, aep init calc (kW), aep init opt (kW), aep run calc (kW), aep run opt (kW), run time (s), obj func calls, sens func calls
9.100000000000000000e+01 3.000000000000000000e+00 4.000000000000000000e+00 0.000000000000000000e+00 1.035314154432731032e+09 1.035314154432731032e+09 1.168501038228773355e+09 1.168501038228773355e+09 3.119691989421844482e+02 0.000000000000000000e+00 0.000000000000000000e+00
9.100000000000000000e+01 2.750000000000000000e+00 4.000000000000000000e+00 0.000000000000000000e+00 1.035314154432731032e+09 1.035314154432731032e+09 1.168501038228773355e+09 1.168501038228773355e+09 1.998534917831420898e+00 0.000000000000000000e+00 0.000000000000000000e+00
9.100000000000000000e+01 2.500000000000000000e+00 4.000000000000000000e+00 0.000000000000000000e+00 1.035314154432731032e+09 1.035314154432731032e+09 1.168501038228773355e+09 1.168501038228773355e+09 1.986402034759521484e+00 0.000000000000000000e+00 0.000000000000000000e+00
9.100000000000000000e+01 2.250000000000000000e+00 4.000000000000000000e+00 0.000000000000000000e+00 1.035314154432731032e+09 1.035314154432731032e+09 1.168501038228773355e+09 1.168501038228773355e+09 1.994660854339599609e+00 0.000000000000000000e+00 0.000000000000000000e+00
9.100000000000000000e+01 2.000000000000000000e+00 4.000000000000000000e+00 0.000000000000000000e+00 1.035314154432731032e+09 1.035314154432731032e+09 1.168501038228773355e+09 1.168501038228773355e+09 1.956277847290039062e+00 0.000000000000000000e+00 0.000000000000000000e+00
9.100000000000000000e+01 1.750000000000000000e+00 4.000000000000000000e+00 0.000000000000000000e+00 1.035314154432731032e+09 1.035314154432731032e+09 1.168501038228773355e+09 1.168501038228773355e+09 1.993231058120727539e+00 0.000000000000000000e+00 0.000000000000000000e+00
9.100000000000000000e+01 1.500000000000000000e+00 4.000000000000000000e+00 0.000000000000000000e+00 1.035314154432731032e+09 1.035314154432731032e+09 1.168501038228773355e+09 1.168501038228773355e+09 1.991244077682495117e+00 0.000000000000000000e+00 0.000000000000000000e+00
9.100000000000000000e+01 1.250000000000000000e+00 4.000000000000000000e+00 0.000000000000000000e+00 1.035314154432731032e+09 1.035314154432731032e+09 1.168501038228773355e+09 1.168501038228773355e+09 1.937969923019409180e+00 0.000000000000000000e+00 0.000000000000000000e+00
9.100000000000000000e+01 1.000000000000000000e+00 4.000000000000000000e+00 0.000000000000000000e+00 1.035314154432731032e+09 1.035314154432731032e+09 1.168501038228773355e+09 1.168501038228773355e+09 1.926754951477050781e+00 0.000000000000000000e+00 0.000000000000000000e+00
9.100000000000000000e+01 1.000000000000000000e+00 4.000000000000000000e+00 5.000000000000000000e+00 1.035314154432731032e+09 1.035314154432731032e+09 1.168501038228773355e+09 1.168501038228773355e+09 1.896991014480590820e+00 0.000000000000000000e+00 0.000000000000000000e+00
