# run number, exp fac, ti calc, ti opt, aep init calc (kW), aep init opt (kW), aep run calc (kW), aep run opt (kW), run time (s), obj func calls, sens func calls
1.440000000000000000e+02 3.000000000000000000e+00 4.000000000000000000e+00 0.000000000000000000e+00 1.028938819655533552e+09 1.028938819655533552e+09 1.167650758931375265e+09 1.167650758931375265e+09 6.466292300224304199e+02 0.000000000000000000e+00 0.000000000000000000e+00
1.440000000000000000e+02 2.750000000000000000e+00 4.000000000000000000e+00 0.000000000000000000e+00 1.028938819655533552e+09 1.028938819655533552e+09 1.167650758931375265e+09 1.167650758931375265e+09 2.436748981475830078e+00 0.000000000000000000e+00 0.000000000000000000e+00
1.440000000000000000e+02 2.500000000000000000e+00 4.000000000000000000e+00 0.000000000000000000e+00 1.028938819655533552e+09 1.028938819655533552e+09 1.167650758931375265e+09 1.167650758931375265e+09 2.444608211517333984e+00 0.000000000000000000e+00 0.000000000000000000e+00
1.440000000000000000e+02 2.250000000000000000e+00 4.000000000000000000e+00 0.000000000000000000e+00 1.028938819655533552e+09 1.028938819655533552e+09 1.167650758931375265e+09 1.167650758931375265e+09 2.447499036788940430e+00 0.000000000000000000e+00 0.000000000000000000e+00
1.440000000000000000e+02 2.000000000000000000e+00 4.000000000000000000e+00 0.000000000000000000e+00 1.028938819655533552e+09 1.028938819655533552e+09 1.167650758931375265e+09 1.167650758931375265e+09 2.478837966918945312e+00 0.000000000000000000e+00 0.000000000000000000e+00
1.440000000000000000e+02 1.750000000000000000e+00 4.000000000000000000e+00 0.000000000000000000e+00 1.028938819655533552e+09 1.028938819655533552e+09 1.167650758931375265e+09 1.167650758931375265e+09 2.554540872573852539e+00 0.000000000000000000e+00 0.000000000000000000e+00
1.440000000000000000e+02 1.500000000000000000e+00 4.000000000000000000e+00 0.000000000000000000e+00 1.028938819655533552e+09 1.028938819655533552e+09 1.167650758931375265e+09 1.167650758931375265e+09 2.489799022674560547e+00 0.000000000000000000e+00 0.000000000000000000e+00
1.440000000000000000e+02 1.250000000000000000e+00 4.000000000000000000e+00 0.000000000000000000e+00 1.028938819655533552e+09 1.028938819655533552e+09 1.167650758931375265e+09 1.167650758931375265e+09 2.553984880447387695e+00 0.000000000000000000e+00 0.000000000000000000e+00
1.440000000000000000e+02 1.000000000000000000e+00 4.000000000000000000e+00 0.000000000000000000e+00 1.028938819655533552e+09 1.028938819655533552e+09 1.167650758931375265e+09 1.167650758931375265e+09 2.531534910202026367e+00 0.000000000000000000e+00 0.000000000000000000e+00
1.440000000000000000e+02 1.000000000000000000e+00 4.000000000000000000e+00 5.000000000000000000e+00 1.028938819655533552e+09 1.028938819655533552e+09 1.167650758931375265e+09 1.167650758931375265e+09 2.525501012802124023e+00 0.000000000000000000e+00 0.000000000000000000e+00
