# # run number, ti calc, ti opt, aep init calc (kW), aep init opt (kW), aep run calc (kW), aep run opt (kW), run time (s), obj func calls, sens func calls
0.000000000000000000e+00 4.000000000000000000e+00 0.000000000000000000e+00 3.482847725699086785e+08 3.416911383178100586e+08 3.482847725699086785e+08 3.416911383178100586e+08 1.328591108322143555e+01 1.700000000000000000e+02 0.000000000000000000e+00
1.000000000000000000e+00 4.000000000000000000e+00 0.000000000000000000e+00 3.100066725617963076e+08 3.036483483843619227e+08 3.314639572741273046e+08 3.271582005247765183e+08 1.133208709743022919e+05 1.440026000000000000e+06 0.000000000000000000e+00
2.000000000000000000e+00 4.000000000000000000e+00 0.000000000000000000e+00 3.087291831607722640e+08 3.013302798186113834e+08 3.268084802196139693e+08 3.211790556030408740e+08 1.184043768115043640e+05 1.440026000000000000e+06 0.000000000000000000e+00
3.000000000000000000e+00 4.000000000000000000e+00 0.000000000000000000e+00 3.200311016263876557e+08 3.129818219991982579e+08 3.235333482311304212e+08 3.176432686317978501e+08 1.123734309084415436e+05 1.440026000000000000e+06 0.000000000000000000e+00
4.000000000000000000e+00 4.000000000000000000e+00 0.000000000000000000e+00 3.047211838319461942e+08 2.979774393213786483e+08 3.232029445752874017e+08 3.181593937399905920e+08 1.114229322893619537e+05 1.440026000000000000e+06 0.000000000000000000e+00
5.000000000000000000e+00 4.000000000000000000e+00 0.000000000000000000e+00 3.164440380461738110e+08 3.091735431878856421e+08 3.309031897452942133e+08 3.248698830209681392e+08 1.141603433389663696e+05 1.440026000000000000e+06 0.000000000000000000e+00
6.000000000000000000e+00 4.000000000000000000e+00 0.000000000000000000e+00 3.135792090411001444e+08 3.061914721242223978e+08 3.285463632872829437e+08 3.229160539152180552e+08 1.124224522104263306e+05 1.440026000000000000e+06 0.000000000000000000e+00
7.000000000000000000e+00 4.000000000000000000e+00 0.000000000000000000e+00 3.125538673690028787e+08 3.064259249099594951e+08 3.321000909248985052e+08 3.275022053964039087e+08 1.096304638237953186e+05 1.440026000000000000e+06 0.000000000000000000e+00
8.000000000000000000e+00 4.000000000000000000e+00 0.000000000000000000e+00 3.143749658863674402e+08 3.070282168883977532e+08 3.183581175670312643e+08 3.124301227688796520e+08 1.163520256636142731e+05 1.440026000000000000e+06 0.000000000000000000e+00
9.000000000000000000e+00 4.000000000000000000e+00 0.000000000000000000e+00 3.168114483780563474e+08 3.097486929707906246e+08 3.311051855160575509e+08 3.259758284113824368e+08 1.160586192109584808e+05 1.440026000000000000e+06 0.000000000000000000e+00
1.000000000000000000e+01 4.000000000000000000e+00 0.000000000000000000e+00 3.162905018295568824e+08 3.104119926668497920e+08 3.339817575442551970e+08 3.287481139283024669e+08 1.158003735537528992e+05 1.440026000000000000e+06 0.000000000000000000e+00
1.100000000000000000e+01 4.000000000000000000e+00 0.000000000000000000e+00 3.103059799715529084e+08 3.039431507047659159e+08 3.288535461547273397e+08 3.232537494293097258e+08 1.135842422609329224e+05 1.440026000000000000e+06 0.000000000000000000e+00
1.200000000000000000e+01 4.000000000000000000e+00 0.000000000000000000e+00 3.211821022858407497e+08 3.149602936617891192e+08 3.335795352640545964e+08 3.284631620181491971e+08 1.144071428673267365e+05 1.440026000000000000e+06 0.000000000000000000e+00
1.300000000000000000e+01 4.000000000000000000e+00 0.000000000000000000e+00 3.162352768543015718e+08 3.092298334074902534e+08 3.391860524530072808e+08 3.337780958384045959e+08 1.135288464167118073e+05 1.440026000000000000e+06 0.000000000000000000e+00
1.400000000000000000e+01 4.000000000000000000e+00 0.000000000000000000e+00 3.192289346122369766e+08 3.124185974649549127e+08 3.429300959635748267e+08 3.377560208313920498e+08 1.098230894534587860e+05 1.440026000000000000e+06 0.000000000000000000e+00
1.500000000000000000e+01 4.000000000000000000e+00 0.000000000000000000e+00 3.140774436140557528e+08 3.071780119032989144e+08 3.368767370348589420e+08 3.312556338931452632e+08 1.170493290901184082e+05 1.440026000000000000e+06 0.000000000000000000e+00
1.600000000000000000e+01 4.000000000000000000e+00 0.000000000000000000e+00 3.153513890404795408e+08 3.082074401157799959e+08 3.407522771360707879e+08 3.354377419998332858e+08 1.122819045677185059e+05 1.440026000000000000e+06 0.000000000000000000e+00
1.700000000000000000e+01 4.000000000000000000e+00 0.000000000000000000e+00 3.117988172221068740e+08 3.054857416267401576e+08 3.216681755280093551e+08 3.161671553318850994e+08 1.138249747273921967e+05 1.440026000000000000e+06 0.000000000000000000e+00
1.800000000000000000e+01 4.000000000000000000e+00 0.000000000000000000e+00 3.096703337330436110e+08 3.025683460692135096e+08 3.266577338884279132e+08 3.221443946701184511e+08 1.111339708166122437e+05 1.440026000000000000e+06 0.000000000000000000e+00
1.900000000000000000e+01 4.000000000000000000e+00 0.000000000000000000e+00 3.169989988196071386e+08 3.103287571230656505e+08 3.271137836829625368e+08 3.208997395668833852e+08 1.165779095211029053e+05 1.440026000000000000e+06 0.000000000000000000e+00
2.000000000000000000e+01 4.000000000000000000e+00 0.000000000000000000e+00 3.171661641370131373e+08 3.106055167875781655e+08 3.312452688739404678e+08 3.250935599971842170e+08 4.485691222333908081e+04 5.807780000000000000e+05 0.000000000000000000e+00
2.100000000000000000e+01 4.000000000000000000e+00 0.000000000000000000e+00 3.144534561842551827e+08 3.075146204788337350e+08 3.433914072233140469e+08 3.385360511986545324e+08 1.140167905070781708e+05 1.440026000000000000e+06 0.000000000000000000e+00
2.200000000000000000e+01 4.000000000000000000e+00 0.000000000000000000e+00 3.139629042713732123e+08 3.073671725127609372e+08 3.259342356373589039e+08 3.209404924194352031e+08 1.109652794764041901e+05 1.440026000000000000e+06 0.000000000000000000e+00
2.300000000000000000e+01 4.000000000000000000e+00 0.000000000000000000e+00 3.087424508813217282e+08 3.024998957818111181e+08 3.221931467815083861e+08 3.175529505578988194e+08 1.174188371520042419e+05 1.440026000000000000e+06 0.000000000000000000e+00
2.400000000000000000e+01 4.000000000000000000e+00 0.000000000000000000e+00 3.151102599317598343e+08 3.090934020732772350e+08 3.304579687260629535e+08 3.250705007691263556e+08 1.119823416821956635e+05 1.440026000000000000e+06 0.000000000000000000e+00
2.500000000000000000e+01 4.000000000000000000e+00 0.000000000000000000e+00 3.116531424091183543e+08 3.053044802865355015e+08 3.336116780159443617e+08 3.288183114845849872e+08 1.116016815481185913e+05 1.440026000000000000e+06 0.000000000000000000e+00
2.600000000000000000e+01 4.000000000000000000e+00 0.000000000000000000e+00 3.175964856967917085e+08 3.111628951383471489e+08 3.401005558702858686e+08 3.348758483644438982e+08 5.475974235224723816e+04 6.930980000000000000e+05 0.000000000000000000e+00
2.700000000000000000e+01 4.000000000000000000e+00 0.000000000000000000e+00 3.171555653864830732e+08 3.116509432557873130e+08 3.402937285113123059e+08 3.358146670331034064e+08 1.073545673735141754e+05 1.440026000000000000e+06 0.000000000000000000e+00
2.800000000000000000e+01 4.000000000000000000e+00 0.000000000000000000e+00 3.162496072973738313e+08 3.098754383792791367e+08 3.328912563165446520e+08 3.272670266851450205e+08 1.107905379405021667e+05 1.440026000000000000e+06 0.000000000000000000e+00
2.900000000000000000e+01 4.000000000000000000e+00 0.000000000000000000e+00 3.109820910136054754e+08 3.039886861261793971e+08 3.307240694296125174e+08 3.244478300759715438e+08 1.008808274362087250e+05 1.440026000000000000e+06 0.000000000000000000e+00
3.000000000000000000e+01 4.000000000000000000e+00 0.000000000000000000e+00 3.093250872971089482e+08 3.028802157190409303e+08 3.325919297921034694e+08 3.272455169640768170e+08 1.013429089186191559e+05 1.440026000000000000e+06 0.000000000000000000e+00
3.100000000000000000e+01 4.000000000000000000e+00 0.000000000000000000e+00 3.130655178001691103e+08 3.061063544292864799e+08 3.271839823294624090e+08 3.219947134137293696e+08 1.120951995840072632e+05 1.440026000000000000e+06 0.000000000000000000e+00
3.200000000000000000e+01 4.000000000000000000e+00 0.000000000000000000e+00 3.080269381216924191e+08 3.004810846313254237e+08 3.320509260760843158e+08 3.279055623493507504e+08 1.069940251078605652e+05 1.440026000000000000e+06 0.000000000000000000e+00
3.300000000000000000e+01 4.000000000000000000e+00 0.000000000000000000e+00 3.146850771767295599e+08 3.081078723333692551e+08 3.410849639607290030e+08 3.358713044312921762e+08 1.069236592605113983e+05 1.440026000000000000e+06 0.000000000000000000e+00
3.400000000000000000e+01 4.000000000000000000e+00 0.000000000000000000e+00 3.108168444969188571e+08 3.035319483873106837e+08 3.326843838295892477e+08 3.270111044485204816e+08 1.074121023430824280e+05 1.440026000000000000e+06 0.000000000000000000e+00
3.500000000000000000e+01 4.000000000000000000e+00 0.000000000000000000e+00 3.146838696897628903e+08 3.083386206473076344e+08 3.219209204979126453e+08 3.172547244244647622e+08 9.858057377648353577e+04 1.440026000000000000e+06 0.000000000000000000e+00
3.600000000000000000e+01 4.000000000000000000e+00 0.000000000000000000e+00 3.185479539295207858e+08 3.124437351976945400e+08 3.315231861782982349e+08 3.254490276952480674e+08 9.887198640036582947e+04 1.440026000000000000e+06 0.000000000000000000e+00
3.700000000000000000e+01 4.000000000000000000e+00 0.000000000000000000e+00 3.164175944841678739e+08 3.095383114795395732e+08 3.303883129559216499e+08 3.250284257545039058e+08 1.051859914174079895e+05 1.440026000000000000e+06 0.000000000000000000e+00
3.800000000000000000e+01 4.000000000000000000e+00 0.000000000000000000e+00 3.207175111982680559e+08 3.147376390893658996e+08 3.441777318969521523e+08 3.390724028383026123e+08 9.956845025825500488e+04 1.440026000000000000e+06 0.000000000000000000e+00
3.900000000000000000e+01 4.000000000000000000e+00 0.000000000000000000e+00 3.180308841723411679e+08 3.113622587092439532e+08 3.194009341398361325e+08 3.136301830621690750e+08 1.091992167599201202e+05 1.440026000000000000e+06 0.000000000000000000e+00
4.000000000000000000e+01 4.000000000000000000e+00 0.000000000000000000e+00 3.120953226962811947e+08 3.052420415528262854e+08 3.328324249469091892e+08 3.279269480241619945e+08 1.203280506412982941e+05 1.440026000000000000e+06 0.000000000000000000e+00
4.100000000000000000e+01 4.000000000000000000e+00 0.000000000000000000e+00 3.122568194206132293e+08 3.050934874878988862e+08 3.416124008036317229e+08 3.362869810961305499e+08 1.113052731180191040e+05 1.440026000000000000e+06 0.000000000000000000e+00
4.200000000000000000e+01 4.000000000000000000e+00 0.000000000000000000e+00 3.117854469412243962e+08 3.044944581103305817e+08 3.255429076270400286e+08 3.189661100679205060e+08 1.114600708677768707e+05 1.440026000000000000e+06 0.000000000000000000e+00
4.300000000000000000e+01 4.000000000000000000e+00 0.000000000000000000e+00 3.171342792701202631e+08 3.105021989067946672e+08 3.362834566251598597e+08 3.303469617074317932e+08 1.112033178002834320e+05 1.440026000000000000e+06 0.000000000000000000e+00
4.400000000000000000e+01 4.000000000000000000e+00 0.000000000000000000e+00 3.133219538867102861e+08 3.069849618479002118e+08 3.317745192475153804e+08 3.257572295913463831e+08 1.189104596061706543e+05 1.440026000000000000e+06 0.000000000000000000e+00
4.500000000000000000e+01 4.000000000000000000e+00 0.000000000000000000e+00 3.102221696877501607e+08 3.031573477309837937e+08 3.255115991210117936e+08 3.208695809301273823e+08 1.057221423604488373e+05 1.440026000000000000e+06 0.000000000000000000e+00
4.600000000000000000e+01 4.000000000000000000e+00 0.000000000000000000e+00 3.078392086933102012e+08 3.004824657392448783e+08 3.270112331419531703e+08 3.223366416032871604e+08 1.104773415856361389e+05 1.440026000000000000e+06 0.000000000000000000e+00
4.700000000000000000e+01 4.000000000000000000e+00 0.000000000000000000e+00 3.198700660689307451e+08 3.135994878033562303e+08 3.270949422186621428e+08 3.226756475275078416e+08 1.131294289958477020e+05 1.440026000000000000e+06 0.000000000000000000e+00
4.800000000000000000e+01 4.000000000000000000e+00 0.000000000000000000e+00 3.112317061239209771e+08 3.035021092434962392e+08 3.103499676953566670e+08 3.059847975496537089e+08 1.073806800060272217e+05 1.440026000000000000e+06 0.000000000000000000e+00
4.900000000000000000e+01 4.000000000000000000e+00 0.000000000000000000e+00 3.089077344263938665e+08 3.020349066740854979e+08 3.326873369221294522e+08 3.275764404479101300e+08 1.053820167891979218e+05 1.440026000000000000e+06 0.000000000000000000e+00
5.000000000000000000e+01 4.000000000000000000e+00 0.000000000000000000e+00 3.177337073025934100e+08 3.113625746124239564e+08 3.253158000355399847e+08 3.187493140677089691e+08 1.026043603024482727e+05 1.440026000000000000e+06 0.000000000000000000e+00
5.100000000000000000e+01 4.000000000000000000e+00 0.000000000000000000e+00 3.142347423990990520e+08 3.068005433629927039e+08 3.269587151030014157e+08 3.217902842438408732e+08 1.097067726931571960e+05 1.440026000000000000e+06 0.000000000000000000e+00
5.200000000000000000e+01 4.000000000000000000e+00 0.000000000000000000e+00 3.163074916680667400e+08 3.090059808977515101e+08 3.410395589847169518e+08 3.360037500679439902e+08 1.135314467234611511e+05 1.440026000000000000e+06 0.000000000000000000e+00
5.300000000000000000e+01 4.000000000000000000e+00 0.000000000000000000e+00 3.198989181979950070e+08 3.131811273547372222e+08 3.427832965091679096e+08 3.373908281193632483e+08 1.175994809346199036e+05 1.440026000000000000e+06 0.000000000000000000e+00
5.400000000000000000e+01 4.000000000000000000e+00 0.000000000000000000e+00 3.155290986949399710e+08 3.093155682292966843e+08 3.235561283783603311e+08 3.168155170618459582e+08 6.405529429125785828e+04 7.769060000000000000e+05 0.000000000000000000e+00
5.500000000000000000e+01 4.000000000000000000e+00 0.000000000000000000e+00 3.169348943960381150e+08 3.106339102055948973e+08 3.325222177545180917e+08 3.273340566233158112e+08 1.125840202541351318e+05 1.440026000000000000e+06 0.000000000000000000e+00
5.600000000000000000e+01 4.000000000000000000e+00 0.000000000000000000e+00 3.160048872308166027e+08 3.090598975949043632e+08 3.410697469279255271e+08 3.357116287307943702e+08 1.151646284520626068e+05 1.440026000000000000e+06 0.000000000000000000e+00
5.700000000000000000e+01 4.000000000000000000e+00 0.000000000000000000e+00 3.074790485160099268e+08 3.002575442990821004e+08 3.348857568177421093e+08 3.302494314242951870e+08 1.108206549398899078e+05 1.440026000000000000e+06 0.000000000000000000e+00
5.800000000000000000e+01 4.000000000000000000e+00 0.000000000000000000e+00 3.099581316539346576e+08 3.026962885762161016e+08 3.421636812972283959e+08 3.377047380757278800e+08 1.059812880616188049e+05 1.440026000000000000e+06 0.000000000000000000e+00
5.900000000000000000e+01 4.000000000000000000e+00 0.000000000000000000e+00 3.137048889039217830e+08 3.065269988894882202e+08 3.361841946525318027e+08 3.300782973838794827e+08 1.156050481874942780e+05 1.440026000000000000e+06 0.000000000000000000e+00
6.000000000000000000e+01 4.000000000000000000e+00 0.000000000000000000e+00 3.118134136924049854e+08 3.046055084754499197e+08 3.144178112063082457e+08 3.088925432321131229e+08 1.127571474478244781e+05 1.440026000000000000e+06 0.000000000000000000e+00
6.100000000000000000e+01 4.000000000000000000e+00 0.000000000000000000e+00 3.122682371133515239e+08 3.061519676682836413e+08 3.379259544178766012e+08 3.322549666843374968e+08 1.133056933205127716e+05 1.440026000000000000e+06 0.000000000000000000e+00
6.200000000000000000e+01 4.000000000000000000e+00 0.000000000000000000e+00 3.181048060845866203e+08 3.113704657997654676e+08 3.460850529037269354e+08 3.410331467563748956e+08 6.690126664304733276e+04 8.844740000000000000e+05 0.000000000000000000e+00
6.300000000000000000e+01 4.000000000000000000e+00 0.000000000000000000e+00 3.110665310753871202e+08 3.052280451737308502e+08 3.300745386852457523e+08 3.246822390872520804e+08 1.066322692203521729e+05 1.440026000000000000e+06 0.000000000000000000e+00
6.400000000000000000e+01 4.000000000000000000e+00 0.000000000000000000e+00 3.189815490871542692e+08 3.124773977032689452e+08 3.411557933788219094e+08 3.362662994146904349e+08 1.105753733146190643e+05 1.440026000000000000e+06 0.000000000000000000e+00
6.500000000000000000e+01 4.000000000000000000e+00 0.000000000000000000e+00 3.198751219693814516e+08 3.128587027420326471e+08 3.382514965371972919e+08 3.326214189037917852e+08 1.143000155320167542e+05 1.440026000000000000e+06 0.000000000000000000e+00
6.600000000000000000e+01 4.000000000000000000e+00 0.000000000000000000e+00 3.163883677340035439e+08 3.102449228081199527e+08 3.290276380077396631e+08 3.229222905169417262e+08 1.136260851480960846e+05 1.440026000000000000e+06 0.000000000000000000e+00
6.700000000000000000e+01 4.000000000000000000e+00 0.000000000000000000e+00 3.117143970826309919e+08 3.047694929588147998e+08 3.386849111446374655e+08 3.338566057388855815e+08 1.112749441733360291e+05 1.440026000000000000e+06 0.000000000000000000e+00
6.800000000000000000e+01 4.000000000000000000e+00 0.000000000000000000e+00 3.158794600905700922e+08 3.092329822273026705e+08 3.423129468710308671e+08 3.381098278568674326e+08 1.140991026434898376e+05 1.440026000000000000e+06 0.000000000000000000e+00
6.900000000000000000e+01 4.000000000000000000e+00 0.000000000000000000e+00 3.145611433409156799e+08 3.074721493622516990e+08 3.398149981705776453e+08 3.344307857692037821e+08 1.112954077475070953e+05 1.440026000000000000e+06 0.000000000000000000e+00
7.000000000000000000e+01 4.000000000000000000e+00 0.000000000000000000e+00 3.178097544239337444e+08 3.111543265572047830e+08 3.367237508925358653e+08 3.317779714881899357e+08 1.089574382390975952e+05 1.440026000000000000e+06 0.000000000000000000e+00
7.100000000000000000e+01 4.000000000000000000e+00 0.000000000000000000e+00 3.108460858734069467e+08 3.047097809677250981e+08 3.281269862464693189e+08 3.229670354016698599e+08 1.109195730714797974e+05 1.440026000000000000e+06 0.000000000000000000e+00
7.200000000000000000e+01 4.000000000000000000e+00 0.000000000000000000e+00 3.162821456372455359e+08 3.100187231725862622e+08 3.298268123699154258e+08 3.241478407281876206e+08 1.188094793159961700e+05 1.440026000000000000e+06 0.000000000000000000e+00
7.300000000000000000e+01 4.000000000000000000e+00 0.000000000000000000e+00 3.204212813058167696e+08 3.143630338096315265e+08 3.331380419857109189e+08 3.271216126836618185e+08 1.172130228567123413e+05 1.440026000000000000e+06 0.000000000000000000e+00
7.400000000000000000e+01 4.000000000000000000e+00 0.000000000000000000e+00 3.140675453861053586e+08 3.064450889421473145e+08 3.397474361020760536e+08 3.341684493769246340e+08 1.083237185239791870e+05 1.440026000000000000e+06 0.000000000000000000e+00
7.500000000000000000e+01 4.000000000000000000e+00 0.000000000000000000e+00 3.080096514029127359e+08 3.013173946445020437e+08 3.359241306562408805e+08 3.311656575332760811e+08 1.130603441975116730e+05 1.440026000000000000e+06 0.000000000000000000e+00
7.600000000000000000e+01 4.000000000000000000e+00 0.000000000000000000e+00 3.153161751688725948e+08 3.087659240655604601e+08 3.432285253049009442e+08 3.382791197407221794e+08 1.055842557268142700e+05 1.440026000000000000e+06 0.000000000000000000e+00
7.700000000000000000e+01 4.000000000000000000e+00 0.000000000000000000e+00 3.099313873994901776e+08 3.029361307883672118e+08 3.405296891410666704e+08 3.354200796759433746e+08 1.039001847512722015e+05 1.440026000000000000e+06 0.000000000000000000e+00
7.800000000000000000e+01 4.000000000000000000e+00 0.000000000000000000e+00 3.023427652061271071e+08 2.950684364134628773e+08 3.434735449649267793e+08 3.391786870151669979e+08 1.031220204675197601e+05 1.440026000000000000e+06 0.000000000000000000e+00
7.900000000000000000e+01 4.000000000000000000e+00 0.000000000000000000e+00 3.155146917161861062e+08 3.100915459247042537e+08 3.376347528793026805e+08 3.321410283184555173e+08 1.138346224329471588e+05 1.440026000000000000e+06 0.000000000000000000e+00
8.000000000000000000e+01 4.000000000000000000e+00 0.000000000000000000e+00 3.173488330479290485e+08 3.108607808139784336e+08 3.205028748319664001e+08 3.157433326786651611e+08 1.174190887479782104e+05 1.440026000000000000e+06 0.000000000000000000e+00
8.100000000000000000e+01 4.000000000000000000e+00 0.000000000000000000e+00 3.072938789701755047e+08 3.000863813125625253e+08 3.264729500973379612e+08 3.191608487708064318e+08 1.131369453644752502e+05 1.440026000000000000e+06 0.000000000000000000e+00
8.200000000000000000e+01 4.000000000000000000e+00 0.000000000000000000e+00 3.017050348315677643e+08 2.944359927202109694e+08 3.253743987792125940e+08 3.211783519376943707e+08 1.107640067844390869e+05 1.440026000000000000e+06 0.000000000000000000e+00
8.300000000000000000e+01 4.000000000000000000e+00 0.000000000000000000e+00 3.171792149622719288e+08 3.111288910664475560e+08 3.404639552797852755e+08 3.349396796185960770e+08 1.166560093872547150e+05 1.440026000000000000e+06 0.000000000000000000e+00
8.400000000000000000e+01 4.000000000000000000e+00 0.000000000000000000e+00 3.088265162770790458e+08 3.024841166271588206e+08 3.317450954171081781e+08 3.266614474608112574e+08 1.201261437618732452e+05 1.440026000000000000e+06 0.000000000000000000e+00
8.500000000000000000e+01 4.000000000000000000e+00 0.000000000000000000e+00 3.181634802616186142e+08 3.115874188477523923e+08 3.332823885009922385e+08 3.272739345373939872e+08 6.084919949769973755e+04 7.630820000000000000e+05 0.000000000000000000e+00
8.600000000000000000e+01 4.000000000000000000e+00 0.000000000000000000e+00 3.160430061375904679e+08 3.095044183734906316e+08 3.318258464947462678e+08 3.261376274527090192e+08 1.095579243721961975e+05 1.440026000000000000e+06 0.000000000000000000e+00
8.700000000000000000e+01 4.000000000000000000e+00 0.000000000000000000e+00 3.230510111820710301e+08 3.165600999290662408e+08 3.434316741798885465e+08 3.383591067656484246e+08 1.154149845769405365e+05 1.440026000000000000e+06 0.000000000000000000e+00
8.800000000000000000e+01 4.000000000000000000e+00 0.000000000000000000e+00 3.110379550554749370e+08 3.038270829214667678e+08 3.377907406918426752e+08 3.322294120957287550e+08 1.092209462742805481e+05 1.440026000000000000e+06 0.000000000000000000e+00
8.900000000000000000e+01 4.000000000000000000e+00 0.000000000000000000e+00 3.092601861913201809e+08 3.018610917794245481e+08 3.297387127293549776e+08 3.253414452832291126e+08 1.146923586306571960e+05 1.440026000000000000e+06 0.000000000000000000e+00
9.000000000000000000e+01 4.000000000000000000e+00 0.000000000000000000e+00 3.119227667106196284e+08 3.046139435808615088e+08 3.213405435050902963e+08 3.154744208848954439e+08 1.112754532742500305e+05 1.440026000000000000e+06 0.000000000000000000e+00
9.100000000000000000e+01 4.000000000000000000e+00 0.000000000000000000e+00 3.176926241368812323e+08 3.109045194793934226e+08 3.320227800545099378e+08 3.265430643360726237e+08 1.121315189387798309e+05 1.440026000000000000e+06 0.000000000000000000e+00
9.200000000000000000e+01 4.000000000000000000e+00 0.000000000000000000e+00 3.128883880690772533e+08 3.057441807725060582e+08 3.426906327589390278e+08 3.375843813972229958e+08 7.636690712141990662e+04 9.877220000000000000e+05 0.000000000000000000e+00
9.300000000000000000e+01 4.000000000000000000e+00 0.000000000000000000e+00 3.104894463448530436e+08 3.036988261713749170e+08 3.397070168079894185e+08 3.344966681913589835e+08 1.168159470777511597e+05 1.440026000000000000e+06 0.000000000000000000e+00
9.400000000000000000e+01 4.000000000000000000e+00 0.000000000000000000e+00 3.145462132159237862e+08 3.082264027305436730e+08 3.279859408836100698e+08 3.221749434708734751e+08 1.169511559038162231e+05 1.440026000000000000e+06 0.000000000000000000e+00
9.500000000000000000e+01 4.000000000000000000e+00 0.000000000000000000e+00 3.097867253601322770e+08 3.031968007806940079e+08 3.278095269027946591e+08 3.220200532895796895e+08 1.153060893957614899e+05 1.440026000000000000e+06 0.000000000000000000e+00
9.600000000000000000e+01 4.000000000000000000e+00 0.000000000000000000e+00 3.069172631305821538e+08 3.009169615350191593e+08 3.308582601293839812e+08 3.262831664151017666e+08 1.155122452757358551e+05 1.440026000000000000e+06 0.000000000000000000e+00
9.700000000000000000e+01 4.000000000000000000e+00 0.000000000000000000e+00 3.029229741024979949e+08 2.946060074823836088e+08 3.195843797219530940e+08 3.155374905381305218e+08 1.094744610593318939e+05 1.440026000000000000e+06 0.000000000000000000e+00
9.800000000000000000e+01 4.000000000000000000e+00 0.000000000000000000e+00 3.187493895439931750e+08 3.121328054915809035e+08 3.249760652795874476e+08 3.193104100434685349e+08 1.153418434095382690e+05 1.440026000000000000e+06 0.000000000000000000e+00
9.900000000000000000e+01 4.000000000000000000e+00 0.000000000000000000e+00 3.194319526921662688e+08 3.130104690783045888e+08 3.396464802648317218e+08 3.345732191442939639e+08 1.169271101267337799e+05 1.440026000000000000e+06 0.000000000000000000e+00
1.000000000000000000e+02 4.000000000000000000e+00 0.000000000000000000e+00 3.043156551255315542e+08 2.977262231165646315e+08 3.284489941556072235e+08 3.227616338208857179e+08 1.078107937550544739e+05 1.440026000000000000e+06 0.000000000000000000e+00
1.010000000000000000e+02 4.000000000000000000e+00 0.000000000000000000e+00 3.115103694945038557e+08 3.042216285003947616e+08 3.277629088580392599e+08 3.221949365983029604e+08 1.210659159655570984e+05 1.440026000000000000e+06 0.000000000000000000e+00
1.020000000000000000e+02 4.000000000000000000e+00 0.000000000000000000e+00 3.201776352404394150e+08 3.139951673200186491e+08 3.442524205459334254e+08 3.393158956621056795e+08 1.133516311106681824e+05 1.440026000000000000e+06 0.000000000000000000e+00
1.030000000000000000e+02 4.000000000000000000e+00 0.000000000000000000e+00 3.215189182035342455e+08 3.156900598897102475e+08 3.449032146386241317e+08 3.400285306678697467e+08 7.464725282645225525e+04 9.550340000000000000e+05 0.000000000000000000e+00
1.040000000000000000e+02 4.000000000000000000e+00 0.000000000000000000e+00 3.170786260534814596e+08 3.103092614145990014e+08 3.422335026655362248e+08 3.378121535301190019e+08 1.018506062328815460e+05 1.440026000000000000e+06 0.000000000000000000e+00
1.050000000000000000e+02 4.000000000000000000e+00 0.000000000000000000e+00 3.130333162150387168e+08 3.069635064380355477e+08 3.217957703153046370e+08 3.158310520178750157e+08 1.022109345009326935e+05 1.440026000000000000e+06 0.000000000000000000e+00
1.060000000000000000e+02 4.000000000000000000e+00 0.000000000000000000e+00 3.107819154479445219e+08 3.043438477605617046e+08 3.436205379455128312e+08 3.383219292171238661e+08 1.072211232755184174e+05 1.440026000000000000e+06 0.000000000000000000e+00
1.070000000000000000e+02 4.000000000000000000e+00 0.000000000000000000e+00 3.139896687824672461e+08 3.078244302521914840e+08 3.395928110290286541e+08 3.349383932056031823e+08 1.104122080874443054e+05 1.440026000000000000e+06 0.000000000000000000e+00
1.080000000000000000e+02 4.000000000000000000e+00 0.000000000000000000e+00 3.165272419510036111e+08 3.098734849774805903e+08 3.375830835927739143e+08 3.327111790580947399e+08 1.149871141908168793e+05 1.440026000000000000e+06 0.000000000000000000e+00
1.090000000000000000e+02 4.000000000000000000e+00 0.000000000000000000e+00 3.178413349967239499e+08 3.114643139761972427e+08 3.198278207776267529e+08 3.149200452403196692e+08 1.086351873040199280e+05 1.440026000000000000e+06 0.000000000000000000e+00
1.100000000000000000e+02 4.000000000000000000e+00 0.000000000000000000e+00 3.047954390765545964e+08 2.976993857892079949e+08 3.256225309205806851e+08 3.213614723644444346e+08 1.155920104701519012e+05 1.440026000000000000e+06 0.000000000000000000e+00
1.110000000000000000e+02 4.000000000000000000e+00 0.000000000000000000e+00 3.147303182964671850e+08 3.080331948035719395e+08 3.398250945517119169e+08 3.346590551105458140e+08 1.120626953301429749e+05 1.440026000000000000e+06 0.000000000000000000e+00
1.120000000000000000e+02 4.000000000000000000e+00 0.000000000000000000e+00 3.183819404734608531e+08 3.118816997462909222e+08 3.328719081552963853e+08 3.264260497217398882e+08 1.213964604120254517e+05 1.440026000000000000e+06 0.000000000000000000e+00
1.130000000000000000e+02 4.000000000000000000e+00 0.000000000000000000e+00 3.011486867770833373e+08 2.939075245752636790e+08 3.259401308604782820e+08 3.211262968312959671e+08 1.091079372186660767e+05 1.440026000000000000e+06 0.000000000000000000e+00
1.140000000000000000e+02 4.000000000000000000e+00 0.000000000000000000e+00 3.161051091403561831e+08 3.098296251092958450e+08 3.392652484495566487e+08 3.336922703222397566e+08 1.148695834248065948e+05 1.440026000000000000e+06 0.000000000000000000e+00
1.150000000000000000e+02 4.000000000000000000e+00 0.000000000000000000e+00 3.203376151713656783e+08 3.137236904264952540e+08 3.416330677637289166e+08 3.364441472743923664e+08 1.047172817649841309e+05 1.368026000000000000e+06 0.000000000000000000e+00
1.160000000000000000e+02 4.000000000000000000e+00 0.000000000000000000e+00 3.137658085201376081e+08 3.078924472061948180e+08 3.451493461240891814e+08 3.404340319446005225e+08 1.183067987844944000e+05 1.440026000000000000e+06 0.000000000000000000e+00
1.170000000000000000e+02 4.000000000000000000e+00 0.000000000000000000e+00 3.203881323048291206e+08 3.137207496925116777e+08 3.355719703259565830e+08 3.313469926731721759e+08 1.111947424130439758e+05 1.440026000000000000e+06 0.000000000000000000e+00
1.180000000000000000e+02 4.000000000000000000e+00 0.000000000000000000e+00 3.150336250075889230e+08 3.082003683039354682e+08 3.267663096352909803e+08 3.206751991244994998e+08 1.094836017279624939e+05 1.440026000000000000e+06 0.000000000000000000e+00
1.190000000000000000e+02 4.000000000000000000e+00 0.000000000000000000e+00 3.195361316975414753e+08 3.127374420544378161e+08 3.430643176062449813e+08 3.378873910785637498e+08 1.135808181340694427e+05 1.440026000000000000e+06 0.000000000000000000e+00
1.200000000000000000e+02 4.000000000000000000e+00 0.000000000000000000e+00 3.198892897866572142e+08 3.134278977014281154e+08 3.408749227350749373e+08 3.360680530939686894e+08 1.143885904595851898e+05 1.440026000000000000e+06 0.000000000000000000e+00
1.210000000000000000e+02 4.000000000000000000e+00 0.000000000000000000e+00 3.158450363984404206e+08 3.090593343770455718e+08 3.284969739661501646e+08 3.238961675395253897e+08 1.131071529514789581e+05 1.440026000000000000e+06 0.000000000000000000e+00
1.220000000000000000e+02 4.000000000000000000e+00 0.000000000000000000e+00 3.165873361363701224e+08 3.101767063381677866e+08 3.432151963735865355e+08 3.384083121170086265e+08 1.133909151678085327e+05 1.440026000000000000e+06 0.000000000000000000e+00
1.230000000000000000e+02 4.000000000000000000e+00 0.000000000000000000e+00 3.184855134834778905e+08 3.115942453262774348e+08 3.363494193980511427e+08 3.308309988507298827e+08 1.112285174748897552e+05 1.440026000000000000e+06 0.000000000000000000e+00
1.240000000000000000e+02 4.000000000000000000e+00 0.000000000000000000e+00 3.120071312315477133e+08 3.045685080573709607e+08 3.282509199590206146e+08 3.230063965817431808e+08 1.090012465922832489e+05 1.440026000000000000e+06 0.000000000000000000e+00
1.250000000000000000e+02 4.000000000000000000e+00 0.000000000000000000e+00 3.149052507717707157e+08 3.088264549759762287e+08 3.382098760498755574e+08 3.328634889080157280e+08 1.126244332745075226e+05 1.440026000000000000e+06 0.000000000000000000e+00
1.260000000000000000e+02 4.000000000000000000e+00 0.000000000000000000e+00 3.229228378699432015e+08 3.167433406007635593e+08 3.365995481351124048e+08 3.313565906475623250e+08 7.275259282255172729e+04 9.488420000000000000e+05 0.000000000000000000e+00
1.270000000000000000e+02 4.000000000000000000e+00 0.000000000000000000e+00 3.217964396380093694e+08 3.148688829600229263e+08 3.228658028892170787e+08 3.170467184997401834e+08 1.121805481142997742e+05 1.440026000000000000e+06 0.000000000000000000e+00
1.280000000000000000e+02 4.000000000000000000e+00 0.000000000000000000e+00 3.134531356428367496e+08 3.065696468519133925e+08 3.272485974535172582e+08 3.202429053805928826e+08 1.099750829219818115e+05 1.440026000000000000e+06 0.000000000000000000e+00
1.290000000000000000e+02 4.000000000000000000e+00 0.000000000000000000e+00 3.095836011188444495e+08 3.026218276085152030e+08 3.390330760074154735e+08 3.339277060464590788e+08 1.130232779619693756e+05 1.440026000000000000e+06 0.000000000000000000e+00
1.300000000000000000e+02 4.000000000000000000e+00 0.000000000000000000e+00 3.092215149368399382e+08 3.028429190383389592e+08 3.254594139314627051e+08 3.191924947844588161e+08 1.103859047577381134e+05 1.440026000000000000e+06 0.000000000000000000e+00
1.310000000000000000e+02 4.000000000000000000e+00 0.000000000000000000e+00 3.158842902166318893e+08 3.095224996327396631e+08 3.344904695476102233e+08 3.304288272268415093e+08 1.163046752648353577e+05 1.440026000000000000e+06 0.000000000000000000e+00
1.320000000000000000e+02 4.000000000000000000e+00 0.000000000000000000e+00 3.095553464890069962e+08 3.030774350465513468e+08 3.374970901617146134e+08 3.329686277536021471e+08 1.118498268580436707e+05 1.440026000000000000e+06 0.000000000000000000e+00
1.330000000000000000e+02 4.000000000000000000e+00 0.000000000000000000e+00 3.129581172328999043e+08 3.056801648911985159e+08 3.173768410568584800e+08 3.125855101987019181e+08 1.032286025235652924e+05 1.440026000000000000e+06 0.000000000000000000e+00
1.340000000000000000e+02 4.000000000000000000e+00 0.000000000000000000e+00 3.210366240951071978e+08 3.147905993599793911e+08 3.325952763329271078e+08 3.277441019851330519e+08 1.096656006867885590e+05 1.440026000000000000e+06 0.000000000000000000e+00
1.350000000000000000e+02 4.000000000000000000e+00 0.000000000000000000e+00 3.163261867947540879e+08 3.096234506737870574e+08 3.383177019199559689e+08 3.329155486300043464e+08 9.074322567200660706e+04 1.262906000000000000e+06 0.000000000000000000e+00
1.360000000000000000e+02 4.000000000000000000e+00 0.000000000000000000e+00 3.180644208519257903e+08 3.120752794528746605e+08 3.348171909253546000e+08 3.298299626025030017e+08 1.000762323529720306e+05 1.440026000000000000e+06 0.000000000000000000e+00
1.370000000000000000e+02 4.000000000000000000e+00 0.000000000000000000e+00 3.014639207343347073e+08 2.952159176206146479e+08 3.354587530770788789e+08 3.311579425458798409e+08 1.038474143314361572e+05 1.440026000000000000e+06 0.000000000000000000e+00
1.380000000000000000e+02 4.000000000000000000e+00 0.000000000000000000e+00 3.072496574592034221e+08 2.999431101307099462e+08 3.331301083438715339e+08 3.271711422176652551e+08 1.084404598498344421e+05 1.440026000000000000e+06 0.000000000000000000e+00
1.390000000000000000e+02 4.000000000000000000e+00 0.000000000000000000e+00 3.170756303144671321e+08 3.099448997098736167e+08 3.265269857969189286e+08 3.205155874596650600e+08 1.136500036714076996e+05 1.440026000000000000e+06 0.000000000000000000e+00
1.400000000000000000e+02 4.000000000000000000e+00 0.000000000000000000e+00 3.208329317623834014e+08 3.143835640898810029e+08 3.385992932872527838e+08 3.330414774007890821e+08 1.130651460416316986e+05 1.440026000000000000e+06 0.000000000000000000e+00
1.410000000000000000e+02 4.000000000000000000e+00 0.000000000000000000e+00 3.043653800091579556e+08 2.982369144884706140e+08 3.310625037926014066e+08 3.261287764421889186e+08 1.023853911104202271e+05 1.440026000000000000e+06 0.000000000000000000e+00
1.420000000000000000e+02 4.000000000000000000e+00 0.000000000000000000e+00 3.185554074994646311e+08 3.117826755168049932e+08 3.412384249686493874e+08 3.361325962739515901e+08 1.070162843828201294e+05 1.440026000000000000e+06 0.000000000000000000e+00
1.430000000000000000e+02 4.000000000000000000e+00 0.000000000000000000e+00 3.119123846757944226e+08 3.054215821081972122e+08 3.298924119846563935e+08 3.250192307783058286e+08 1.129876653318405151e+05 1.440026000000000000e+06 0.000000000000000000e+00
1.440000000000000000e+02 4.000000000000000000e+00 0.000000000000000000e+00 3.107448977429382801e+08 3.042974952889667749e+08 3.296696261313924193e+08 3.244966947010924220e+08 1.135927170116901398e+05 1.440026000000000000e+06 0.000000000000000000e+00
1.450000000000000000e+02 4.000000000000000000e+00 0.000000000000000000e+00 3.084552948726745844e+08 3.020357669128835201e+08 3.231183312586753368e+08 3.189389304437636733e+08 1.138668510212898254e+05 1.440026000000000000e+06 0.000000000000000000e+00
1.460000000000000000e+02 4.000000000000000000e+00 0.000000000000000000e+00 3.101582210627219081e+08 3.023847876164055467e+08 3.283888674235078096e+08 3.229491827054583430e+08 1.117614607167243958e+05 1.440026000000000000e+06 0.000000000000000000e+00
1.470000000000000000e+02 4.000000000000000000e+00 0.000000000000000000e+00 3.122629132244448066e+08 3.050633636833388805e+08 3.311873507624449730e+08 3.254714846950482130e+08 1.141743246114253998e+05 1.440026000000000000e+06 0.000000000000000000e+00
1.480000000000000000e+02 4.000000000000000000e+00 0.000000000000000000e+00 3.118608829516455531e+08 3.055901679096864462e+08 3.368025332994468808e+08 3.311834722752540112e+08 1.144534016783237457e+05 1.440026000000000000e+06 0.000000000000000000e+00
1.490000000000000000e+02 4.000000000000000000e+00 0.000000000000000000e+00 3.009744717512521148e+08 2.935945381367800832e+08 3.428466402397452593e+08 3.387736515970680714e+08 1.123819448506832123e+05 1.440026000000000000e+06 0.000000000000000000e+00
1.500000000000000000e+02 4.000000000000000000e+00 0.000000000000000000e+00 3.138949545015707612e+08 3.070340769689745307e+08 3.427818337283660173e+08 3.375172643214180470e+08 1.108826891257762909e+05 1.440026000000000000e+06 0.000000000000000000e+00
1.510000000000000000e+02 4.000000000000000000e+00 0.000000000000000000e+00 3.206549671759402156e+08 3.144001031654276252e+08 3.311897855467046499e+08 3.255100077663239241e+08 1.128248797082901001e+05 1.440026000000000000e+06 0.000000000000000000e+00
1.520000000000000000e+02 4.000000000000000000e+00 0.000000000000000000e+00 3.141756314635225534e+08 3.081342964871948361e+08 3.275971030286096334e+08 3.217535934220594764e+08 1.160906451377868652e+05 1.440026000000000000e+06 0.000000000000000000e+00
1.530000000000000000e+02 4.000000000000000000e+00 0.000000000000000000e+00 3.167282388242915869e+08 3.102564266072506309e+08 3.285616043982225060e+08 3.224990556215056181e+08 1.090176898882389069e+05 1.440026000000000000e+06 0.000000000000000000e+00
1.540000000000000000e+02 4.000000000000000000e+00 0.000000000000000000e+00 3.112342838778397441e+08 3.049297326262921095e+08 3.254520842386583090e+08 3.193575065881693959e+08 1.111644111971855164e+05 1.440026000000000000e+06 0.000000000000000000e+00
1.550000000000000000e+02 4.000000000000000000e+00 0.000000000000000000e+00 3.132573827407332063e+08 3.064747918591815829e+08 3.403080255640609264e+08 3.350635073896120787e+08 1.099548547298908234e+05 1.440026000000000000e+06 0.000000000000000000e+00
1.560000000000000000e+02 4.000000000000000000e+00 0.000000000000000000e+00 3.126337884599084258e+08 3.056179658196913600e+08 3.387832440617352724e+08 3.345801632322371006e+08 1.122115660762786865e+05 1.440026000000000000e+06 0.000000000000000000e+00
1.570000000000000000e+02 4.000000000000000000e+00 0.000000000000000000e+00 3.204629016507850885e+08 3.145453950067129135e+08 3.438481206083555222e+08 3.389545681254099607e+08 1.179903487861156464e+05 1.440026000000000000e+06 0.000000000000000000e+00
1.580000000000000000e+02 4.000000000000000000e+00 0.000000000000000000e+00 3.096065740530375838e+08 3.021685261850525737e+08 3.398995447934672832e+08 3.344938242323619723e+08 1.141460010247230530e+05 1.440026000000000000e+06 0.000000000000000000e+00
1.590000000000000000e+02 4.000000000000000000e+00 0.000000000000000000e+00 3.168617783054027557e+08 3.106388047075039744e+08 3.166780072282384634e+08 3.094059975209432840e+08 1.169290851116180420e+05 1.440026000000000000e+06 0.000000000000000000e+00
1.600000000000000000e+02 4.000000000000000000e+00 0.000000000000000000e+00 3.190393213136456609e+08 3.122891851941667795e+08 3.415777463704118729e+08 3.365563291396256089e+08 1.143598365797996521e+05 1.440026000000000000e+06 0.000000000000000000e+00
1.610000000000000000e+02 4.000000000000000000e+00 0.000000000000000000e+00 3.210085526642932296e+08 3.153220695297636986e+08 3.345829094661368728e+08 3.297349250950700641e+08 1.173455382692813873e+05 1.440026000000000000e+06 0.000000000000000000e+00
1.620000000000000000e+02 4.000000000000000000e+00 0.000000000000000000e+00 3.190194329449485540e+08 3.125721557463368773e+08 3.327302097541891932e+08 3.274683946536532044e+08 1.149484938201904297e+05 1.440026000000000000e+06 0.000000000000000000e+00
1.630000000000000000e+02 4.000000000000000000e+00 0.000000000000000000e+00 3.127122782442700863e+08 3.060188258356112838e+08 3.299783329542642236e+08 3.240908523046302199e+08 1.140510794837474823e+05 1.440026000000000000e+06 0.000000000000000000e+00
1.640000000000000000e+02 4.000000000000000000e+00 0.000000000000000000e+00 3.123641741114810705e+08 3.053939795532001257e+08 3.257413633628851175e+08 3.195118610829812288e+08 1.091963601629734039e+05 1.440026000000000000e+06 0.000000000000000000e+00
1.650000000000000000e+02 4.000000000000000000e+00 0.000000000000000000e+00 3.183040868097409010e+08 3.115969117353786826e+08 3.325062265748378038e+08 3.266729758030406237e+08 1.116342301945686340e+05 1.440026000000000000e+06 0.000000000000000000e+00
1.660000000000000000e+02 4.000000000000000000e+00 0.000000000000000000e+00 3.163777201903888583e+08 3.102915054043195844e+08 3.324032966803779006e+08 3.263024835616949797e+08 1.169803721897602081e+05 1.440026000000000000e+06 0.000000000000000000e+00
1.670000000000000000e+02 4.000000000000000000e+00 0.000000000000000000e+00 3.086857193454847336e+08 3.004893469688258767e+08 3.241047992811936736e+08 3.186102295743318796e+08 1.083314298322200775e+05 1.440026000000000000e+06 0.000000000000000000e+00
1.680000000000000000e+02 4.000000000000000000e+00 0.000000000000000000e+00 3.102400631782733202e+08 3.023402576497816443e+08 3.376193095294778943e+08 3.326047263359128833e+08 1.086981440901756287e+05 1.440026000000000000e+06 0.000000000000000000e+00
1.690000000000000000e+02 4.000000000000000000e+00 0.000000000000000000e+00 3.121788552976487279e+08 3.053972434841483831e+08 3.252399735548466444e+08 3.194978216222772002e+08 1.150598180723190308e+05 1.440026000000000000e+06 0.000000000000000000e+00
1.700000000000000000e+02 4.000000000000000000e+00 0.000000000000000000e+00 3.160563422648386359e+08 3.095810447361069918e+08 3.338991605629771948e+08 3.294337364663503766e+08 1.154246614427566528e+05 1.440026000000000000e+06 0.000000000000000000e+00
1.710000000000000000e+02 4.000000000000000000e+00 0.000000000000000000e+00 3.147323189804112911e+08 3.077520099546087980e+08 3.280781874043564796e+08 3.216843290252808332e+08 1.106506697068214417e+05 1.440026000000000000e+06 0.000000000000000000e+00
1.720000000000000000e+02 4.000000000000000000e+00 0.000000000000000000e+00 3.118101404300486445e+08 3.057794465035012960e+08 3.264772106164411902e+08 3.204447720158476233e+08 1.060994106063842773e+05 1.440026000000000000e+06 0.000000000000000000e+00
1.730000000000000000e+02 4.000000000000000000e+00 0.000000000000000000e+00 3.227763457519989014e+08 3.165801584302656651e+08 3.352375480400679111e+08 3.291576458905052543e+08 1.167285212063789368e+05 1.440026000000000000e+06 0.000000000000000000e+00
1.740000000000000000e+02 4.000000000000000000e+00 0.000000000000000000e+00 3.160590293863562346e+08 3.098259331549587250e+08 3.407315828768281937e+08 3.352764213105511069e+08 1.136854331612586975e+05 1.440026000000000000e+06 0.000000000000000000e+00
1.750000000000000000e+02 4.000000000000000000e+00 0.000000000000000000e+00 3.213780972171942592e+08 3.143764649929151535e+08 3.475732714291471243e+08 3.426754839756842256e+08 1.096494458632469177e+05 1.440026000000000000e+06 0.000000000000000000e+00
1.760000000000000000e+02 4.000000000000000000e+00 0.000000000000000000e+00 3.114464041096576452e+08 3.049366441848450303e+08 3.403336456841926575e+08 3.359288667399461269e+08 1.128022970623970032e+05 1.440026000000000000e+06 0.000000000000000000e+00
1.770000000000000000e+02 4.000000000000000000e+00 0.000000000000000000e+00 3.143576275519430041e+08 3.079446430895732641e+08 3.405179954524694681e+08 3.353425828123099208e+08 1.105911055898666382e+05 1.440026000000000000e+06 0.000000000000000000e+00
1.780000000000000000e+02 4.000000000000000000e+00 0.000000000000000000e+00 3.155923891470498443e+08 3.088009253028067946e+08 3.421790999103391171e+08 3.368676865091171861e+08 8.239854546189308167e+04 1.054682000000000000e+06 0.000000000000000000e+00
1.790000000000000000e+02 4.000000000000000000e+00 0.000000000000000000e+00 3.086692192954691648e+08 3.010904967862616181e+08 3.322671558911002874e+08 3.269245926938895583e+08 1.127849370787143707e+05 1.440026000000000000e+06 0.000000000000000000e+00
1.800000000000000000e+02 4.000000000000000000e+00 0.000000000000000000e+00 3.080861846850173473e+08 3.001105403339784741e+08 3.445927129651709795e+08 3.396072898445366025e+08 1.103244790365695953e+05 1.440026000000000000e+06 0.000000000000000000e+00
1.810000000000000000e+02 4.000000000000000000e+00 0.000000000000000000e+00 3.111785182942169309e+08 3.045945963200746179e+08 3.324156687783226967e+08 3.263888375909180045e+08 1.109703886582851410e+05 1.440026000000000000e+06 0.000000000000000000e+00
1.820000000000000000e+02 4.000000000000000000e+00 0.000000000000000000e+00 3.242435677303720713e+08 3.180669369170957804e+08 3.354116840947759151e+08 3.292744571658526659e+08 7.914304102635383606e+04 9.894500000000000000e+05 0.000000000000000000e+00
1.830000000000000000e+02 4.000000000000000000e+00 0.000000000000000000e+00 3.182151949162477851e+08 3.116791376569043994e+08 3.409109587097080350e+08 3.356451025531436801e+08 9.253584950375556946e+04 1.181834000000000000e+06 0.000000000000000000e+00
1.840000000000000000e+02 4.000000000000000000e+00 0.000000000000000000e+00 3.234289776663459539e+08 3.180185162576299310e+08 3.324771534163422585e+08 3.276744534552838206e+08 1.127539204041957855e+05 1.440026000000000000e+06 0.000000000000000000e+00
1.850000000000000000e+02 4.000000000000000000e+00 0.000000000000000000e+00 3.255609938555970788e+08 3.187882687604090571e+08 3.297623846193337440e+08 3.237313386890148520e+08 1.131172623038291931e+05 1.440026000000000000e+06 0.000000000000000000e+00
1.860000000000000000e+02 4.000000000000000000e+00 0.000000000000000000e+00 3.174947157494907975e+08 3.111999500878619552e+08 3.290993305274112821e+08 3.232427517301117182e+08 1.133825251905918121e+05 1.440026000000000000e+06 0.000000000000000000e+00
1.870000000000000000e+02 4.000000000000000000e+00 0.000000000000000000e+00 3.122230529972899556e+08 3.056734682122290134e+08 3.393604506140271425e+08 3.339445796873475313e+08 1.128576558594703674e+05 1.440026000000000000e+06 0.000000000000000000e+00
1.880000000000000000e+02 4.000000000000000000e+00 0.000000000000000000e+00 3.177070068291714191e+08 3.118338555524048805e+08 3.395123160092543960e+08 3.338809460779961944e+08 1.116407504856586456e+05 1.440026000000000000e+06 0.000000000000000000e+00
1.890000000000000000e+02 4.000000000000000000e+00 0.000000000000000000e+00 3.182078825176396370e+08 3.117074068482439518e+08 3.323910829740840793e+08 3.271767140497130752e+08 1.144509021108150482e+05 1.440026000000000000e+06 0.000000000000000000e+00
1.900000000000000000e+02 4.000000000000000000e+00 0.000000000000000000e+00 3.186315494824995995e+08 3.123926797903879881e+08 3.395422660937933922e+08 3.338981277467504740e+08 1.111683720333576202e+05 1.440026000000000000e+06 0.000000000000000000e+00
1.910000000000000000e+02 4.000000000000000000e+00 0.000000000000000000e+00 3.232462123783117533e+08 3.170881318731674552e+08 3.384832469002652764e+08 3.327849879775078297e+08 1.177811891689300537e+05 1.440026000000000000e+06 0.000000000000000000e+00
1.920000000000000000e+02 4.000000000000000000e+00 0.000000000000000000e+00 3.101953833056025505e+08 3.026640740285896063e+08 3.442089911060705781e+08 3.393885946569448113e+08 1.061384878039360046e+05 1.440026000000000000e+06 0.000000000000000000e+00
1.930000000000000000e+02 4.000000000000000000e+00 0.000000000000000000e+00 3.147997561859373450e+08 3.075352548082589507e+08 3.408573415725125074e+08 3.364545471541815996e+08 1.110471842668056488e+05 1.440026000000000000e+06 0.000000000000000000e+00
1.940000000000000000e+02 4.000000000000000000e+00 0.000000000000000000e+00 3.192196674252782464e+08 3.130701197036098838e+08 3.272315843860383630e+08 3.209184883289572597e+08 1.164653338079452515e+05 1.440026000000000000e+06 0.000000000000000000e+00
1.950000000000000000e+02 4.000000000000000000e+00 0.000000000000000000e+00 3.160138360602746010e+08 3.100519974649697542e+08 3.221651447962964773e+08 3.162009994511471391e+08 1.166940062108039856e+05 1.440026000000000000e+06 0.000000000000000000e+00
1.960000000000000000e+02 4.000000000000000000e+00 0.000000000000000000e+00 3.241709196850241423e+08 3.179093155720465183e+08 3.443976267885591984e+08 3.391292831283142567e+08 1.105686331083774567e+05 1.440026000000000000e+06 0.000000000000000000e+00
1.970000000000000000e+02 4.000000000000000000e+00 0.000000000000000000e+00 3.108785060523443818e+08 3.050649003553380370e+08 3.269495052347010970e+08 3.214668469633886218e+08 1.152388114185333252e+05 1.440026000000000000e+06 0.000000000000000000e+00
1.980000000000000000e+02 4.000000000000000000e+00 0.000000000000000000e+00 3.211167248030154705e+08 3.146148080524837375e+08 3.251923423728855252e+08 3.201518756146797538e+08 1.181334334220886230e+05 1.440026000000000000e+06 0.000000000000000000e+00
1.990000000000000000e+02 4.000000000000000000e+00 0.000000000000000000e+00 3.137819779055620432e+08 3.073606533223178983e+08 3.417769055776544213e+08 3.363153689101756215e+08 1.118759151160717010e+05 1.440026000000000000e+06 0.000000000000000000e+00
