# # run number, exp fac, ti calc, ti opt, aep init calc (kW), aep init opt (kW), aep run calc (kW), aep run opt (kW), run time (s), obj func calls, sens func calls
0.000000000000000000e+00 1.000000000000000000e+00 4.000000000000000000e+00 0.000000000000000000e+00 9.698615658924242258e+08 9.608335942011314631e+08 1.044272220860232830e+09 1.043579458264939666e+09 1.992390758991241455e+02 1.300000000000000000e+02 1.260000000000000000e+02
1.000000000000000000e+00 1.000000000000000000e+00 4.000000000000000000e+00 0.000000000000000000e+00 8.194714595797584057e+08 8.017850895129568577e+08 9.842236559632611275e+08 9.836142473594499826e+08 5.970755038261413574e+02 2.320000000000000000e+02 2.280000000000000000e+02
2.000000000000000000e+00 1.000000000000000000e+00 4.000000000000000000e+00 0.000000000000000000e+00 8.146508322264180183e+08 7.944748787986153364e+08 1.001351057210664868e+09 1.000593118164123535e+09 4.915167930126190186e+02 2.870000000000000000e+02 2.820000000000000000e+02
3.000000000000000000e+00 1.000000000000000000e+00 4.000000000000000000e+00 0.000000000000000000e+00 8.685256195739291906e+08 8.554130359384670258e+08 1.004420114757682204e+09 1.003803405971440315e+09 5.363664650917053223e+02 3.280000000000000000e+02 3.230000000000000000e+02
4.000000000000000000e+00 1.000000000000000000e+00 4.000000000000000000e+00 0.000000000000000000e+00 8.614953989516531229e+08 8.425276894750173092e+08 9.977532811083788872e+08 9.958038317984795570e+08 3.805880661010742188e+02 2.060000000000000000e+02 2.020000000000000000e+02
5.000000000000000000e+00 1.000000000000000000e+00 4.000000000000000000e+00 0.000000000000000000e+00 8.323195805467363596e+08 8.153156990793813467e+08 1.005546754394888759e+09 1.005020023963898182e+09 9.801340579986572266e+02 5.400000000000000000e+02 5.350000000000000000e+02
6.000000000000000000e+00 1.000000000000000000e+00 4.000000000000000000e+00 0.000000000000000000e+00 8.298717600765730143e+08 8.074307862883542776e+08 1.004346047296022773e+09 1.003024396228887677e+09 4.399664359092712402e+02 1.990000000000000000e+02 1.950000000000000000e+02
7.000000000000000000e+00 1.000000000000000000e+00 4.000000000000000000e+00 0.000000000000000000e+00 8.463316318084439039e+08 8.329355256793346405e+08 1.018458981191034198e+09 1.018974304411098480e+09 4.325210981369018555e+02 1.970000000000000000e+02 1.930000000000000000e+02
8.000000000000000000e+00 1.000000000000000000e+00 4.000000000000000000e+00 0.000000000000000000e+00 8.365283213574746847e+08 8.176724857575435638e+08 1.007556463041898966e+09 1.006983846237171173e+09 5.594071929454803467e+02 2.350000000000000000e+02 2.310000000000000000e+02
9.000000000000000000e+00 1.000000000000000000e+00 4.000000000000000000e+00 0.000000000000000000e+00 8.243563440019340515e+08 8.060215592025579214e+08 1.017385723512951016e+09 1.018259733520884395e+09 4.453549802303314209e+02 1.820000000000000000e+02 1.780000000000000000e+02
1.000000000000000000e+01 1.000000000000000000e+00 4.000000000000000000e+00 0.000000000000000000e+00 8.557321452490423918e+08 8.405500238519446850e+08 1.021864759463590980e+09 1.023104007955179930e+09 5.026653530597686768e+02 2.140000000000000000e+02 2.100000000000000000e+02
1.100000000000000000e+01 1.000000000000000000e+00 4.000000000000000000e+00 0.000000000000000000e+00 8.218779721089138985e+08 8.011624016702821255e+08 1.002524552188666701e+09 1.001490565857435942e+09 8.151903350353240967e+02 3.220000000000000000e+02 3.180000000000000000e+02
1.200000000000000000e+01 1.000000000000000000e+00 4.000000000000000000e+00 0.000000000000000000e+00 8.560055923708398342e+08 8.368821437116190195e+08 1.005237971536184072e+09 1.004353238218989849e+09 1.047654293060302734e+03 4.470000000000000000e+02 4.430000000000000000e+02
1.300000000000000000e+01 1.000000000000000000e+00 4.000000000000000000e+00 0.000000000000000000e+00 7.985456457433402538e+08 7.813937985588002205e+08 1.011794378013243914e+09 1.011812828649496675e+09 6.546380841732025146e+02 3.250000000000000000e+02 3.210000000000000000e+02
1.400000000000000000e+01 1.000000000000000000e+00 4.000000000000000000e+00 0.000000000000000000e+00 8.173470097511314154e+08 7.976546415601245165e+08 1.008891372732150912e+09 1.006574473578153491e+09 1.544499640941619873e+03 8.230000000000000000e+02 8.180000000000000000e+02
1.500000000000000000e+01 1.000000000000000000e+00 4.000000000000000000e+00 0.000000000000000000e+00 8.186882617099429369e+08 8.021601538304677010e+08 1.006377816077651262e+09 1.004173080752487183e+09 6.139918498992919922e+02 2.440000000000000000e+02 2.390000000000000000e+02
1.600000000000000000e+01 1.000000000000000000e+00 4.000000000000000000e+00 0.000000000000000000e+00 8.609993543305261135e+08 8.458847156217027903e+08 1.011780553232672095e+09 1.011640779920319080e+09 3.815296289920806885e+02 1.500000000000000000e+02 1.460000000000000000e+02
1.700000000000000000e+01 1.000000000000000000e+00 4.000000000000000000e+00 0.000000000000000000e+00 8.320884566734415293e+08 8.155506723434416056e+08 9.887733728239264488e+08 9.876642135289167166e+08 5.613237261772155762e+02 2.960000000000000000e+02 2.910000000000000000e+02
1.800000000000000000e+01 1.000000000000000000e+00 4.000000000000000000e+00 0.000000000000000000e+00 8.081747523021608591e+08 7.879396041077604294e+08 9.851226092082846165e+08 9.832480747865632772e+08 4.610121059417724609e+02 2.290000000000000000e+02 2.250000000000000000e+02
1.900000000000000000e+01 1.000000000000000000e+00 4.000000000000000000e+00 0.000000000000000000e+00 8.787295427163072824e+08 8.638260753543312550e+08 1.000554676626099706e+09 9.987299888378653526e+08 9.678907570838928223e+02 4.150000000000000000e+02 4.110000000000000000e+02
2.000000000000000000e+01 1.000000000000000000e+00 4.000000000000000000e+00 0.000000000000000000e+00 8.486920821973627806e+08 8.294985580547249317e+08 9.970865423330874443e+08 9.958336333245145082e+08 1.504879961013793945e+03 5.150000000000000000e+02 5.110000000000000000e+02
2.100000000000000000e+01 1.000000000000000000e+00 4.000000000000000000e+00 0.000000000000000000e+00 8.425646208444045782e+08 8.200539199242169857e+08 1.022512626518395543e+09 1.021763147990167499e+09 2.704859051704406738e+02 1.550000000000000000e+02 1.510000000000000000e+02
2.200000000000000000e+01 1.000000000000000000e+00 4.000000000000000000e+00 0.000000000000000000e+00 8.670167835704218149e+08 8.508548172045294046e+08 1.010974892302527308e+09 1.010629538814511776e+09 3.633950781822204590e+02 2.340000000000000000e+02 2.300000000000000000e+02
2.300000000000000000e+01 1.000000000000000000e+00 4.000000000000000000e+00 0.000000000000000000e+00 8.274085687483694553e+08 8.117889228494577408e+08 1.010914563492064118e+09 1.011067952230345964e+09 3.448104529380798340e+02 2.270000000000000000e+02 2.230000000000000000e+02
2.400000000000000000e+01 1.000000000000000000e+00 4.000000000000000000e+00 0.000000000000000000e+00 8.270643367233660221e+08 8.080517385251932144e+08 1.019056727470435500e+09 1.018748086091746807e+09 1.301655675888061523e+03 7.160000000000000000e+02 7.110000000000000000e+02
2.500000000000000000e+01 1.000000000000000000e+00 4.000000000000000000e+00 0.000000000000000000e+00 8.254192393565590382e+08 8.045229914134379625e+08 1.002846552903669357e+09 1.001428025775730848e+09 4.401982870101928711e+02 2.160000000000000000e+02 2.120000000000000000e+02
2.600000000000000000e+01 1.000000000000000000e+00 4.000000000000000000e+00 0.000000000000000000e+00 8.341095516421741247e+08 8.177242536823391914e+08 1.001147279675115585e+09 1.000567540889645338e+09 6.530278198719024658e+02 2.590000000000000000e+02 2.540000000000000000e+02
2.700000000000000000e+01 1.000000000000000000e+00 4.000000000000000000e+00 0.000000000000000000e+00 8.448280091984957457e+08 8.220443456316519976e+08 1.012033437523104072e+09 1.012218014583932161e+09 7.467208249568939209e+02 3.190000000000000000e+02 3.150000000000000000e+02
2.800000000000000000e+01 1.000000000000000000e+00 4.000000000000000000e+00 0.000000000000000000e+00 8.588971794474827051e+08 8.394917752868206501e+08 9.946026794033766985e+08 9.932855817402597666e+08 9.426317267894744873e+03 5.878000000000000000e+03 5.874000000000000000e+03
2.900000000000000000e+01 1.000000000000000000e+00 4.000000000000000000e+00 0.000000000000000000e+00 8.684423135368735790e+08 8.477081694869778156e+08 1.000145856821314931e+09 9.998547922219706774e+08 3.875524890422821045e+02 1.520000000000000000e+02 1.480000000000000000e+02
3.000000000000000000e+01 1.000000000000000000e+00 4.000000000000000000e+00 0.000000000000000000e+00 8.538095658862922192e+08 8.354588558924130201e+08 1.006768764430237174e+09 1.006144933181215763e+09 4.126109759807586670e+02 2.020000000000000000e+02 1.980000000000000000e+02
3.100000000000000000e+01 1.000000000000000000e+00 4.000000000000000000e+00 0.000000000000000000e+00 8.234845958994250298e+08 8.055443185341757536e+08 1.010932107627900600e+09 1.008902043124461651e+09 7.190798330307006836e+02 3.940000000000000000e+02 3.900000000000000000e+02
3.200000000000000000e+01 1.000000000000000000e+00 4.000000000000000000e+00 0.000000000000000000e+00 8.386373479890394211e+08 8.165030863122874498e+08 9.967624830610044003e+08 9.951805434339084625e+08 5.301394500732421875e+02 1.870000000000000000e+02 1.830000000000000000e+02
3.300000000000000000e+01 1.000000000000000000e+00 4.000000000000000000e+00 0.000000000000000000e+00 8.284953925953204632e+08 8.111921734972943068e+08 9.951091719461671114e+08 9.947355178083136082e+08 2.073496185064315796e+03 9.460000000000000000e+02 9.410000000000000000e+02
3.400000000000000000e+01 1.000000000000000000e+00 4.000000000000000000e+00 0.000000000000000000e+00 8.286634636958100796e+08 8.094298731471581459e+08 1.001530761655037165e+09 1.002131969199891210e+09 6.709236710071563721e+02 3.400000000000000000e+02 3.350000000000000000e+02
3.500000000000000000e+01 1.000000000000000000e+00 4.000000000000000000e+00 0.000000000000000000e+00 8.111948028508449793e+08 7.896916040769451857e+08 1.001221964609843612e+09 9.990305452008605003e+08 7.208905959129333496e+02 3.760000000000000000e+02 3.710000000000000000e+02
3.600000000000000000e+01 1.000000000000000000e+00 4.000000000000000000e+00 0.000000000000000000e+00 8.516402273869673014e+08 8.319469261655465364e+08 1.013789380850003600e+09 1.014862782236496329e+09 9.274042828083038330e+02 3.760000000000000000e+02 3.720000000000000000e+02
3.700000000000000000e+01 1.000000000000000000e+00 4.000000000000000000e+00 0.000000000000000000e+00 8.878748705692952871e+08 8.741564460484975576e+08 1.003335377017668009e+09 1.002305424542668700e+09 7.816640510559082031e+02 2.950000000000000000e+02 2.900000000000000000e+02
3.800000000000000000e+01 1.000000000000000000e+00 4.000000000000000000e+00 0.000000000000000000e+00 8.272891297160171270e+08 8.065178644081786871e+08 9.966607936052157879e+08 9.950660875838993788e+08 3.829100458621978760e+02 1.890000000000000000e+02 1.850000000000000000e+02
3.900000000000000000e+01 1.000000000000000000e+00 4.000000000000000000e+00 0.000000000000000000e+00 8.466245123714698553e+08 8.217624113423841000e+08 1.015611909016357422e+09 1.015273656050381422e+09 1.211654781484603882e+04 9.368000000000000000e+03 9.364000000000000000e+03
4.000000000000000000e+01 1.000000000000000000e+00 4.000000000000000000e+00 0.000000000000000000e+00 8.514681869738949537e+08 8.318775716933598518e+08 1.002096117321805000e+09 1.001592419077721834e+09 3.192700431346893311e+02 1.780000000000000000e+02 1.740000000000000000e+02
4.100000000000000000e+01 1.000000000000000000e+00 4.000000000000000000e+00 0.000000000000000000e+00 8.549386779972639084e+08 8.381358987069817781e+08 1.022301491022892118e+09 1.022438151988440037e+09 3.378121669292449951e+02 2.030000000000000000e+02 1.990000000000000000e+02
4.200000000000000000e+01 1.000000000000000000e+00 4.000000000000000000e+00 0.000000000000000000e+00 8.664828336407316923e+08 8.508617747999444008e+08 1.006274831038328290e+09 1.005682331118793964e+09 3.495432109832763672e+02 1.960000000000000000e+02 1.920000000000000000e+02
4.300000000000000000e+01 1.000000000000000000e+00 4.000000000000000000e+00 0.000000000000000000e+00 8.224867830647665262e+08 8.043810069601180553e+08 1.015887531359647751e+09 1.015819461632596016e+09 4.191570348739624023e+02 2.490000000000000000e+02 2.450000000000000000e+02
4.400000000000000000e+01 1.000000000000000000e+00 4.000000000000000000e+00 0.000000000000000000e+00 8.556705247222728729e+08 8.387190406793700457e+08 9.967273024322104454e+08 9.955440137129614353e+08 4.488145411014556885e+02 1.700000000000000000e+02 1.660000000000000000e+02
4.500000000000000000e+01 1.000000000000000000e+00 4.000000000000000000e+00 0.000000000000000000e+00 8.556516941213936806e+08 8.372363947755477428e+08 1.017748292357206583e+09 1.017912112366674423e+09 4.653324968814849854e+02 1.800000000000000000e+02 1.760000000000000000e+02
4.600000000000000000e+01 1.000000000000000000e+00 4.000000000000000000e+00 0.000000000000000000e+00 8.425574994422279596e+08 8.265860047816667557e+08 9.991499689971731901e+08 9.984176235624769926e+08 7.745685269832611084e+02 3.920000000000000000e+02 3.870000000000000000e+02
4.700000000000000000e+01 1.000000000000000000e+00 4.000000000000000000e+00 0.000000000000000000e+00 8.351068304747542143e+08 8.142721052894041538e+08 1.003066347545986056e+09 1.002706092876425743e+09 6.155941779613494873e+02 3.120000000000000000e+02 3.080000000000000000e+02
4.800000000000000000e+01 1.000000000000000000e+00 4.000000000000000000e+00 0.000000000000000000e+00 8.371803249190294743e+08 8.128174487643522024e+08 1.012901399132581949e+09 1.012122321448569059e+09 1.389485887050628662e+03 5.940000000000000000e+02 5.890000000000000000e+02
4.900000000000000000e+01 1.000000000000000000e+00 4.000000000000000000e+00 0.000000000000000000e+00 8.504133235109106302e+08 8.270028289139083624e+08 9.888843202005833387e+08 9.859409154519255161e+08 7.919460070133209229e+02 2.950000000000000000e+02 2.910000000000000000e+02
5.000000000000000000e+01 1.000000000000000000e+00 4.000000000000000000e+00 0.000000000000000000e+00 8.354004035377444029e+08 8.136996979382722378e+08 1.011247354208093762e+09 1.009714985363626838e+09 5.773754169940948486e+02 3.070000000000000000e+02 3.030000000000000000e+02
5.100000000000000000e+01 1.000000000000000000e+00 4.000000000000000000e+00 0.000000000000000000e+00 8.532730846862850189e+08 8.323217690669807196e+08 1.008713972963335037e+09 1.007058065942826867e+09 4.845234639644622803e+02 2.440000000000000000e+02 2.400000000000000000e+02
5.200000000000000000e+01 1.000000000000000000e+00 4.000000000000000000e+00 0.000000000000000000e+00 8.443480801298950911e+08 8.271638014315570593e+08 9.944335500513579845e+08 9.938557814355642796e+08 4.441024239063262939e+02 1.650000000000000000e+02 1.610000000000000000e+02
5.300000000000000000e+01 1.000000000000000000e+00 4.000000000000000000e+00 0.000000000000000000e+00 8.274728274846398830e+08 8.121421805547966957e+08 1.005125721413162351e+09 1.005305849196390748e+09 1.067024564027786255e+03 4.260000000000000000e+02 4.210000000000000000e+02
5.400000000000000000e+01 1.000000000000000000e+00 4.000000000000000000e+00 0.000000000000000000e+00 8.421817444442266226e+08 8.220509354325829744e+08 1.029707187130126476e+09 1.029028859362128139e+09 7.907878000736236572e+02 4.340000000000000000e+02 4.300000000000000000e+02
5.500000000000000000e+01 1.000000000000000000e+00 4.000000000000000000e+00 0.000000000000000000e+00 8.604110876268893480e+08 8.449332309926182032e+08 1.001030170398142457e+09 9.996270164258024693e+08 4.549300260543823242e+02 2.350000000000000000e+02 2.310000000000000000e+02
5.600000000000000000e+01 1.000000000000000000e+00 4.000000000000000000e+00 0.000000000000000000e+00 8.479021430069785118e+08 8.286771047281975746e+08 1.001292148200455785e+09 9.994992751658977270e+08 7.988289570808410645e+02 3.040000000000000000e+02 2.990000000000000000e+02
5.700000000000000000e+01 1.000000000000000000e+00 4.000000000000000000e+00 0.000000000000000000e+00 8.695442937174164057e+08 8.526981732278491259e+08 1.023061146380614161e+09 1.023522373168071151e+09 1.200020407915115356e+03 4.640000000000000000e+02 4.600000000000000000e+02
5.800000000000000000e+01 1.000000000000000000e+00 4.000000000000000000e+00 0.000000000000000000e+00 8.482931324209785461e+08 8.286723156361756325e+08 1.007862704501666307e+09 1.007459825526188254e+09 1.274868821859359741e+03 6.450000000000000000e+02 6.410000000000000000e+02
5.900000000000000000e+01 1.000000000000000000e+00 4.000000000000000000e+00 0.000000000000000000e+00 8.354176210794137716e+08 8.147257239797725677e+08 1.011120210496224880e+09 1.011103574061346292e+09 1.219576123952865601e+03 6.100000000000000000e+02 6.060000000000000000e+02
6.000000000000000000e+01 1.000000000000000000e+00 4.000000000000000000e+00 0.000000000000000000e+00 8.463994723831051588e+08 8.295715139753148556e+08 9.918922886308414936e+08 9.909703450335978270e+08 9.727406978607177734e+02 3.980000000000000000e+02 3.930000000000000000e+02
6.100000000000000000e+01 1.000000000000000000e+00 4.000000000000000000e+00 0.000000000000000000e+00 8.733558113068070412e+08 8.583564935596494675e+08 1.009764307810597658e+09 1.008960049427587867e+09 9.110032279491424561e+02 3.670000000000000000e+02 3.630000000000000000e+02
6.200000000000000000e+01 1.000000000000000000e+00 4.000000000000000000e+00 0.000000000000000000e+00 8.767687650739015341e+08 8.621052928511340618e+08 1.018790120942703247e+09 1.019687447694080114e+09 6.937319381237030029e+02 3.610000000000000000e+02 3.570000000000000000e+02
6.300000000000000000e+01 1.000000000000000000e+00 4.000000000000000000e+00 0.000000000000000000e+00 8.410134353692523241e+08 8.189830981919234991e+08 9.953853683838961124e+08 9.935850239011209011e+08 9.006803109645843506e+02 4.780000000000000000e+02 4.730000000000000000e+02
6.400000000000000000e+01 1.000000000000000000e+00 4.000000000000000000e+00 0.000000000000000000e+00 8.021904889360206127e+08 7.773217098178424835e+08 9.959695237804790735e+08 9.954866792210496664e+08 7.634466028213500977e+02 2.910000000000000000e+02 2.870000000000000000e+02
6.500000000000000000e+01 1.000000000000000000e+00 4.000000000000000000e+00 0.000000000000000000e+00 8.228700611573141813e+08 8.033407360228627920e+08 9.844767087135134935e+08 9.818789019168028831e+08 5.164909369945526123e+02 1.930000000000000000e+02 1.880000000000000000e+02
6.600000000000000000e+01 1.000000000000000000e+00 4.000000000000000000e+00 0.000000000000000000e+00 8.779487061911865473e+08 8.626433027392171621e+08 1.011887074462691665e+09 1.012178428250451326e+09 3.180503599643707275e+02 1.740000000000000000e+02 1.700000000000000000e+02
6.700000000000000000e+01 1.000000000000000000e+00 4.000000000000000000e+00 0.000000000000000000e+00 8.549296996640331745e+08 8.375042961447033882e+08 1.021541468207545757e+09 1.020644245770820379e+09 2.858931071758270264e+02 1.540000000000000000e+02 1.500000000000000000e+02
6.800000000000000000e+01 1.000000000000000000e+00 4.000000000000000000e+00 0.000000000000000000e+00 8.504144907276262045e+08 8.345614548098405600e+08 1.010507902722236156e+09 1.010211054291711569e+09 1.491453433990478516e+03 6.260000000000000000e+02 6.220000000000000000e+02
6.900000000000000000e+01 1.000000000000000000e+00 4.000000000000000000e+00 0.000000000000000000e+00 8.319618934039030075e+08 8.139345493758894205e+08 1.013481493221603751e+09 1.014223548630838037e+09 4.821094741821289062e+02 1.850000000000000000e+02 1.810000000000000000e+02
7.000000000000000000e+01 1.000000000000000000e+00 4.000000000000000000e+00 0.000000000000000000e+00 8.296933862871264219e+08 8.111845651737972498e+08 1.011969411663609982e+09 1.011401838340278745e+09 4.346680760383605957e+02 2.190000000000000000e+02 2.150000000000000000e+02
7.100000000000000000e+01 1.000000000000000000e+00 4.000000000000000000e+00 0.000000000000000000e+00 8.072958911371517181e+08 7.864399489502614737e+08 1.007538607850656033e+09 1.006765148467334151e+09 5.502219600677490234e+02 3.050000000000000000e+02 3.010000000000000000e+02
7.200000000000000000e+01 1.000000000000000000e+00 4.000000000000000000e+00 0.000000000000000000e+00 8.567101505945761204e+08 8.348960894108906984e+08 1.008018437921007991e+09 1.007175669580713272e+09 7.724093220233917236e+02 3.320000000000000000e+02 3.270000000000000000e+02
7.300000000000000000e+01 1.000000000000000000e+00 4.000000000000000000e+00 0.000000000000000000e+00 8.469303012580233812e+08 8.295986760233114958e+08 1.010875420262864470e+09 1.011466510522472978e+09 7.318352878093719482e+02 2.840000000000000000e+02 2.800000000000000000e+02
7.400000000000000000e+01 1.000000000000000000e+00 4.000000000000000000e+00 0.000000000000000000e+00 8.705082738554171324e+08 8.547177398055168390e+08 9.996797414564803839e+08 9.995749101865487099e+08 6.575807449817657471e+02 3.640000000000000000e+02 3.590000000000000000e+02
7.500000000000000000e+01 1.000000000000000000e+00 4.000000000000000000e+00 0.000000000000000000e+00 8.631938610894165039e+08 8.450972150010582209e+08 9.974806031365665197e+08 9.979550535740509033e+08 5.962610139846801758e+02 3.190000000000000000e+02 3.140000000000000000e+02
7.600000000000000000e+01 1.000000000000000000e+00 4.000000000000000000e+00 0.000000000000000000e+00 8.381428882040333748e+08 8.235373710519851446e+08 1.004240670218715310e+09 1.002970677249062061e+09 6.779735879898071289e+02 2.610000000000000000e+02 2.570000000000000000e+02
7.700000000000000000e+01 1.000000000000000000e+00 4.000000000000000000e+00 0.000000000000000000e+00 8.608066137368091345e+08 8.430671915461617708e+08 1.016329309577089310e+09 1.016341911603283882e+09 5.714037251472473145e+02 2.230000000000000000e+02 2.190000000000000000e+02
7.800000000000000000e+01 1.000000000000000000e+00 4.000000000000000000e+00 0.000000000000000000e+00 8.556912198022953272e+08 8.375982260770533085e+08 1.007259985678238273e+09 1.006379527471646547e+09 5.265402510166168213e+02 2.720000000000000000e+02 2.680000000000000000e+02
7.900000000000000000e+01 1.000000000000000000e+00 4.000000000000000000e+00 0.000000000000000000e+00 8.444206187175035477e+08 8.215954747838591337e+08 9.962999869308195114e+08 9.947111228760678768e+08 1.266940817117691040e+03 6.690000000000000000e+02 6.640000000000000000e+02
8.000000000000000000e+01 1.000000000000000000e+00 4.000000000000000000e+00 0.000000000000000000e+00 7.986325969670503139e+08 7.791598358793212175e+08 1.005208248482907057e+09 1.004610937487817883e+09 1.517097064971923828e+03 5.890000000000000000e+02 5.850000000000000000e+02
8.100000000000000000e+01 1.000000000000000000e+00 4.000000000000000000e+00 0.000000000000000000e+00 8.806694437303922176e+08 8.659227081158850193e+08 1.006944603885120988e+09 1.005617329788086295e+09 1.002119500160217285e+03 4.110000000000000000e+02 4.060000000000000000e+02
8.200000000000000000e+01 1.000000000000000000e+00 4.000000000000000000e+00 0.000000000000000000e+00 8.633017477252711058e+08 8.401303457926096916e+08 9.932825664589210749e+08 9.910729096738132238e+08 3.324860119819641113e+02 1.660000000000000000e+02 1.620000000000000000e+02
8.300000000000000000e+01 1.000000000000000000e+00 4.000000000000000000e+00 0.000000000000000000e+00 8.585853578744139671e+08 8.398549342945672274e+08 1.022311450552270055e+09 1.021760939738024950e+09 3.962196929454803467e+02 2.240000000000000000e+02 2.200000000000000000e+02
8.400000000000000000e+01 1.000000000000000000e+00 4.000000000000000000e+00 0.000000000000000000e+00 8.640404867682110071e+08 8.494433568275605440e+08 1.010464061868897915e+09 1.010303805409095287e+09 7.277155289649963379e+02 2.820000000000000000e+02 2.780000000000000000e+02
8.500000000000000000e+01 1.000000000000000000e+00 4.000000000000000000e+00 0.000000000000000000e+00 8.394886725133798122e+08 8.200983234201081991e+08 9.836114829381587505e+08 9.804680467389293909e+08 5.236465208530426025e+02 1.940000000000000000e+02 1.900000000000000000e+02
8.600000000000000000e+01 1.000000000000000000e+00 4.000000000000000000e+00 0.000000000000000000e+00 8.079617620372545719e+08 7.881447359009965658e+08 9.934110868534511328e+08 9.904397552702353001e+08 6.696961550712585449e+02 3.310000000000000000e+02 3.270000000000000000e+02
8.700000000000000000e+01 1.000000000000000000e+00 4.000000000000000000e+00 0.000000000000000000e+00 8.660608577068672180e+08 8.522527970104761124e+08 9.937242331567077637e+08 9.927160922726128101e+08 5.578258190155029297e+02 2.960000000000000000e+02 2.910000000000000000e+02
8.800000000000000000e+01 1.000000000000000000e+00 4.000000000000000000e+00 0.000000000000000000e+00 8.455889002564339638e+08 8.302749536889026165e+08 1.015076272150292993e+09 1.014565884446153283e+09 8.316762871742248535e+02 3.240000000000000000e+02 3.200000000000000000e+02
8.900000000000000000e+01 1.000000000000000000e+00 4.000000000000000000e+00 0.000000000000000000e+00 8.445436286177604198e+08 8.237291420936797857e+08 1.009251817204665661e+09 1.008677139348436594e+09 9.925361349582672119e+02 3.900000000000000000e+02 3.860000000000000000e+02
9.000000000000000000e+01 1.000000000000000000e+00 4.000000000000000000e+00 0.000000000000000000e+00 8.507844571426104307e+08 8.296723796075412035e+08 1.011445606939694643e+09 1.009802171925230742e+09 3.655525641441345215e+02 1.860000000000000000e+02 1.820000000000000000e+02
9.100000000000000000e+01 1.000000000000000000e+00 4.000000000000000000e+00 0.000000000000000000e+00 8.658513153807935715e+08 8.517057790747063160e+08 1.013497922594081283e+09 1.013138540047052741e+09 3.222635848522186279e+02 1.770000000000000000e+02 1.730000000000000000e+02
9.200000000000000000e+01 1.000000000000000000e+00 4.000000000000000000e+00 0.000000000000000000e+00 8.423473411852046251e+08 8.261496644296250343e+08 1.023504622957213402e+09 1.024040494057693124e+09 6.612988321781158447e+02 2.800000000000000000e+02 2.760000000000000000e+02
9.300000000000000000e+01 1.000000000000000000e+00 4.000000000000000000e+00 0.000000000000000000e+00 8.670246299001529217e+08 8.518981803241140842e+08 1.004235340321344495e+09 1.002960428438305378e+09 5.930058929920196533e+02 2.320000000000000000e+02 2.270000000000000000e+02
9.400000000000000000e+01 1.000000000000000000e+00 4.000000000000000000e+00 0.000000000000000000e+00 8.391614823150572777e+08 8.193162048332467079e+08 9.981684261126918793e+08 9.968251573071188927e+08 2.869133520126342773e+02 1.400000000000000000e+02 1.360000000000000000e+02
9.500000000000000000e+01 1.000000000000000000e+00 4.000000000000000000e+00 0.000000000000000000e+00 8.415831324356746674e+08 8.206454857516471148e+08 9.986813420120791197e+08 9.980234832909419537e+08 3.637471129894256592e+02 1.890000000000000000e+02 1.850000000000000000e+02
9.600000000000000000e+01 1.000000000000000000e+00 4.000000000000000000e+00 0.000000000000000000e+00 8.740710684979684353e+08 8.580432872990485430e+08 1.011489170337424159e+09 1.010173492013752341e+09 1.393711807966232300e+03 5.890000000000000000e+02 5.840000000000000000e+02
9.700000000000000000e+01 1.000000000000000000e+00 4.000000000000000000e+00 0.000000000000000000e+00 8.485294131684621572e+08 8.291456711695623398e+08 1.020737515669672251e+09 1.019863953606286645e+09 8.793288669586181641e+02 3.510000000000000000e+02 3.470000000000000000e+02
9.800000000000000000e+01 1.000000000000000000e+00 4.000000000000000000e+00 0.000000000000000000e+00 8.380290428168706894e+08 8.192892578229151964e+08 9.853878997679448128e+08 9.841733140518937111e+08 9.529916248321533203e+02 4.870000000000000000e+02 4.820000000000000000e+02
9.900000000000000000e+01 1.000000000000000000e+00 4.000000000000000000e+00 0.000000000000000000e+00 8.664581959491130114e+08 8.514928535038651228e+08 9.961510082790048122e+08 9.952738606790422201e+08 3.376187350749969482e+02 1.830000000000000000e+02 1.790000000000000000e+02
1.000000000000000000e+02 1.000000000000000000e+00 4.000000000000000000e+00 0.000000000000000000e+00 8.641871976731992960e+08 8.474185675480469465e+08 9.988178449911997318e+08 9.988990657094868422e+08 5.259819960594177246e+02 1.920000000000000000e+02 1.880000000000000000e+02
1.010000000000000000e+02 1.000000000000000000e+00 4.000000000000000000e+00 0.000000000000000000e+00 8.540074655855624676e+08 8.360078564238821268e+08 1.015637566617288947e+09 1.016035968474983811e+09 1.343484452009201050e+03 5.310000000000000000e+02 5.270000000000000000e+02
1.020000000000000000e+02 1.000000000000000000e+00 4.000000000000000000e+00 0.000000000000000000e+00 8.510471408309223652e+08 8.327557006545144320e+08 9.995884160175156593e+08 9.991793996927077770e+08 6.665133259296417236e+02 2.830000000000000000e+02 2.780000000000000000e+02
1.030000000000000000e+02 1.000000000000000000e+00 4.000000000000000000e+00 0.000000000000000000e+00 8.144540197758656740e+08 7.947508700395333767e+08 1.003110826571695685e+09 1.001523187540062070e+09 7.865530159473419189e+02 2.800000000000000000e+02 2.760000000000000000e+02
1.040000000000000000e+02 1.000000000000000000e+00 4.000000000000000000e+00 0.000000000000000000e+00 8.795416069797778130e+08 8.644335675280601978e+08 1.009800172183584094e+09 1.010057581311906695e+09 5.191109380722045898e+02 1.910000000000000000e+02 1.870000000000000000e+02
1.050000000000000000e+02 1.000000000000000000e+00 4.000000000000000000e+00 0.000000000000000000e+00 8.689813470572868586e+08 8.543304685028907061e+08 1.016169004898258328e+09 1.015625383191458821e+09 4.327655570507049561e+02 1.680000000000000000e+02 1.640000000000000000e+02
1.060000000000000000e+02 1.000000000000000000e+00 4.000000000000000000e+00 0.000000000000000000e+00 8.052252833690915108e+08 7.861297050328906775e+08 1.014180818537506938e+09 1.013391471989652157e+09 7.720057759284973145e+02 2.430000000000000000e+02 2.390000000000000000e+02
1.070000000000000000e+02 1.000000000000000000e+00 4.000000000000000000e+00 0.000000000000000000e+00 8.578936777744432688e+08 8.447180426981408596e+08 9.994826902795027494e+08 9.996250888759975433e+08 7.163838670253753662e+02 2.600000000000000000e+02 2.560000000000000000e+02
1.080000000000000000e+02 1.000000000000000000e+00 4.000000000000000000e+00 0.000000000000000000e+00 8.576946363018790483e+08 8.432971197117124796e+08 1.012150097498632193e+09 1.012425100483177662e+09 1.381289051055908203e+03 5.420000000000000000e+02 5.380000000000000000e+02
1.090000000000000000e+02 1.000000000000000000e+00 4.000000000000000000e+00 0.000000000000000000e+00 8.052256396451904774e+08 7.837574269060858488e+08 9.923398777066833973e+08 9.903257170078415871e+08 5.720843710899353027e+02 3.170000000000000000e+02 3.130000000000000000e+02
1.100000000000000000e+02 1.000000000000000000e+00 4.000000000000000000e+00 0.000000000000000000e+00 8.277425931573090553e+08 8.119250379573869705e+08 9.950473217276482582e+08 9.943434000462133884e+08 6.789101450443267822e+02 3.830000000000000000e+02 3.790000000000000000e+02
1.110000000000000000e+02 1.000000000000000000e+00 4.000000000000000000e+00 0.000000000000000000e+00 7.995007911105685234e+08 7.800240381855856180e+08 9.951712763341813087e+08 9.955535704775142670e+08 3.398062379360198975e+02 1.990000000000000000e+02 1.950000000000000000e+02
1.120000000000000000e+02 1.000000000000000000e+00 4.000000000000000000e+00 0.000000000000000000e+00 8.395261757780627012e+08 8.234095489801776409e+08 1.019252708135619044e+09 1.019440919772873402e+09 3.425599329471588135e+02 2.070000000000000000e+02 2.030000000000000000e+02
1.130000000000000000e+02 1.000000000000000000e+00 4.000000000000000000e+00 0.000000000000000000e+00 8.379626029229221344e+08 8.168913874975209236e+08 9.989292031213054657e+08 9.985925849188967943e+08 3.291281449794769287e+02 1.890000000000000000e+02 1.850000000000000000e+02
1.140000000000000000e+02 1.000000000000000000e+00 4.000000000000000000e+00 0.000000000000000000e+00 8.826557173508596420e+08 8.657905025289031267e+08 9.980280323180305958e+08 9.950914882920577526e+08 3.530560259819030762e+02 2.240000000000000000e+02 2.190000000000000000e+02
1.150000000000000000e+02 1.000000000000000000e+00 4.000000000000000000e+00 0.000000000000000000e+00 8.343533218223314285e+08 8.162064069977769852e+08 9.682409999968928099e+08 9.631069947745995522e+08 4.902260620594024658e+02 1.900000000000000000e+02 1.860000000000000000e+02
1.160000000000000000e+02 1.000000000000000000e+00 4.000000000000000000e+00 0.000000000000000000e+00 8.720873100437766314e+08 8.544851383760470152e+08 9.966441389864879847e+08 9.946102791384431124e+08 5.624054350852966309e+02 2.320000000000000000e+02 2.280000000000000000e+02
1.170000000000000000e+02 1.000000000000000000e+00 4.000000000000000000e+00 0.000000000000000000e+00 8.303258611742063761e+08 8.071852683203811646e+08 1.020010681190451384e+09 1.021200579672537446e+09 5.839836859703063965e+02 3.310000000000000000e+02 3.270000000000000000e+02
1.180000000000000000e+02 1.000000000000000000e+00 4.000000000000000000e+00 0.000000000000000000e+00 8.441078553504031897e+08 8.257960788649582863e+08 9.864879256328425407e+08 9.850377906882841587e+08 3.880154099464416504e+02 1.950000000000000000e+02 1.910000000000000000e+02
1.190000000000000000e+02 1.000000000000000000e+00 4.000000000000000000e+00 0.000000000000000000e+00 8.392045809429094791e+08 8.157592758108952045e+08 9.994964356496810913e+08 9.978732323059339523e+08 5.297217168807983398e+02 2.030000000000000000e+02 1.990000000000000000e+02
1.200000000000000000e+02 1.000000000000000000e+00 4.000000000000000000e+00 0.000000000000000000e+00 8.567129674398106337e+08 8.406622916128636599e+08 1.017785948694320798e+09 1.016131867848381042e+09 9.133066289424896240e+02 3.850000000000000000e+02 3.810000000000000000e+02
1.210000000000000000e+02 1.000000000000000000e+00 4.000000000000000000e+00 0.000000000000000000e+00 8.785742832765251398e+08 8.639999806956264973e+08 9.991353396705929041e+08 9.980276855918927193e+08 7.086819469928741455e+02 4.010000000000000000e+02 3.960000000000000000e+02
1.220000000000000000e+02 1.000000000000000000e+00 4.000000000000000000e+00 0.000000000000000000e+00 8.399859734878246784e+08 8.221538653705674410e+08 1.014835045342410803e+09 1.014127418154513597e+09 4.022049000263214111e+02 2.130000000000000000e+02 2.090000000000000000e+02
1.230000000000000000e+02 1.000000000000000000e+00 4.000000000000000000e+00 0.000000000000000000e+00 8.578889979062757492e+08 8.431664606988785267e+08 1.019932285226493955e+09 1.019176779895225644e+09 3.118041858673095703e+02 1.840000000000000000e+02 1.800000000000000000e+02
1.240000000000000000e+02 1.000000000000000000e+00 4.000000000000000000e+00 0.000000000000000000e+00 8.101271299785375595e+08 7.891953151325373650e+08 1.006087974468255401e+09 1.004595831094729066e+09 6.105785820484161377e+02 3.670000000000000000e+02 3.620000000000000000e+02
1.250000000000000000e+02 1.000000000000000000e+00 4.000000000000000000e+00 0.000000000000000000e+00 8.530381063434087038e+08 8.378313313640184402e+08 1.001113591504959583e+09 1.001334513398921132e+09 7.393571531772613525e+02 4.220000000000000000e+02 4.180000000000000000e+02
1.260000000000000000e+02 1.000000000000000000e+00 4.000000000000000000e+00 0.000000000000000000e+00 8.446984837757240534e+08 8.260811480114798546e+08 1.023013873964720726e+09 1.023225840890152812e+09 4.769455540180206299e+02 2.890000000000000000e+02 2.850000000000000000e+02
1.270000000000000000e+02 1.000000000000000000e+00 4.000000000000000000e+00 0.000000000000000000e+00 8.443787287415642738e+08 8.207780395061018467e+08 1.011216441046672821e+09 1.010949353122831941e+09 4.357859690189361572e+02 1.680000000000000000e+02 1.640000000000000000e+02
1.280000000000000000e+02 1.000000000000000000e+00 4.000000000000000000e+00 0.000000000000000000e+00 8.365121801022435427e+08 8.177303554073896408e+08 9.982019661337786913e+08 9.971465567433365583e+08 4.350554981231689453e+02 1.640000000000000000e+02 1.600000000000000000e+02
1.290000000000000000e+02 1.000000000000000000e+00 4.000000000000000000e+00 0.000000000000000000e+00 8.478603680861718655e+08 8.304342856335681677e+08 9.829570007991088629e+08 9.814394830173617601e+08 4.649127509593963623e+02 2.460000000000000000e+02 2.420000000000000000e+02
1.300000000000000000e+02 1.000000000000000000e+00 4.000000000000000000e+00 0.000000000000000000e+00 8.259082446860281229e+08 8.079883859612241983e+08 9.974965545547028780e+08 9.972499048370484114e+08 3.557244229316711426e+02 1.760000000000000000e+02 1.720000000000000000e+02
1.310000000000000000e+02 1.000000000000000000e+00 4.000000000000000000e+00 0.000000000000000000e+00 8.260543944469525814e+08 8.056724416402051449e+08 1.015287273351435542e+09 1.014547072153306842e+09 7.096256279945373535e+02 2.770000000000000000e+02 2.730000000000000000e+02
1.320000000000000000e+02 1.000000000000000000e+00 4.000000000000000000e+00 0.000000000000000000e+00 8.311340964282029867e+08 8.102913867074862719e+08 1.001490473692679048e+09 1.001161467507696629e+09 5.768731520175933838e+02 2.140000000000000000e+02 2.100000000000000000e+02
1.330000000000000000e+02 1.000000000000000000e+00 4.000000000000000000e+00 0.000000000000000000e+00 8.382114848712978363e+08 8.218831212583295107e+08 9.909986931489198208e+08 9.901637699996846914e+08 4.172823579311370850e+02 2.040000000000000000e+02 2.000000000000000000e+02
1.340000000000000000e+02 1.000000000000000000e+00 4.000000000000000000e+00 0.000000000000000000e+00 8.276863874355534315e+08 8.134899384979465008e+08 1.005153525886029243e+09 1.004485770683939934e+09 5.353270871639251709e+02 2.950000000000000000e+02 2.910000000000000000e+02
1.350000000000000000e+02 1.000000000000000000e+00 4.000000000000000000e+00 0.000000000000000000e+00 8.796808636497131586e+08 8.623251899926880598e+08 1.011539039021079898e+09 1.010012659237957478e+09 5.329329028129577637e+02 2.190000000000000000e+02 2.150000000000000000e+02
1.360000000000000000e+02 1.000000000000000000e+00 4.000000000000000000e+00 0.000000000000000000e+00 8.585069891092827320e+08 8.383005771993455887e+08 9.969168310423815250e+08 9.951310779475293159e+08 4.850790600776672363e+02 1.810000000000000000e+02 1.760000000000000000e+02
1.370000000000000000e+02 1.000000000000000000e+00 4.000000000000000000e+00 0.000000000000000000e+00 8.780515742648917437e+08 8.610874510191426277e+08 1.004913231247914195e+09 1.003617408931820512e+09 5.726705830097198486e+02 3.230000000000000000e+02 3.190000000000000000e+02
1.380000000000000000e+02 1.000000000000000000e+00 4.000000000000000000e+00 0.000000000000000000e+00 8.716264506593743563e+08 8.548095928256398439e+08 1.009705954218451381e+09 1.009165459674418330e+09 3.698853070735931396e+02 1.920000000000000000e+02 1.880000000000000000e+02
1.390000000000000000e+02 1.000000000000000000e+00 4.000000000000000000e+00 0.000000000000000000e+00 8.581401500453548431e+08 8.402597791932135820e+08 9.926450786020349264e+08 9.917032702414386272e+08 4.985400729179382324e+02 1.880000000000000000e+02 1.830000000000000000e+02
1.400000000000000000e+02 1.000000000000000000e+00 4.000000000000000000e+00 0.000000000000000000e+00 8.084753176270135641e+08 7.896891362322924137e+08 1.009341617799243093e+09 1.009173439026796103e+09 5.105262479782104492e+02 1.970000000000000000e+02 1.930000000000000000e+02
1.410000000000000000e+02 1.000000000000000000e+00 4.000000000000000000e+00 0.000000000000000000e+00 8.583271789384516478e+08 8.430212136847007275e+08 1.012662492114287972e+09 1.013172406358065724e+09 5.078200190067291260e+02 2.530000000000000000e+02 2.490000000000000000e+02
1.420000000000000000e+02 1.000000000000000000e+00 4.000000000000000000e+00 0.000000000000000000e+00 8.227859753459768295e+08 8.007052725647698641e+08 9.959038033223686218e+08 9.951641016859592199e+08 1.515269486904144287e+03 7.860000000000000000e+02 7.810000000000000000e+02
1.430000000000000000e+02 1.000000000000000000e+00 4.000000000000000000e+00 0.000000000000000000e+00 8.438249287460299730e+08 8.297104035048441887e+08 9.900048662953753471e+08 9.869661752772107124e+08 4.012654521465301514e+02 1.510000000000000000e+02 1.470000000000000000e+02
1.440000000000000000e+02 1.000000000000000000e+00 4.000000000000000000e+00 0.000000000000000000e+00 8.583892718038743734e+08 8.418755846312496662e+08 1.001127778374287605e+09 1.000240276785510778e+09 7.084871089458465576e+02 2.850000000000000000e+02 2.810000000000000000e+02
1.450000000000000000e+02 1.000000000000000000e+00 4.000000000000000000e+00 0.000000000000000000e+00 8.321261129783521891e+08 8.104789829930517673e+08 9.868054910658094883e+08 9.862109987316035032e+08 6.202578208446502686e+02 3.060000000000000000e+02 3.010000000000000000e+02
1.460000000000000000e+02 1.000000000000000000e+00 4.000000000000000000e+00 0.000000000000000000e+00 8.770838460643755198e+08 8.614904378211498260e+08 1.006644664900709867e+09 1.005834068835624695e+09 6.819622678756713867e+02 3.790000000000000000e+02 3.740000000000000000e+02
1.470000000000000000e+02 1.000000000000000000e+00 4.000000000000000000e+00 0.000000000000000000e+00 8.588466351665304899e+08 8.426650194882016182e+08 9.912696495710437298e+08 9.907751550192745924e+08 2.502636399269104004e+02 1.420000000000000000e+02 1.380000000000000000e+02
1.480000000000000000e+02 1.000000000000000000e+00 4.000000000000000000e+00 0.000000000000000000e+00 8.299841526673763990e+08 8.125969003498880863e+08 1.006879561112125754e+09 1.005370103402193308e+09 1.044017006874084473e+03 6.300000000000000000e+02 6.260000000000000000e+02
1.490000000000000000e+02 1.000000000000000000e+00 4.000000000000000000e+00 0.000000000000000000e+00 8.620463482339644432e+08 8.426978933983495235e+08 1.012403877328175306e+09 1.012140078738062859e+09 3.625118989944458008e+02 2.100000000000000000e+02 2.060000000000000000e+02
1.500000000000000000e+02 1.000000000000000000e+00 4.000000000000000000e+00 0.000000000000000000e+00 8.190719122246198654e+08 7.996005955567421913e+08 9.905953653134222031e+08 9.878319312364504337e+08 3.160607800483703613e+02 1.750000000000000000e+02 1.710000000000000000e+02
1.510000000000000000e+02 1.000000000000000000e+00 4.000000000000000000e+00 0.000000000000000000e+00 8.266303060529837608e+08 8.093489401190309525e+08 9.781145038114994764e+08 9.753678195019309521e+08 5.223675599098205566e+02 2.090000000000000000e+02 2.040000000000000000e+02
1.520000000000000000e+02 1.000000000000000000e+00 4.000000000000000000e+00 0.000000000000000000e+00 8.548371148089126348e+08 8.355019811460570097e+08 1.017554102944166541e+09 1.017447069370023012e+09 4.519596810340881348e+02 1.770000000000000000e+02 1.730000000000000000e+02
1.530000000000000000e+02 1.000000000000000000e+00 4.000000000000000000e+00 0.000000000000000000e+00 8.312675378492580652e+08 8.115377801435517073e+08 1.003098675127476215e+09 1.002570292832361460e+09 5.567711570262908936e+02 2.880000000000000000e+02 2.840000000000000000e+02
1.540000000000000000e+02 1.000000000000000000e+00 4.000000000000000000e+00 0.000000000000000000e+00 8.098472855887689590e+08 7.879557958729931116e+08 1.001929834509402871e+09 1.001488809296845198e+09 4.853753049373626709e+02 2.480000000000000000e+02 2.430000000000000000e+02
1.550000000000000000e+02 1.000000000000000000e+00 4.000000000000000000e+00 0.000000000000000000e+00 8.159853417288275957e+08 7.949829445783782005e+08 1.008627618566920519e+09 1.008019336369988799e+09 9.342544600963592529e+02 3.810000000000000000e+02 3.770000000000000000e+02
1.560000000000000000e+02 1.000000000000000000e+00 4.000000000000000000e+00 0.000000000000000000e+00 8.717884811469253302e+08 8.544535961827322245e+08 1.016030173147796035e+09 1.015753770643083096e+09 8.356338758468627930e+02 3.300000000000000000e+02 3.260000000000000000e+02
1.570000000000000000e+02 1.000000000000000000e+00 4.000000000000000000e+00 0.000000000000000000e+00 8.556008556732361317e+08 8.367915677178356647e+08 1.002477022932754517e+09 1.002410907634393215e+09 4.438204159736633301e+02 2.460000000000000000e+02 2.410000000000000000e+02
1.580000000000000000e+02 1.000000000000000000e+00 4.000000000000000000e+00 0.000000000000000000e+00 8.499023073583394289e+08 8.335903332601037025e+08 1.016789258131783128e+09 1.017763203886934876e+09 3.519162280559539795e+02 1.760000000000000000e+02 1.720000000000000000e+02
1.590000000000000000e+02 1.000000000000000000e+00 4.000000000000000000e+00 0.000000000000000000e+00 8.336016523884845972e+08 8.161185509505742788e+08 1.015577310275791764e+09 1.016022091594983935e+09 3.573370041847229004e+02 2.090000000000000000e+02 2.050000000000000000e+02
1.600000000000000000e+02 1.000000000000000000e+00 4.000000000000000000e+00 0.000000000000000000e+00 8.652211205031243563e+08 8.481398404957687855e+08 1.011587098221384168e+09 1.012775427488304377e+09 3.139672660827636719e+02 1.820000000000000000e+02 1.780000000000000000e+02
1.610000000000000000e+02 1.000000000000000000e+00 4.000000000000000000e+00 0.000000000000000000e+00 8.564025728097541332e+08 8.402211345657198429e+08 1.016514508080502391e+09 1.016550605022063136e+09 4.039955530166625977e+02 2.300000000000000000e+02 2.260000000000000000e+02
1.620000000000000000e+02 1.000000000000000000e+00 4.000000000000000000e+00 0.000000000000000000e+00 8.592220986085021496e+08 8.407219284041333199e+08 1.001419577212168097e+09 1.000951016785271287e+09 4.980639550685882568e+02 2.980000000000000000e+02 2.940000000000000000e+02
1.630000000000000000e+02 1.000000000000000000e+00 4.000000000000000000e+00 0.000000000000000000e+00 8.596001390246568918e+08 8.407637039545526505e+08 1.008286271075709939e+09 1.006854056285106421e+09 6.370177299976348877e+02 2.350000000000000000e+02 2.310000000000000000e+02
1.640000000000000000e+02 1.000000000000000000e+00 4.000000000000000000e+00 0.000000000000000000e+00 8.486006563595286608e+08 8.271689492538303137e+08 1.013721983347554207e+09 1.013108519640003681e+09 6.419571900367736816e+02 2.600000000000000000e+02 2.560000000000000000e+02
1.650000000000000000e+02 1.000000000000000000e+00 4.000000000000000000e+00 0.000000000000000000e+00 8.261287834376275539e+08 8.075349647632962465e+08 9.963358097483284473e+08 9.959333551987149715e+08 3.658727099895477295e+02 1.890000000000000000e+02 1.840000000000000000e+02
1.660000000000000000e+02 1.000000000000000000e+00 4.000000000000000000e+00 0.000000000000000000e+00 8.740763852802892923e+08 8.588403855860303640e+08 1.013137876324769139e+09 1.012855405106507778e+09 2.744093890190124512e+02 1.450000000000000000e+02 1.410000000000000000e+02
1.670000000000000000e+02 1.000000000000000000e+00 4.000000000000000000e+00 0.000000000000000000e+00 8.791866513419263363e+08 8.581551417868189812e+08 1.013378345956981897e+09 1.012287581461207151e+09 6.269540388584136963e+02 2.490000000000000000e+02 2.450000000000000000e+02
1.680000000000000000e+02 1.000000000000000000e+00 4.000000000000000000e+00 0.000000000000000000e+00 8.677863168501443863e+08 8.518393496414810419e+08 1.001535757648171663e+09 1.000768318062548161e+09 1.689270266056060791e+03 7.020000000000000000e+02 6.970000000000000000e+02
1.690000000000000000e+02 1.000000000000000000e+00 4.000000000000000000e+00 0.000000000000000000e+00 8.519451778872027397e+08 8.364795862430399656e+08 9.965580176683447361e+08 9.939892131406930685e+08 4.783753411769866943e+02 2.420000000000000000e+02 2.380000000000000000e+02
1.700000000000000000e+02 1.000000000000000000e+00 4.000000000000000000e+00 0.000000000000000000e+00 8.361549202634370327e+08 8.150274538341438770e+08 9.881501696003359556e+08 9.869039515327537060e+08 5.147182679176330566e+02 2.680000000000000000e+02 2.630000000000000000e+02
1.710000000000000000e+02 1.000000000000000000e+00 4.000000000000000000e+00 0.000000000000000000e+00 8.357873819556630850e+08 8.120667544903224707e+08 9.967090588346046209e+08 9.952816507212713957e+08 1.671698611974716187e+03 9.310000000000000000e+02 9.260000000000000000e+02
1.720000000000000000e+02 1.000000000000000000e+00 4.000000000000000000e+00 0.000000000000000000e+00 8.335373506847083569e+08 8.130181420626142025e+08 9.954537113220151663e+08 9.931904169210476875e+08 1.401467154979705811e+03 7.260000000000000000e+02 7.210000000000000000e+02
1.730000000000000000e+02 1.000000000000000000e+00 4.000000000000000000e+00 0.000000000000000000e+00 8.608895905119093657e+08 8.459066469109544754e+08 1.017061379652538896e+09 1.016569022275115728e+09 4.626572990417480469e+02 2.480000000000000000e+02 2.440000000000000000e+02
1.740000000000000000e+02 1.000000000000000000e+00 4.000000000000000000e+00 0.000000000000000000e+00 8.398851762989087105e+08 8.207890786548739672e+08 9.992797449936434031e+08 9.999031914987519979e+08 5.300788619518280029e+02 2.860000000000000000e+02 2.820000000000000000e+02
1.750000000000000000e+02 1.000000000000000000e+00 4.000000000000000000e+00 0.000000000000000000e+00 8.638018926026145220e+08 8.439545211091319323e+08 9.933684536989675760e+08 9.923808413771319389e+08 7.283422000408172607e+02 2.660000000000000000e+02 2.610000000000000000e+02
1.760000000000000000e+02 1.000000000000000000e+00 4.000000000000000000e+00 0.000000000000000000e+00 8.786531839124121666e+08 8.629265366457759142e+08 1.014839967963768482e+09 1.014277648057685733e+09 7.501119859218597412e+02 2.980000000000000000e+02 2.930000000000000000e+02
1.770000000000000000e+02 1.000000000000000000e+00 4.000000000000000000e+00 0.000000000000000000e+00 8.553046127878063917e+08 8.393667952032026052e+08 9.986770863447396755e+08 9.968315758344708681e+08 6.145852611064910889e+02 3.130000000000000000e+02 3.080000000000000000e+02
1.780000000000000000e+02 1.000000000000000000e+00 4.000000000000000000e+00 0.000000000000000000e+00 8.247927148533897400e+08 8.042799956115829945e+08 1.023915194572233438e+09 1.024265399049851060e+09 4.693184227943420410e+02 2.550000000000000000e+02 2.510000000000000000e+02
1.790000000000000000e+02 1.000000000000000000e+00 4.000000000000000000e+00 0.000000000000000000e+00 9.062044368628710508e+08 8.923618736189439297e+08 1.020989526213551879e+09 1.022305994804780126e+09 3.793018321990966797e+02 1.520000000000000000e+02 1.480000000000000000e+02
1.800000000000000000e+02 1.000000000000000000e+00 4.000000000000000000e+00 0.000000000000000000e+00 8.284520134289594889e+08 8.064766647261357307e+08 1.000639630463063836e+09 9.997115056758381128e+08 4.872519941329956055e+02 2.030000000000000000e+02 1.990000000000000000e+02
1.810000000000000000e+02 1.000000000000000000e+00 4.000000000000000000e+00 0.000000000000000000e+00 8.288914583088349104e+08 8.049207059509787560e+08 1.006514427121522307e+09 1.005561723839809179e+09 4.004304261207580566e+02 1.970000000000000000e+02 1.930000000000000000e+02
1.820000000000000000e+02 1.000000000000000000e+00 4.000000000000000000e+00 0.000000000000000000e+00 8.031337562259806395e+08 7.821698536812149286e+08 1.002991341031851411e+09 1.002703383723111868e+09 8.282421109676361084e+02 4.430000000000000000e+02 4.390000000000000000e+02
1.830000000000000000e+02 1.000000000000000000e+00 4.000000000000000000e+00 0.000000000000000000e+00 8.239697404487501383e+08 8.133625766502064466e+08 1.003706147706918359e+09 1.002192288435534358e+09 7.481317481994628906e+02 3.480000000000000000e+02 3.430000000000000000e+02
1.840000000000000000e+02 1.000000000000000000e+00 4.000000000000000000e+00 0.000000000000000000e+00 8.125555945593032837e+08 7.913908674595931768e+08 9.965210405686292648e+08 9.951353159775139093e+08 6.046604640483856201e+02 2.480000000000000000e+02 2.440000000000000000e+02
1.850000000000000000e+02 1.000000000000000000e+00 4.000000000000000000e+00 0.000000000000000000e+00 8.679586647634791136e+08 8.488113911071069241e+08 9.998615523432325125e+08 9.980725326908094883e+08 3.171980931758880615e+02 1.600000000000000000e+02 1.560000000000000000e+02
1.860000000000000000e+02 1.000000000000000000e+00 4.000000000000000000e+00 0.000000000000000000e+00 8.506816281181151867e+08 8.359256327413982153e+08 9.999909050642756224e+08 9.998480064581958055e+08 9.335976948738098145e+02 5.050000000000000000e+02 5.010000000000000000e+02
1.870000000000000000e+02 1.000000000000000000e+00 4.000000000000000000e+00 0.000000000000000000e+00 8.635734440512512922e+08 8.502113235598809719e+08 1.003247422933028340e+09 1.003039793772213936e+09 7.100349700450897217e+02 3.100000000000000000e+02 3.060000000000000000e+02
1.880000000000000000e+02 1.000000000000000000e+00 4.000000000000000000e+00 0.000000000000000000e+00 8.764365495804255009e+08 8.603197774447184801e+08 1.001081759467493773e+09 1.000207520424553871e+09 4.763829009532928467e+02 1.750000000000000000e+02 1.710000000000000000e+02
1.890000000000000000e+02 1.000000000000000000e+00 4.000000000000000000e+00 0.000000000000000000e+00 8.284752076188836098e+08 8.133328369123665094e+08 1.005748431154165864e+09 1.005420476019021630e+09 5.899431481361389160e+02 2.200000000000000000e+02 2.160000000000000000e+02
1.900000000000000000e+02 1.000000000000000000e+00 4.000000000000000000e+00 0.000000000000000000e+00 8.635381537658488750e+08 8.426786658956216574e+08 1.022589295629761457e+09 1.023392545354049444e+09 5.012457790374755859e+02 1.900000000000000000e+02 1.860000000000000000e+02
1.910000000000000000e+02 1.000000000000000000e+00 4.000000000000000000e+00 0.000000000000000000e+00 8.861381010368032455e+08 8.701504453859767914e+08 1.006177363992467523e+09 1.006122014238816381e+09 4.786653480529785156e+02 1.990000000000000000e+02 1.950000000000000000e+02
1.920000000000000000e+02 1.000000000000000000e+00 4.000000000000000000e+00 0.000000000000000000e+00 8.668520190406410694e+08 8.461426006493012905e+08 9.973965805989042521e+08 9.953465827177536488e+08 1.265735064029693604e+03 4.540000000000000000e+02 4.500000000000000000e+02
1.930000000000000000e+02 1.000000000000000000e+00 4.000000000000000000e+00 0.000000000000000000e+00 8.499678287828619480e+08 8.317574904949383736e+08 9.736382958536798954e+08 9.702045341929826736e+08 4.940256030559539795e+02 2.010000000000000000e+02 1.960000000000000000e+02
1.940000000000000000e+02 1.000000000000000000e+00 4.000000000000000000e+00 0.000000000000000000e+00 8.401423604699808359e+08 8.216056043527536392e+08 1.009801343517108202e+09 1.009819918552904963e+09 7.682128059864044189e+02 2.970000000000000000e+02 2.930000000000000000e+02
1.950000000000000000e+02 1.000000000000000000e+00 4.000000000000000000e+00 0.000000000000000000e+00 8.162030975570501089e+08 7.914923786190334558e+08 9.962751873891035318e+08 9.944616342827291489e+08 6.052191581726074219e+02 2.140000000000000000e+02 2.100000000000000000e+02
1.960000000000000000e+02 1.000000000000000000e+00 4.000000000000000000e+00 0.000000000000000000e+00 8.461444626372089386e+08 8.295417363223006725e+08 1.008493558334995627e+09 1.006490438898427725e+09 3.537349069118499756e+02 1.930000000000000000e+02 1.890000000000000000e+02
1.970000000000000000e+02 1.000000000000000000e+00 4.000000000000000000e+00 0.000000000000000000e+00 8.324397005450460911e+08 8.122416513500431776e+08 9.822437346632552147e+08 9.808541235034856796e+08 2.883173331308364868e+04 2.154500000000000000e+04 2.154100000000000000e+04
1.980000000000000000e+02 1.000000000000000000e+00 4.000000000000000000e+00 0.000000000000000000e+00 8.548512545829209089e+08 8.377173791851056814e+08 1.012605723385937214e+09 1.011680973238944411e+09 2.945879688262939453e+02 1.820000000000000000e+02 1.780000000000000000e+02
1.990000000000000000e+02 1.000000000000000000e+00 4.000000000000000000e+00 0.000000000000000000e+00 8.020990619461354017e+08 7.792101058990362883e+08 9.936809058324422836e+08 9.932161447006404400e+08 9.400574870109558105e+02 5.450000000000000000e+02 5.400000000000000000e+02
