# # run number, ti calc, ti opt, aep init calc (kW), aep init opt (kW), aep run calc (kW), aep run opt (kW), run time (s), obj func calls, sens func calls
0.000000000000000000e+00 4.000000000000000000e+00 0.000000000000000000e+00 3.118106890658428669e+08 3.060135602460557818e+08 3.251561181859614849e+08 3.221616333734598160e+08 1.222827434968948364e+04 4.419000000000000000e+03 4.300000000000000000e+03
1.000000000000000000e+00 4.000000000000000000e+00 0.000000000000000000e+00 2.781897835071510673e+08 2.727280945649320483e+08 3.242601552952615023e+08 3.213695968247790337e+08 1.709223255991935730e+04 5.999000000000000000e+03 5.880000000000000000e+03
2.000000000000000000e+00 4.000000000000000000e+00 0.000000000000000000e+00 2.765109516409093738e+08 2.701692801133348942e+08 3.239912921396907568e+08 3.210948085379735827e+08 1.112281562745571136e+05 4.060300000000000000e+04 4.048400000000000000e+04
3.000000000000000000e+00 4.000000000000000000e+00 0.000000000000000000e+00 2.867388620694448352e+08 2.806926852041959763e+08 3.241950499841943979e+08 3.212190022971063256e+08 1.054146038751602173e+05 3.758100000000000000e+04 3.746200000000000000e+04
4.000000000000000000e+00 4.000000000000000000e+00 0.000000000000000000e+00 2.734535847330393791e+08 2.677624840058248937e+08 3.235881829269148111e+08 3.205733210279492736e+08 4.172132040023803711e+04 1.479600000000000000e+04 1.467700000000000000e+04
5.000000000000000000e+00 4.000000000000000000e+00 0.000000000000000000e+00 2.836903042899143696e+08 2.775206309052550793e+08 3.228457710911250710e+08 3.197739474516723156e+08 9.211435407876968384e+03 3.353000000000000000e+03 3.234000000000000000e+03
6.000000000000000000e+00 4.000000000000000000e+00 0.000000000000000000e+00 2.810685443140478134e+08 2.748887277768197656e+08 3.226785504343472123e+08 3.196850576313990951e+08 3.013497514224052429e+04 1.047900000000000000e+04 1.036000000000000000e+04
7.000000000000000000e+00 4.000000000000000000e+00 0.000000000000000000e+00 2.804707558283678889e+08 2.751945600920559764e+08 3.241557191642069817e+08 3.213536674703363180e+08 3.289110576391220093e+03 1.233000000000000000e+03 1.114000000000000000e+03
8.000000000000000000e+00 4.000000000000000000e+00 0.000000000000000000e+00 2.816463235633292794e+08 2.754548182652979493e+08 3.247526543625660539e+08 3.217966074331361651e+08 2.590410364866256714e+04 9.976000000000000000e+03 9.857000000000000000e+03
9.000000000000000000e+00 4.000000000000000000e+00 0.000000000000000000e+00 2.841798334625415802e+08 2.782370985921952724e+08 3.250307247414911389e+08 3.222222802352135181e+08 7.035068192243576050e+03 2.347000000000000000e+03 2.228000000000000000e+03
1.000000000000000000e+01 4.000000000000000000e+00 0.000000000000000000e+00 2.836534702791437507e+08 2.786845655393179655e+08 3.229855610416470170e+08 3.197972608124126792e+08 1.842391850519180298e+04 6.112000000000000000e+03 5.993000000000000000e+03
1.100000000000000000e+01 4.000000000000000000e+00 0.000000000000000000e+00 2.785200036665993929e+08 2.730753058921960592e+08 3.235931502905575633e+08 3.207016207059385180e+08 3.630167441844940186e+03 1.436000000000000000e+03 1.317000000000000000e+03
1.200000000000000000e+01 4.000000000000000000e+00 0.000000000000000000e+00 2.877533654323301911e+08 2.825453055711731315e+08 3.234255211243888140e+08 3.206163272179353237e+08 3.797463872075080872e+04 1.366300000000000000e+04 1.354400000000000000e+04
1.300000000000000000e+01 4.000000000000000000e+00 0.000000000000000000e+00 2.836462991836501360e+08 2.777825497373306751e+08 3.237869877500447631e+08 3.208719900810006857e+08 6.438613154888153076e+04 2.438000000000000000e+04 2.426100000000000000e+04
1.400000000000000000e+01 4.000000000000000000e+00 0.000000000000000000e+00 2.860045446825783253e+08 2.802181906729598641e+08 3.241055386448336244e+08 3.208923504278380275e+08 1.960916345977783203e+04 7.623000000000000000e+03 7.504000000000000000e+03
1.500000000000000000e+01 4.000000000000000000e+00 0.000000000000000000e+00 2.816584759098904133e+08 2.757848649074470997e+08 3.227346270971626639e+08 3.195850509717009068e+08 2.690943156242370605e+03 1.094000000000000000e+03 9.750000000000000000e+02
1.600000000000000000e+01 4.000000000000000000e+00 0.000000000000000000e+00 2.825292413329953551e+08 2.764502453573793173e+08 3.225835140565804839e+08 3.193809609983516335e+08 2.943453544259071350e+04 1.009600000000000000e+04 9.977000000000000000e+03
1.700000000000000000e+01 4.000000000000000000e+00 0.000000000000000000e+00 2.797246787089628577e+08 2.743152036563078761e+08 3.244502215220593214e+08 3.215481948583409190e+08 1.654939527511596680e+03 5.800000000000000000e+02 4.610000000000000000e+02
1.800000000000000000e+01 4.000000000000000000e+00 0.000000000000000000e+00 2.778593483837934732e+08 2.718009102007690072e+08 3.233969249482510686e+08 3.202367660368946195e+08 5.991494715476036072e+04 1.733400000000000000e+04 1.721500000000000000e+04
1.900000000000000000e+01 4.000000000000000000e+00 0.000000000000000000e+00 2.841225949884799123e+08 2.783735119868206978e+08 3.239391253378967047e+08 3.209682331966423988e+08 1.864444891834259033e+04 6.992000000000000000e+03 6.873000000000000000e+03
2.000000000000000000e+01 4.000000000000000000e+00 0.000000000000000000e+00 2.844057201258003712e+08 2.788052834656609893e+08 3.230985645630751252e+08 3.201551912081741095e+08 3.054510503649711609e+04 8.599000000000000000e+03 8.480000000000000000e+03
2.100000000000000000e+01 4.000000000000000000e+00 0.000000000000000000e+00 2.819749764512525797e+08 2.760799018257793188e+08 3.243136576418840289e+08 3.213058621091023684e+08 3.440544268846511841e+03 1.054000000000000000e+03 9.350000000000000000e+02
2.200000000000000000e+01 4.000000000000000000e+00 0.000000000000000000e+00 2.813561465605604649e+08 2.757148167544912100e+08 3.243610187110980153e+08 3.214293809403234124e+08 5.137251792192459106e+03 2.001000000000000000e+03 1.882000000000000000e+03
2.300000000000000000e+01 4.000000000000000000e+00 0.000000000000000000e+00 2.770423196247661114e+08 2.717661598904164433e+08 3.237041116510364413e+08 3.205718058930375576e+08 4.997359157323837280e+03 1.911000000000000000e+03 1.792000000000000000e+03
2.400000000000000000e+01 4.000000000000000000e+00 0.000000000000000000e+00 2.826205707535886765e+08 2.774787250912936926e+08 3.241199010558843017e+08 3.212056697001042366e+08 1.711882903289794922e+04 5.656000000000000000e+03 5.537000000000000000e+03
2.500000000000000000e+01 4.000000000000000000e+00 0.000000000000000000e+00 2.798213778442655802e+08 2.744492969882673621e+08 3.245440273181267381e+08 3.216224132042673826e+08 2.142910527229309082e+03 9.340000000000000000e+02 8.150000000000000000e+02
2.600000000000000000e+01 4.000000000000000000e+00 0.000000000000000000e+00 2.847671975976411700e+08 2.793356032584469318e+08 3.239356263351642489e+08 3.209967158070496917e+08 1.029691423034667969e+04 3.377000000000000000e+03 3.258000000000000000e+03
2.700000000000000000e+01 4.000000000000000000e+00 0.000000000000000000e+00 2.843555426160694957e+08 2.796090382675280571e+08 3.247174557125822902e+08 3.216762853454734683e+08 1.320748445820808411e+04 4.909000000000000000e+03 4.790000000000000000e+03
2.800000000000000000e+01 4.000000000000000000e+00 0.000000000000000000e+00 2.835897142364988327e+08 2.781264548212888241e+08 3.243797927553520203e+08 3.215022158966009617e+08 9.552771952152252197e+02 4.590000000000000000e+02 3.400000000000000000e+02
2.900000000000000000e+01 4.000000000000000000e+00 0.000000000000000000e+00 2.789880661235968471e+08 2.730067668884835243e+08 3.231334434438039660e+08 3.200340640614230633e+08 2.660207100629806519e+03 1.083000000000000000e+03 9.640000000000000000e+02
3.000000000000000000e+01 4.000000000000000000e+00 0.000000000000000000e+00 2.777800087276514173e+08 2.722555348899610639e+08 3.241178370201661587e+08 3.211371199113668799e+08 2.166289785861968994e+03 8.920000000000000000e+02 7.730000000000000000e+02
3.100000000000000000e+01 4.000000000000000000e+00 0.000000000000000000e+00 2.806102221813853979e+08 2.747060755696085691e+08 3.246620940045489073e+08 3.216178341976217628e+08 1.078362543325424194e+05 3.468400000000000000e+04 3.456500000000000000e+04
3.200000000000000000e+01 4.000000000000000000e+00 0.000000000000000000e+00 2.761033771974794865e+08 2.696757482206574678e+08 3.254155392539786696e+08 3.224918569054782391e+08 2.175463048512935638e+05 7.171000000000000000e+04 7.159100000000000000e+04
3.300000000000000000e+01 4.000000000000000000e+00 0.000000000000000000e+00 2.821196706602681875e+08 2.764883845890801549e+08 3.238239074657180905e+08 3.208360804398005009e+08 2.122947660923004150e+03 7.750000000000000000e+02 6.560000000000000000e+02
3.400000000000000000e+01 4.000000000000000000e+00 0.000000000000000000e+00 2.787212740813692212e+08 2.725600916277000308e+08 3.237639433407613635e+08 3.207063699305809140e+08 2.487041991591453552e+04 8.831000000000000000e+03 8.712000000000000000e+03
3.500000000000000000e+01 4.000000000000000000e+00 0.000000000000000000e+00 2.818749497581020594e+08 2.765362101237536669e+08 3.241367565085806847e+08 3.212405606788334846e+08 6.506406774759292603e+04 2.265700000000000000e+04 2.253800000000000000e+04
3.600000000000000000e+01 4.000000000000000000e+00 0.000000000000000000e+00 2.853736486235697269e+08 2.801642758462901711e+08 3.234624260127696991e+08 3.207216661807466745e+08 1.567763098239898682e+03 6.350000000000000000e+02 5.160000000000000000e+02
3.700000000000000000e+01 4.000000000000000000e+00 0.000000000000000000e+00 2.836792215338157415e+08 2.779501827417731285e+08 3.238038124499301314e+08 3.209034328502241969e+08 1.340775923728942871e+05 4.633700000000000000e+04 4.621800000000000000e+04
3.800000000000000000e+01 4.000000000000000000e+00 0.000000000000000000e+00 2.874689769475991130e+08 2.822641066057633162e+08 3.238257463403841853e+08 3.208266089867793322e+08 1.510791617989540100e+04 5.316000000000000000e+03 5.197000000000000000e+03
3.900000000000000000e+01 4.000000000000000000e+00 0.000000000000000000e+00 2.849673164579410553e+08 2.792623961937740445e+08 3.234282152067433596e+08 3.204282512818798423e+08 1.930108414769172668e+04 7.152000000000000000e+03 7.033000000000000000e+03
4.000000000000000000e+01 4.000000000000000000e+00 0.000000000000000000e+00 2.795112741794210672e+08 2.736428760270380974e+08 3.243267648026793003e+08 3.214712606542565823e+08 1.260912864446640015e+03 5.690000000000000000e+02 4.500000000000000000e+02
4.100000000000000000e+01 4.000000000000000000e+00 0.000000000000000000e+00 2.799278966236239672e+08 2.738989784299830794e+08 3.233765099905982614e+08 3.204300750986242294e+08 3.566433471179008484e+04 1.277800000000000000e+04 1.265900000000000000e+04
4.200000000000000000e+01 4.000000000000000000e+00 0.000000000000000000e+00 2.795500653353434205e+08 2.733705515938961506e+08 3.245452059275728464e+08 3.215474148787591457e+08 9.284220546412467957e+04 2.682600000000000000e+04 2.670700000000000000e+04
4.300000000000000000e+01 4.000000000000000000e+00 0.000000000000000000e+00 2.842860594074816704e+08 2.786633368595330119e+08 3.238286810949854255e+08 3.206646626599317193e+08 2.721693469691276550e+04 1.000400000000000000e+04 9.885000000000000000e+03
4.400000000000000000e+01 4.000000000000000000e+00 0.000000000000000000e+00 2.808927295834710598e+08 2.754967167205271721e+08 3.248088908939992189e+08 3.219111567493813038e+08 1.522621766090393066e+04 5.589000000000000000e+03 5.470000000000000000e+03
4.500000000000000000e+01 4.000000000000000000e+00 0.000000000000000000e+00 2.780945517188621163e+08 2.720834773271518350e+08 3.242541906691636443e+08 3.211049832643586993e+08 4.829097763252258301e+04 1.728000000000000000e+04 1.716100000000000000e+04
4.600000000000000000e+01 4.000000000000000000e+00 0.000000000000000000e+00 2.757197727474030256e+08 2.695966665596333742e+08 3.251341654164613485e+08 3.220838129355408549e+08 5.706463785171508789e+03 2.097000000000000000e+03 1.978000000000000000e+03
4.700000000000000000e+01 4.000000000000000000e+00 0.000000000000000000e+00 2.867418296156618595e+08 2.814000875694513321e+08 3.254163875126132369e+08 3.225539558086669445e+08 2.205770680189132690e+03 9.150000000000000000e+02 7.960000000000000000e+02
4.800000000000000000e+01 4.000000000000000000e+00 0.000000000000000000e+00 2.788451047574663758e+08 2.723459679314760566e+08 3.236396207380725145e+08 3.206734558598146439e+08 1.922721068143844604e+04 6.851000000000000000e+03 6.732000000000000000e+03
4.900000000000000000e+01 4.000000000000000000e+00 0.000000000000000000e+00 2.771715738555288315e+08 2.714522007148408890e+08 3.247003678263010383e+08 3.217171612028963566e+08 6.567111080646514893e+03 2.534000000000000000e+03 2.415000000000000000e+03
5.000000000000000000e+01 4.000000000000000000e+00 0.000000000000000000e+00 2.850504361177469492e+08 2.795690885715640783e+08 3.235033157783593535e+08 3.205404040149416924e+08 8.695869730186462402e+04 3.136200000000000000e+04 3.124300000000000000e+04
5.100000000000000000e+01 4.000000000000000000e+00 0.000000000000000000e+00 2.815785170706117153e+08 2.752149276724380851e+08 3.248055685304382443e+08 3.219783036469628811e+08 8.411136516666412354e+04 2.937600000000000000e+04 2.925700000000000000e+04
5.200000000000000000e+01 4.000000000000000000e+00 0.000000000000000000e+00 2.834413061116675138e+08 2.772161836068419814e+08 3.242974092058271766e+08 3.212807343165690899e+08 6.879520181417465210e+04 2.441700000000000000e+04 2.429800000000000000e+04
5.300000000000000000e+01 4.000000000000000000e+00 0.000000000000000000e+00 2.868690570971469283e+08 2.811060915641149879e+08 3.235566387619529366e+08 3.204566664383043051e+08 2.462984997439384460e+04 9.030000000000000000e+03 8.911000000000000000e+03
5.400000000000000000e+01 4.000000000000000000e+00 0.000000000000000000e+00 2.826340018953616023e+08 2.773119472490805984e+08 3.246236954283552170e+08 3.217161837219441533e+08 3.353644393467903137e+04 1.111200000000000000e+04 1.099300000000000000e+04
5.500000000000000000e+01 4.000000000000000000e+00 0.000000000000000000e+00 2.842213820268575549e+08 2.788636784386809468e+08 3.231246874664272666e+08 3.200777656113293767e+08 5.626816408514976501e+04 1.836700000000000000e+04 1.824800000000000000e+04
5.600000000000000000e+01 4.000000000000000000e+00 0.000000000000000000e+00 2.833360399124727249e+08 2.774512641406128407e+08 3.238716368961259127e+08 3.208756086824374199e+08 2.904020821094512939e+03 1.116000000000000000e+03 9.970000000000000000e+02
5.700000000000000000e+01 4.000000000000000000e+00 0.000000000000000000e+00 2.757588842786365747e+08 2.695813765952056646e+08 3.236942168931865096e+08 3.205507571066156030e+08 4.544210045385360718e+04 1.653300000000000000e+04 1.641400000000000000e+04
5.800000000000000000e+01 4.000000000000000000e+00 0.000000000000000000e+00 2.778671935009913445e+08 2.716598106580475569e+08 3.243741350109347105e+08 3.213734275394485593e+08 5.005469506502151489e+03 1.830000000000000000e+03 1.711000000000000000e+03
5.900000000000000000e+01 4.000000000000000000e+00 0.000000000000000000e+00 2.807934580630187392e+08 2.746313067091664076e+08 3.224401762745214701e+08 3.192835898721677065e+08 8.057532407283782959e+04 2.746700000000000000e+04 2.734800000000000000e+04
6.000000000000000000e+01 4.000000000000000000e+00 0.000000000000000000e+00 2.795456556272835732e+08 2.734235193394716382e+08 3.236754420641742945e+08 3.207145444525134563e+08 9.314739614725112915e+03 3.313000000000000000e+03 3.194000000000000000e+03
6.100000000000000000e+01 4.000000000000000000e+00 0.000000000000000000e+00 2.800273512403310537e+08 2.748369254111671448e+08 3.231217062245589495e+08 3.200360179201887846e+08 1.358943976049423218e+05 4.819400000000000000e+04 4.807500000000000000e+04
6.200000000000000000e+01 4.000000000000000000e+00 0.000000000000000000e+00 2.850889836503744125e+08 2.794129170945922136e+08 3.233949997039654851e+08 3.201895516283928752e+08 8.357570362329483032e+03 3.012000000000000000e+03 2.893000000000000000e+03
6.300000000000000000e+01 4.000000000000000000e+00 0.000000000000000000e+00 2.792169804083385468e+08 2.741950555620560646e+08 3.242528910273668766e+08 3.212645678514974713e+08 8.809486994743347168e+02 4.270000000000000000e+02 3.080000000000000000e+02
6.400000000000000000e+01 4.000000000000000000e+00 0.000000000000000000e+00 2.856190453254086971e+08 2.801489872970818281e+08 3.228521246030377746e+08 3.199000199458546638e+08 1.982140436410903931e+03 8.090000000000000000e+02 6.900000000000000000e+02
6.500000000000000000e+01 4.000000000000000000e+00 0.000000000000000000e+00 2.862876394363544583e+08 2.803330468162541986e+08 3.243087360284835696e+08 3.213483161918559074e+08 1.018606924772262573e+03 4.800000000000000000e+02 3.610000000000000000e+02
6.600000000000000000e+01 4.000000000000000000e+00 0.000000000000000000e+00 2.835562005689079762e+08 2.783111381119531393e+08 3.243095460183359385e+08 3.214536629202499390e+08 1.462737814688682556e+04 5.342000000000000000e+03 5.223000000000000000e+03
6.700000000000000000e+01 4.000000000000000000e+00 0.000000000000000000e+00 2.793951582921601534e+08 2.734658181176388264e+08 3.243211454826655984e+08 3.213190699194632769e+08 1.930420832872390747e+04 5.484000000000000000e+03 5.365000000000000000e+03
6.800000000000000000e+01 4.000000000000000000e+00 0.000000000000000000e+00 2.831408510840026140e+08 2.774249732304047942e+08 3.240968155570566654e+08 3.211214698225964904e+08 3.765575249505043030e+04 9.709000000000000000e+03 9.590000000000000000e+03
6.900000000000000000e+01 4.000000000000000000e+00 0.000000000000000000e+00 2.816786744701063633e+08 2.757107774627310038e+08 3.253236716855485439e+08 3.224684664649024010e+08 9.315792939424514771e+03 3.561000000000000000e+03 3.442000000000000000e+03
7.000000000000000000e+01 4.000000000000000000e+00 0.000000000000000000e+00 2.848806020775472522e+08 2.792587805837450027e+08 3.229598260472713113e+08 3.199605872577835917e+08 9.931012976408004761e+03 2.356000000000000000e+03 2.237000000000000000e+03
7.100000000000000000e+01 4.000000000000000000e+00 0.000000000000000000e+00 2.788704402120676637e+08 2.735803813452529907e+08 3.243210573636659980e+08 3.213027160865327716e+08 1.174635856389999390e+03 4.190000000000000000e+02 3.000000000000000000e+02
7.200000000000000000e+01 4.000000000000000000e+00 0.000000000000000000e+00 2.837198107498131394e+08 2.783594483024246097e+08 3.261027791785934567e+08 3.230672833415787220e+08 1.552152350640296936e+04 4.493000000000000000e+03 4.374000000000000000e+03
7.300000000000000000e+01 4.000000000000000000e+00 0.000000000000000000e+00 2.871530237176832557e+08 2.820227084172419906e+08 3.234108117154983282e+08 3.203107441983733177e+08 2.229629969425201416e+05 6.294200000000000000e+04 6.282300000000000000e+04
7.400000000000000000e+01 4.000000000000000000e+00 0.000000000000000000e+00 2.815480900398980379e+08 2.750641331553135514e+08 3.238823134785805941e+08 3.209612181123279929e+08 1.121150192022323608e+05 4.151500000000000000e+04 4.139600000000000000e+04
7.500000000000000000e+01 4.000000000000000000e+00 0.000000000000000000e+00 2.762323175014446378e+08 2.706013406473299265e+08 3.245539306909486055e+08 3.213202604195364118e+08 2.087996919183731079e+05 7.498000000000000000e+04 7.486100000000000000e+04
7.600000000000000000e+01 4.000000000000000000e+00 0.000000000000000000e+00 2.828788139861930013e+08 2.772637115850296021e+08 3.224576529465169907e+08 3.194888789569984078e+08 2.373329866433143616e+04 7.821000000000000000e+03 7.702000000000000000e+03
7.700000000000000000e+01 4.000000000000000000e+00 0.000000000000000000e+00 2.778191574406338334e+08 2.718428993505583405e+08 3.241170699567641616e+08 3.209537415206654072e+08 1.098553001549243927e+05 3.857200000000000000e+04 3.845300000000000000e+04
7.800000000000000000e+01 4.000000000000000000e+00 0.000000000000000000e+00 2.715293923263645768e+08 2.653225922849310935e+08 3.242062365979918838e+08 3.213154775862134695e+08 3.954583950901031494e+04 1.381400000000000000e+04 1.369500000000000000e+04
7.900000000000000000e+01 4.000000000000000000e+00 0.000000000000000000e+00 2.832323133688631654e+08 2.785747958787811399e+08 3.234390385041126013e+08 3.206390461328005791e+08 1.060193680763244629e+04 3.750000000000000000e+03 3.631000000000000000e+03
8.000000000000000000e+01 4.000000000000000000e+00 0.000000000000000000e+00 2.847407924467231631e+08 2.792540020092681050e+08 3.244432759538083076e+08 3.213993932528717518e+08 3.363970102858543396e+04 1.192900000000000000e+04 1.181000000000000000e+04
8.100000000000000000e+01 4.000000000000000000e+00 0.000000000000000000e+00 2.756389589507504106e+08 2.694889343528544903e+08 3.254249586276532412e+08 3.224324921986047626e+08 2.286581806778907776e+04 7.913000000000000000e+03 7.794000000000000000e+03
8.200000000000000000e+01 4.000000000000000000e+00 0.000000000000000000e+00 2.707777944101735950e+08 2.646015595458725691e+08 3.234097943637361526e+08 3.205058322871273756e+08 2.863279028058052063e+04 9.963000000000000000e+03 9.844000000000000000e+03
8.300000000000000000e+01 4.000000000000000000e+00 0.000000000000000000e+00 2.843564118628528118e+08 2.792253832441969514e+08 3.238358121697008014e+08 3.208058688965993524e+08 1.311214820218086243e+04 4.423000000000000000e+03 4.304000000000000000e+03
8.400000000000000000e+01 4.000000000000000000e+00 0.000000000000000000e+00 2.770796493624071479e+08 2.715649406978833079e+08 3.233944095601018071e+08 3.204052736832386851e+08 8.331293032169342041e+02 4.150000000000000000e+02 2.960000000000000000e+02
8.500000000000000000e+01 4.000000000000000000e+00 0.000000000000000000e+00 2.851346208806617260e+08 2.794771736952623725e+08 3.236793398230556250e+08 3.205257415018067956e+08 2.303015715169906616e+04 8.370000000000000000e+03 8.251000000000000000e+03
8.600000000000000000e+01 4.000000000000000000e+00 0.000000000000000000e+00 2.831110936006537676e+08 2.775052554334713817e+08 3.249354551175571084e+08 3.221118886715443730e+08 4.310943002700805664e+03 1.611000000000000000e+03 1.492000000000000000e+03
8.700000000000000000e+01 4.000000000000000000e+00 0.000000000000000000e+00 2.894185761753253937e+08 2.838282169375081658e+08 3.243943456533601880e+08 3.213373993278191686e+08 1.014683366584777832e+04 3.748000000000000000e+03 3.629000000000000000e+03
8.800000000000000000e+01 4.000000000000000000e+00 0.000000000000000000e+00 2.785471998110455275e+08 2.724686186897336841e+08 3.248179849362477660e+08 3.219732981433447599e+08 2.705344244241714478e+03 1.066000000000000000e+03 9.470000000000000000e+02
8.900000000000000000e+01 4.000000000000000000e+00 0.000000000000000000e+00 2.773129332590262294e+08 2.710400657863381505e+08 3.242230054388155341e+08 3.213094700434842110e+08 2.119240216863155365e+05 7.347400000000000000e+04 7.335500000000000000e+04
9.000000000000000000e+01 4.000000000000000000e+00 0.000000000000000000e+00 2.796945090741409063e+08 2.733671273075279593e+08 3.240658525918213725e+08 3.210325147991193533e+08 1.989774357697963715e+05 7.225700000000000000e+04 7.213800000000000000e+04
9.100000000000000000e+01 4.000000000000000000e+00 0.000000000000000000e+00 2.848471616731948256e+08 2.789817807049105763e+08 3.245147609359615445e+08 3.217030591553513408e+08 8.412369734907150269e+04 2.891700000000000000e+04 2.879800000000000000e+04
9.200000000000000000e+01 4.000000000000000000e+00 0.000000000000000000e+00 2.803141065217186213e+08 2.744057292739159465e+08 3.223811820204935670e+08 3.193035532412887812e+08 2.933705160570144653e+04 1.084500000000000000e+04 1.072600000000000000e+04
9.300000000000000000e+01 4.000000000000000000e+00 0.000000000000000000e+00 2.782998266696016192e+08 2.724771933322988749e+08 3.232214595349242091e+08 3.201349588838656545e+08 2.072015852475166321e+05 7.452900000000000000e+04 7.441000000000000000e+04
9.400000000000000000e+01 4.000000000000000000e+00 0.000000000000000000e+00 2.819493915811297894e+08 2.765832062901721597e+08 3.230341842685042620e+08 3.198202254016237259e+08 2.257003792285919189e+03 7.510000000000000000e+02 6.320000000000000000e+02
9.500000000000000000e+01 4.000000000000000000e+00 0.000000000000000000e+00 2.779154259289987683e+08 2.722439729529445767e+08 3.249660836182020903e+08 3.220990155619140267e+08 3.148211254358291626e+03 1.005000000000000000e+03 8.860000000000000000e+02
9.600000000000000000e+01 4.000000000000000000e+00 0.000000000000000000e+00 2.757254489545509219e+08 2.705768498924422860e+08 3.241126732591789365e+08 3.212146276704484224e+08 4.506782815361022949e+04 1.211300000000000000e+04 1.199400000000000000e+04
9.700000000000000000e+01 4.000000000000000000e+00 0.000000000000000000e+00 2.714991555069535375e+08 2.643634046605008841e+08 3.219230234550575614e+08 3.188560235805627704e+08 3.070019695520401001e+03 9.630000000000000000e+02 8.440000000000000000e+02
9.800000000000000000e+01 4.000000000000000000e+00 0.000000000000000000e+00 2.857001142456921935e+08 2.800502190989602804e+08 3.252374232799798250e+08 3.223204523004962206e+08 3.501887024641036987e+03 1.013000000000000000e+03 8.940000000000000000e+02
9.900000000000000000e+01 4.000000000000000000e+00 0.000000000000000000e+00 2.862553107962102890e+08 2.807881396310761571e+08 3.243413173730049133e+08 3.213218759720388651e+08 9.639227804660797119e+03 2.820000000000000000e+03 2.701000000000000000e+03
1.000000000000000000e+02 4.000000000000000000e+00 0.000000000000000000e+00 2.728463727569955587e+08 2.672509774814108908e+08 3.232285044837415218e+08 3.203795489463886619e+08 2.313282051174640656e+05 6.671400000000000000e+04 6.659500000000000000e+04
1.010000000000000000e+02 4.000000000000000000e+00 0.000000000000000000e+00 2.793379474713072181e+08 2.730843508665030003e+08 3.238227140249732733e+08 3.208595753684523106e+08 2.182820965170860291e+04 5.985000000000000000e+03 5.866000000000000000e+03
1.020000000000000000e+02 4.000000000000000000e+00 0.000000000000000000e+00 2.868854199230108857e+08 2.816162045586707592e+08 3.239750627476084828e+08 3.209320471442273259e+08 1.954977375817298889e+04 5.442000000000000000e+03 5.323000000000000000e+03
1.030000000000000000e+02 4.000000000000000000e+00 0.000000000000000000e+00 2.882966958825660944e+08 2.831927665990470648e+08 3.238553384414194226e+08 3.207827342457308173e+08 6.693111911535263062e+03 2.588000000000000000e+03 2.469000000000000000e+03
1.040000000000000000e+02 4.000000000000000000e+00 0.000000000000000000e+00 2.843160178172623515e+08 2.785301576772073507e+08 3.229680570686373115e+08 3.200606202720302343e+08 4.453155113983154297e+04 1.622700000000000000e+04 1.610800000000000000e+04
1.050000000000000000e+02 4.000000000000000000e+00 0.000000000000000000e+00 2.808805561671646833e+08 2.756431411934565902e+08 3.240956864895756841e+08 3.211905253528594971e+08 1.777728047180175781e+04 6.795000000000000000e+03 6.676000000000000000e+03
1.060000000000000000e+02 4.000000000000000000e+00 0.000000000000000000e+00 2.790950854099714160e+08 2.735898143968848586e+08 3.237122411550516486e+08 3.207377149166512489e+08 4.401356918597221375e+04 1.610600000000000000e+04 1.598700000000000000e+04
1.070000000000000000e+02 4.000000000000000000e+00 0.000000000000000000e+00 2.815492834321023226e+08 2.762875930759168267e+08 3.232607251571491361e+08 3.200848447893175483e+08 1.472843779802322388e+03 6.800000000000000000e+02 5.610000000000000000e+02
1.080000000000000000e+02 4.000000000000000000e+00 0.000000000000000000e+00 2.837345288185772896e+08 2.780310751796586514e+08 3.256226736912977099e+08 3.228089289430993795e+08 5.109375538110733032e+03 1.696000000000000000e+03 1.577000000000000000e+03
1.090000000000000000e+02 4.000000000000000000e+00 0.000000000000000000e+00 2.852945223546937704e+08 2.798637313552885652e+08 3.234854489388370514e+08 3.204764323895519972e+08 9.714218723464012146e+04 3.518300000000000000e+04 3.506400000000000000e+04
1.100000000000000000e+02 4.000000000000000000e+00 0.000000000000000000e+00 2.733896112192689180e+08 2.673824185401796997e+08 3.245765450032698512e+08 3.214807553284818530e+08 2.715667025470733643e+04 1.009500000000000000e+04 9.976000000000000000e+03
1.110000000000000000e+02 4.000000000000000000e+00 0.000000000000000000e+00 2.821789842102333307e+08 2.764926617048009038e+08 3.227618176931041479e+08 3.197754276234180927e+08 6.932645855188369751e+03 2.541000000000000000e+03 2.422000000000000000e+03
1.120000000000000000e+02 4.000000000000000000e+00 0.000000000000000000e+00 2.851246493052350879e+08 2.795084877296545506e+08 3.242539803747216463e+08 3.211690441022213697e+08 9.349570507740974426e+04 3.195800000000000000e+04 3.183900000000000000e+04
1.130000000000000000e+02 4.000000000000000000e+00 0.000000000000000000e+00 2.702256622837712169e+08 2.641479022377531528e+08 3.241660641588405967e+08 3.212145110720815659e+08 4.999451280117034912e+03 1.865000000000000000e+03 1.746000000000000000e+03
1.140000000000000000e+02 4.000000000000000000e+00 0.000000000000000000e+00 2.834557630713797808e+08 2.781158770189737678e+08 3.220355410700163841e+08 3.190384601949878931e+08 1.210964129421710968e+05 4.638100000000000000e+04 4.626200000000000000e+04
1.150000000000000000e+02 4.000000000000000000e+00 0.000000000000000000e+00 2.868346204811960459e+08 2.811762573715313673e+08 3.223380852266136408e+08 3.192491729539455175e+08 2.574213525295257568e+03 9.910000000000000000e+02 8.720000000000000000e+02
1.160000000000000000e+02 4.000000000000000000e+00 0.000000000000000000e+00 2.813398156730688810e+08 2.762662991611478329e+08 3.244410332277980447e+08 3.215746332816484571e+08 1.756487014532089233e+03 7.120000000000000000e+02 5.930000000000000000e+02
1.170000000000000000e+02 4.000000000000000000e+00 0.000000000000000000e+00 2.871331216086028218e+08 2.814193574582772255e+08 3.245922288780232072e+08 3.216865323442649245e+08 7.292054815053939819e+03 2.450000000000000000e+03 2.331000000000000000e+03
1.180000000000000000e+02 4.000000000000000000e+00 0.000000000000000000e+00 2.822374588560450077e+08 2.764075390882019997e+08 3.241729795853802562e+08 3.212307642755010128e+08 3.569482127904891968e+03 1.242000000000000000e+03 1.123000000000000000e+03
1.190000000000000000e+02 4.000000000000000000e+00 0.000000000000000000e+00 2.860006642900978327e+08 2.800897370518103838e+08 3.245668716301176548e+08 3.214618023550804257e+08 3.042901070952415466e+04 1.028000000000000000e+04 1.016100000000000000e+04
1.200000000000000000e+02 4.000000000000000000e+00 0.000000000000000000e+00 2.866801771991388798e+08 2.811376705859411359e+08 3.231988070452417731e+08 3.204398573554195166e+08 1.947901720976829529e+04 6.524000000000000000e+03 6.405000000000000000e+03
1.210000000000000000e+02 4.000000000000000000e+00 0.000000000000000000e+00 2.831656886985647678e+08 2.773597799916221499e+08 3.239538127132139206e+08 3.209843745362491012e+08 1.864314585494995117e+04 6.483000000000000000e+03 6.364000000000000000e+03
1.220000000000000000e+02 4.000000000000000000e+00 0.000000000000000000e+00 2.838105718818257451e+08 2.782775385737401247e+08 3.249358086176018715e+08 3.220647016590596437e+08 5.489916184902191162e+03 2.124000000000000000e+03 2.005000000000000000e+03
1.230000000000000000e+02 4.000000000000000000e+00 0.000000000000000000e+00 2.851482069052439928e+08 2.792474166939752698e+08 3.219430452923228145e+08 3.189728015837019086e+08 1.105755859348773956e+05 4.097900000000000000e+04 4.086000000000000000e+04
1.240000000000000000e+02 4.000000000000000000e+00 0.000000000000000000e+00 2.795546374187073708e+08 2.731685361815887690e+08 3.237954226924131513e+08 3.206577987552403212e+08 2.062485913205146790e+04 7.717000000000000000e+03 7.598000000000000000e+03
1.250000000000000000e+02 4.000000000000000000e+00 0.000000000000000000e+00 2.823096520092737675e+08 2.771224109031131268e+08 3.236281828324744701e+08 3.205339233085789680e+08 1.372994984626770020e+03 5.210000000000000000e+02 4.020000000000000000e+02
1.260000000000000000e+02 4.000000000000000000e+00 0.000000000000000000e+00 2.891732598593074679e+08 2.837961598158308864e+08 3.242618833146664500e+08 3.213878144951190352e+08 2.244143518376350403e+04 6.332000000000000000e+03 6.213000000000000000e+03
1.270000000000000000e+02 4.000000000000000000e+00 0.000000000000000000e+00 2.879940125649242997e+08 2.821087283101499677e+08 3.241987032547505498e+08 3.212302452692205310e+08 1.708985637569427490e+04 4.911000000000000000e+03 4.792000000000000000e+03
1.280000000000000000e+02 4.000000000000000000e+00 0.000000000000000000e+00 2.809303402317195535e+08 2.750816328383273482e+08 3.243781791971911788e+08 3.215812911903084517e+08 7.518271138644218445e+04 2.149200000000000000e+04 2.137300000000000000e+04
1.290000000000000000e+02 4.000000000000000000e+00 0.000000000000000000e+00 2.777510396862012744e+08 2.718343150969740152e+08 3.231749752843751311e+08 3.198500265986145139e+08 1.277322033882141113e+03 4.670000000000000000e+02 3.480000000000000000e+02
1.300000000000000000e+02 4.000000000000000000e+00 0.000000000000000000e+00 2.776101618764959574e+08 2.721427004995748997e+08 3.244058831809212565e+08 3.215743955013124943e+08 5.242130221056938171e+04 1.923600000000000000e+04 1.911700000000000000e+04
1.310000000000000000e+02 4.000000000000000000e+00 0.000000000000000000e+00 2.831872201015521884e+08 2.777185973800456524e+08 3.236464280476287007e+08 3.207365930665775537e+08 1.905118377685546875e+03 6.370000000000000000e+02 5.180000000000000000e+02
1.320000000000000000e+02 4.000000000000000000e+00 0.000000000000000000e+00 2.778931208944877386e+08 2.724019573441445827e+08 3.256234131141998768e+08 3.227140765432627201e+08 1.167682336952686310e+05 3.906900000000000000e+04 3.895000000000000000e+04
1.330000000000000000e+02 4.000000000000000000e+00 0.000000000000000000e+00 2.806933738420923352e+08 2.745537565859988332e+08 3.247725435467751026e+08 3.218163029972885251e+08 5.407696897888183594e+04 1.763700000000000000e+04 1.751800000000000000e+04
1.340000000000000000e+02 4.000000000000000000e+00 0.000000000000000000e+00 2.878387947627900839e+08 2.824682899379689097e+08 3.229640027908586264e+08 3.200400624713879824e+08 1.007373478698730469e+04 3.780000000000000000e+03 3.661000000000000000e+03
1.350000000000000000e+02 4.000000000000000000e+00 0.000000000000000000e+00 2.836814855641190410e+08 2.779492986317548752e+08 3.234507417496303320e+08 3.204913087774134874e+08 1.255350618793964386e+05 4.357200000000000000e+04 4.345300000000000000e+04
1.360000000000000000e+02 4.000000000000000000e+00 0.000000000000000000e+00 2.853370328524963856e+08 2.802547192204259038e+08 3.232033125443491340e+08 3.200380831784053445e+08 1.832383201122283936e+03 7.800000000000000000e+02 6.610000000000000000e+02
1.370000000000000000e+02 4.000000000000000000e+00 0.000000000000000000e+00 2.710525190450779200e+08 2.657734277667739093e+08 3.239067201866306663e+08 3.210005290837060809e+08 3.185805267357826233e+04 1.163100000000000000e+04 1.151200000000000000e+04
1.380000000000000000e+02 4.000000000000000000e+00 0.000000000000000000e+00 2.754545568140276074e+08 2.692030514245455861e+08 3.253424066653302908e+08 3.224199321488282084e+08 8.081240577197074890e+04 2.584900000000000000e+04 2.573000000000000000e+04
1.390000000000000000e+02 4.000000000000000000e+00 0.000000000000000000e+00 2.841074490866202116e+08 2.779904582964543700e+08 3.236295921648958921e+08 3.205858575926172733e+08 1.651446154975891113e+04 6.221000000000000000e+03 6.102000000000000000e+03
1.400000000000000000e+02 4.000000000000000000e+00 0.000000000000000000e+00 2.871749939017496705e+08 2.816030960445043445e+08 3.228427012000494003e+08 3.198093045993441343e+08 1.399433686017990112e+03 6.190000000000000000e+02 5.000000000000000000e+02
1.410000000000000000e+02 4.000000000000000000e+00 0.000000000000000000e+00 2.736903223690609932e+08 2.683630816765366793e+08 3.236333311885102987e+08 3.206940352120043635e+08 8.763662847280502319e+03 3.467000000000000000e+03 3.348000000000000000e+03
1.420000000000000000e+02 4.000000000000000000e+00 0.000000000000000000e+00 2.856372236469752789e+08 2.797998754862221479e+08 3.236507643934880495e+08 3.206807981282790899e+08 9.907167148590087891e+02 4.950000000000000000e+02 3.760000000000000000e+02
1.430000000000000000e+02 4.000000000000000000e+00 0.000000000000000000e+00 2.795864101350189447e+08 2.740897454655100107e+08 3.237360027148952484e+08 3.208152771303904057e+08 2.763182649827003479e+04 1.007400000000000000e+04 9.955000000000000000e+03
1.440000000000000000e+02 4.000000000000000000e+00 0.000000000000000000e+00 2.788670414549535513e+08 2.732696220509193540e+08 3.240506181230910420e+08 3.211074055706923604e+08 1.932945769662857056e+05 7.127500000000000000e+04 7.115600000000000000e+04
1.450000000000000000e+02 4.000000000000000000e+00 0.000000000000000000e+00 2.768019236219732165e+08 2.714094576150310040e+08 3.231364979592685699e+08 3.202591030633914471e+08 2.510933006429672241e+04 8.118000000000000000e+03 7.999000000000000000e+03
1.460000000000000000e+02 4.000000000000000000e+00 0.000000000000000000e+00 2.780181977221463919e+08 2.714652889119977355e+08 3.244711082279577255e+08 3.214392905463312268e+08 8.930402243566513062e+04 3.258300000000000000e+04 3.246400000000000000e+04
1.470000000000000000e+02 4.000000000000000000e+00 0.000000000000000000e+00 2.797204421186307073e+08 2.735257107401517630e+08 3.233601329332839251e+08 3.203103177549367547e+08 6.789019505977630615e+02 3.750000000000000000e+02 2.560000000000000000e+02
1.480000000000000000e+02 4.000000000000000000e+00 0.000000000000000000e+00 2.798539517249864936e+08 2.745626749327418208e+08 3.244132860395538807e+08 3.213527627494854331e+08 1.918375727634429932e+05 7.126400000000000000e+04 7.114500000000000000e+04
1.490000000000000000e+02 4.000000000000000000e+00 0.000000000000000000e+00 2.702137438550611138e+08 2.639955481778284013e+08 3.225233253843381405e+08 3.194597324676764607e+08 1.305515704536437988e+04 4.747000000000000000e+03 4.628000000000000000e+03
1.500000000000000000e+02 4.000000000000000000e+00 0.000000000000000000e+00 2.814508428301545978e+08 2.755650106792261004e+08 3.236155085163676143e+08 3.206625749761406779e+08 4.064650079822540283e+04 1.168700000000000000e+04 1.156800000000000000e+04
1.510000000000000000e+02 4.000000000000000000e+00 0.000000000000000000e+00 2.871925031544069648e+08 2.817862730380532146e+08 3.242642326266385913e+08 3.213030484243135452e+08 2.276934220790863037e+03 7.550000000000000000e+02 6.360000000000000000e+02
1.530000000000000000e+02 4.000000000000000000e+00 0.000000000000000000e+00 2.840015879499160051e+08 2.785025136442573667e+08 3.226970717318983674e+08 3.196112684579520226e+08 2.576701013262271881e+05 6.896800000000000000e+04 6.884900000000000000e+04
1.540000000000000000e+02 4.000000000000000000e+00 0.000000000000000000e+00 2.792054965466520786e+08 2.739114428123399019e+08 3.223696526912989020e+08 3.192926984908449054e+08 4.053638029813766479e+03 1.428000000000000000e+03 1.309000000000000000e+03
1.550000000000000000e+02 4.000000000000000000e+00 0.000000000000000000e+00 2.808556259423770905e+08 2.750989564107612967e+08 3.239237061612432599e+08 3.208120710539602041e+08 2.553725694417953491e+04 8.404000000000000000e+03 8.285000000000000000e+03
1.560000000000000000e+02 4.000000000000000000e+00 0.000000000000000000e+00 2.805108108513265252e+08 2.746257718507269025e+08 3.239164782537491918e+08 3.208265267206394076e+08 1.790273812508583069e+04 5.511000000000000000e+03 5.392000000000000000e+03
1.570000000000000000e+02 4.000000000000000000e+00 0.000000000000000000e+00 2.870276718338003755e+08 2.819665836165167093e+08 3.225205884125334024e+08 3.192752467422083616e+08 2.528711291537284851e+05 6.866100000000000000e+04 6.854200000000000000e+04
1.580000000000000000e+02 4.000000000000000000e+00 0.000000000000000000e+00 2.775367121139898300e+08 2.712721288593558073e+08 3.229015792453753948e+08 3.197592243842962980e+08 2.453770603258609772e+05 6.726700000000000000e+04 6.714800000000000000e+04
1.590000000000000000e+02 4.000000000000000000e+00 0.000000000000000000e+00 2.841252116782412529e+08 2.788523769697052836e+08 3.228158290449175835e+08 3.196878400170349479e+08 2.135743731012344360e+05 5.829600000000000000e+04 5.817700000000000000e+04
1.600000000000000000e+02 4.000000000000000000e+00 0.000000000000000000e+00 2.856890241050828695e+08 2.799621713935657144e+08 3.227906729907234907e+08 3.196077014856885076e+08 2.443285476422309875e+04 6.823000000000000000e+03 6.704000000000000000e+03
1.610000000000000000e+02 4.000000000000000000e+00 0.000000000000000000e+00 2.877955234874611497e+08 2.829326604457218647e+08 3.237207888334388733e+08 3.208519345635179281e+08 5.248983105421066284e+03 1.552000000000000000e+03 1.433000000000000000e+03
1.620000000000000000e+02 4.000000000000000000e+00 0.000000000000000000e+00 2.860595355060229897e+08 2.806447057114648223e+08 3.243548551910007000e+08 3.213213766030750275e+08 1.274637127017974854e+04 3.578000000000000000e+03 3.459000000000000000e+03
1.640000000000000000e+02 4.000000000000000000e+00 0.000000000000000000e+00 2.799811908273332715e+08 2.740431992506949306e+08 3.227585051282862425e+08 3.197607546926214695e+08 1.669627912631034851e+05 4.654400000000000000e+04 4.642500000000000000e+04
1.650000000000000000e+02 4.000000000000000000e+00 0.000000000000000000e+00 2.854024938747787476e+08 2.797351947155788541e+08 3.240538128299647570e+08 3.210683017250552773e+08 1.109461953401565552e+03 4.160000000000000000e+02 2.970000000000000000e+02
1.660000000000000000e+02 4.000000000000000000e+00 0.000000000000000000e+00 2.837289467820370793e+08 2.785527885179082155e+08 3.237892901697108746e+08 3.207982509828966856e+08 9.565695304393768311e+03 3.598000000000000000e+03 3.479000000000000000e+03
1.670000000000000000e+02 4.000000000000000000e+00 0.000000000000000000e+00 2.766854954861518145e+08 2.695574276565908790e+08 3.248394950269097686e+08 3.219829564937617779e+08 8.923286543846130371e+03 3.391000000000000000e+03 3.272000000000000000e+03
1.680000000000000000e+02 4.000000000000000000e+00 0.000000000000000000e+00 2.781914309151520133e+08 2.715661130480389595e+08 3.241974156127594113e+08 3.213558633120307922e+08 3.088488167643547058e+04 1.032400000000000000e+04 1.020500000000000000e+04
1.700000000000000000e+02 4.000000000000000000e+00 0.000000000000000000e+00 2.833447718187197447e+08 2.778041172741779089e+08 3.251917802530367970e+08 3.222113630219727159e+08 3.575223917841911316e+04 1.028700000000000000e+04 1.016800000000000000e+04
1.710000000000000000e+02 4.000000000000000000e+00 0.000000000000000000e+00 2.821008829704587460e+08 2.762295755962651968e+08 3.236892289314544797e+08 3.206497615757281780e+08 2.221641775321960449e+04 6.205000000000000000e+03 6.086000000000000000e+03
1.720000000000000000e+02 4.000000000000000000e+00 0.000000000000000000e+00 2.796758671592236161e+08 2.744957498106272817e+08 3.242354081560881734e+08 3.212989819394279718e+08 3.153360357546806335e+04 9.272000000000000000e+03 9.153000000000000000e+03
1.730000000000000000e+02 4.000000000000000000e+00 0.000000000000000000e+00 2.892618271753487587e+08 2.839886170799817443e+08 3.246345653843677044e+08 3.216103802651745081e+08 1.137461939334869385e+03 4.340000000000000000e+02 3.150000000000000000e+02
1.740000000000000000e+02 4.000000000000000000e+00 0.000000000000000000e+00 2.835884149087780714e+08 2.782318644989655614e+08 3.251058184669315219e+08 3.222902283452866077e+08 4.570194451165199280e+04 1.282700000000000000e+04 1.270800000000000000e+04
1.750000000000000000e+02 4.000000000000000000e+00 0.000000000000000000e+00 2.877858661991163492e+08 2.818154439383124709e+08 3.241364355614718795e+08 3.211919416649630070e+08 1.842295155763626099e+03 8.230000000000000000e+02 7.040000000000000000e+02
1.760000000000000000e+02 4.000000000000000000e+00 0.000000000000000000e+00 2.795281565074078441e+08 2.739018429264738560e+08 3.230245714539746642e+08 3.198943869240542054e+08 7.472290689945220947e+03 2.500000000000000000e+03 2.381000000000000000e+03
1.770000000000000000e+02 4.000000000000000000e+00 0.000000000000000000e+00 2.817923020913731456e+08 2.762933567608804703e+08 3.235446787076690197e+08 3.206178328907492161e+08 1.220844189643859863e+03 5.410000000000000000e+02 4.220000000000000000e+02
1.780000000000000000e+02 4.000000000000000000e+00 0.000000000000000000e+00 2.827933282863729000e+08 2.768969165111325383e+08 3.237901294001961946e+08 3.208543826742720008e+08 1.738979881525039673e+03 7.230000000000000000e+02 6.040000000000000000e+02
1.800000000000000000e+02 4.000000000000000000e+00 0.000000000000000000e+00 2.759657608098860979e+08 2.692338820184750557e+08 3.231914248489131331e+08 3.201551099746599197e+08 3.227762440443038940e+04 9.469000000000000000e+03 9.350000000000000000e+03
1.810000000000000000e+02 4.000000000000000000e+00 0.000000000000000000e+00 2.792463032015361190e+08 2.735571942732203007e+08 3.236085807010946274e+08 3.205648975524525046e+08 1.408666879143714905e+05 4.021400000000000000e+04 4.009500000000000000e+04
1.820000000000000000e+02 4.000000000000000000e+00 0.000000000000000000e+00 2.901450994594863653e+08 2.848437117708304524e+08 3.244569021539490223e+08 3.215351740290454030e+08 1.807584046244621277e+04 5.357000000000000000e+03 5.238000000000000000e+03
1.830000000000000000e+02 4.000000000000000000e+00 0.000000000000000000e+00 2.851573256371037960e+08 2.795237260700472593e+08 3.240643895936061740e+08 3.211081544002879262e+08 2.061885322234630585e+05 5.607200000000000000e+04 5.595300000000000000e+04
1.840000000000000000e+02 4.000000000000000000e+00 0.000000000000000000e+00 2.898480345304307342e+08 2.851764979075515866e+08 3.200449496324256659e+08 3.169083996903566718e+08 9.834574036836624146e+03 2.593000000000000000e+03 2.474000000000000000e+03
1.850000000000000000e+02 4.000000000000000000e+00 0.000000000000000000e+00 2.914042063208252192e+08 2.856099700508269668e+08 3.237872035036532283e+08 3.206961041285972595e+08 1.955914313149452209e+04 7.358000000000000000e+03 7.239000000000000000e+03
1.860000000000000000e+02 4.000000000000000000e+00 0.000000000000000000e+00 2.845524029502931237e+08 2.791343156826129556e+08 3.234377417790944576e+08 3.204659087874864936e+08 4.787799242496490479e+03 1.762000000000000000e+03 1.643000000000000000e+03
1.870000000000000000e+02 4.000000000000000000e+00 0.000000000000000000e+00 2.801238865929001570e+08 2.746799012381213307e+08 3.243554501488142014e+08 3.212974479732200503e+08 2.682739618301391602e+03 8.450000000000000000e+02 7.260000000000000000e+02
1.880000000000000000e+02 4.000000000000000000e+00 0.000000000000000000e+00 2.848819456105031967e+08 2.798527413135315180e+08 3.243334596457250118e+08 3.213249582016581297e+08 7.013924595665931702e+04 1.956000000000000000e+04 1.944100000000000000e+04
1.890000000000000000e+02 4.000000000000000000e+00 0.000000000000000000e+00 2.852258853435997367e+08 2.796606105390189886e+08 3.236807288081397414e+08 3.206033862145150900e+08 2.727328960418701172e+03 8.560000000000000000e+02 7.370000000000000000e+02
1.900000000000000000e+02 4.000000000000000000e+00 0.000000000000000000e+00 2.855296852283754349e+08 2.802053360711500049e+08 3.240624606322220564e+08 3.209932502702515721e+08 9.130700178146362305e+03 2.593000000000000000e+03 2.474000000000000000e+03
1.910000000000000000e+02 4.000000000000000000e+00 0.000000000000000000e+00 2.893159252846451998e+08 2.840464604071995020e+08 3.242235879098683596e+08 3.213466953272303939e+08 1.572379602384567261e+05 4.295600000000000000e+04 4.283700000000000000e+04
1.920000000000000000e+02 4.000000000000000000e+00 0.000000000000000000e+00 2.780088688836715817e+08 2.716551497333161831e+08 3.226875176505476236e+08 3.197001189247198701e+08 1.394305699205398560e+04 3.982000000000000000e+03 3.863000000000000000e+03
1.930000000000000000e+02 4.000000000000000000e+00 0.000000000000000000e+00 2.819297953871644139e+08 2.757766088444589376e+08 3.217593619085289836e+08 3.187103312719495296e+08 1.273488712787628174e+03 5.560000000000000000e+02 4.370000000000000000e+02
1.940000000000000000e+02 4.000000000000000000e+00 0.000000000000000000e+00 2.859887216089132428e+08 2.807076322590973377e+08 3.236346148530194759e+08 3.205397807765657306e+08 3.819303992033004761e+03 1.496000000000000000e+03 1.377000000000000000e+03
1.950000000000000000e+02 4.000000000000000000e+00 0.000000000000000000e+00 2.835089237934036255e+08 2.784562161953080893e+08 3.242544629971890450e+08 3.212548302501057982e+08 5.189315513157844543e+04 2.010800000000000000e+04 1.998900000000000000e+04
1.960000000000000000e+02 4.000000000000000000e+00 0.000000000000000000e+00 2.902219069551638961e+08 2.848695688516211510e+08 3.239081039702406526e+08 3.208156074911570549e+08 8.056135013580322266e+03 3.202000000000000000e+03 3.083000000000000000e+03
1.970000000000000000e+02 4.000000000000000000e+00 0.000000000000000000e+00 2.793476355956984758e+08 2.743213197059306502e+08 3.229766812512776256e+08 3.199684625971095562e+08 1.753414892673492432e+05 6.361400000000000000e+04 6.349500000000000000e+04
1.980000000000000000e+02 4.000000000000000000e+00 0.000000000000000000e+00 2.875615152358967066e+08 2.819389442085860372e+08 3.220194698923996091e+08 3.186887940748740435e+08 9.441415849065780640e+04 3.252800000000000000e+04 3.240900000000000000e+04
1.990000000000000000e+02 4.000000000000000000e+00 0.000000000000000000e+00 2.816398145719230175e+08 2.763329380087428093e+08 3.220387199696742892e+08 3.189079718663972020e+08 8.921484584951400757e+04 3.170400000000000000e+04 3.158500000000000000e+04
