# # run number, ti calc, ti opt, aep init calc (kW), aep init opt (kW), aep run calc (kW), aep run opt (kW), run time (s), obj func calls, sens func calls
0.000000000000000000e+00 4.000000000000000000e+00 0.000000000000000000e+00 7.122926582213066518e+07 6.972202909645889699e+07 7.195360485743904114e+07 7.113920973811878264e+07 1.156942629814147949e+01 8.600000000000000000e+01 5.500000000000000000e+01
1.000000000000000000e+00 4.000000000000000000e+00 0.000000000000000000e+00 6.491397001292583346e+07 6.444010127078729868e+07 7.489634470901682973e+07 7.489261353154419363e+07 1.985494971275329590e+01 1.290000000000000000e+02 9.800000000000000000e+01
2.000000000000000000e+00 4.000000000000000000e+00 0.000000000000000000e+00 6.223733750366425514e+07 6.171709904596910626e+07 7.233363741330456734e+07 7.243296268301582336e+07 2.536915469169616699e+01 1.170000000000000000e+02 8.600000000000000000e+01
3.000000000000000000e+00 4.000000000000000000e+00 0.000000000000000000e+00 5.875356854429103434e+07 5.757019594226604700e+07 7.352866503553891182e+07 7.349120561825761199e+07 7.777770900726318359e+01 3.050000000000000000e+02 2.730000000000000000e+02
4.000000000000000000e+00 4.000000000000000000e+00 0.000000000000000000e+00 5.753344858966615796e+07 5.676945971805554628e+07 7.120931341415326297e+07 7.116609058278845251e+07 2.565822935104370117e+01 1.180000000000000000e+02 8.700000000000000000e+01
5.000000000000000000e+00 4.000000000000000000e+00 0.000000000000000000e+00 5.853596581396171451e+07 5.748581129582079500e+07 7.214381017558926344e+07 7.201205035150639713e+07 2.461938526153564453e+03 9.674000000000000000e+03 9.643000000000000000e+03
6.000000000000000000e+00 4.000000000000000000e+00 0.000000000000000000e+00 5.870792448102950305e+07 5.815567855600810796e+07 7.238011218712295592e+07 7.228874599027617276e+07 4.624979233741760254e+01 1.680000000000000000e+02 1.370000000000000000e+02
7.000000000000000000e+00 4.000000000000000000e+00 0.000000000000000000e+00 5.981056410545274615e+07 5.913302559139227122e+07 7.293898320466324687e+07 7.290122163608950377e+07 6.341403150558471680e+01 2.330000000000000000e+02 2.010000000000000000e+02
8.000000000000000000e+00 4.000000000000000000e+00 0.000000000000000000e+00 6.193485093891479075e+07 6.141899594518473744e+07 7.153334528522311151e+07 7.144387686006082594e+07 3.173192667961120605e+01 1.330000000000000000e+02 1.020000000000000000e+02
9.000000000000000000e+00 4.000000000000000000e+00 0.000000000000000000e+00 6.033841150874938816e+07 6.004951086421577632e+07 7.250665998291210830e+07 7.254131198940669000e+07 2.895938086509704590e+01 1.310000000000000000e+02 1.000000000000000000e+02
1.000000000000000000e+01 4.000000000000000000e+00 0.000000000000000000e+00 6.346574070163008571e+07 6.292648705206559598e+07 7.177004986830298603e+07 7.154061132114109397e+07 2.183002638816833496e+01 1.040000000000000000e+02 7.300000000000000000e+01
1.100000000000000000e+01 4.000000000000000000e+00 0.000000000000000000e+00 6.422693458394373953e+07 6.355536596732020378e+07 7.340368279718241096e+07 7.331879682712087035e+07 3.520754647254943848e+01 1.440000000000000000e+02 1.130000000000000000e+02
1.200000000000000000e+01 4.000000000000000000e+00 0.000000000000000000e+00 6.173760168579941243e+07 6.081819538157245517e+07 7.075205207734124362e+07 7.059623841703963280e+07 1.718970608711242676e+01 1.250000000000000000e+02 9.400000000000000000e+01
1.300000000000000000e+01 4.000000000000000000e+00 0.000000000000000000e+00 6.225790577998667955e+07 6.142266369432960451e+07 7.014516702189603448e+07 6.986058515705178678e+07 1.339728522300720215e+01 1.020000000000000000e+02 7.100000000000000000e+01
1.400000000000000000e+01 4.000000000000000000e+00 0.000000000000000000e+00 5.895662046550881863e+07 5.824145706956930459e+07 7.217728793947584927e+07 7.225635184994548559e+07 1.317894172668457031e+01 1.030000000000000000e+02 7.200000000000000000e+01
1.500000000000000000e+01 4.000000000000000000e+00 0.000000000000000000e+00 5.998067386500003934e+07 5.929694261079393327e+07 6.951326823851987720e+07 6.938678560211846232e+07 1.098581838607788086e+01 9.100000000000000000e+01 6.000000000000000000e+01
1.600000000000000000e+01 4.000000000000000000e+00 0.000000000000000000e+00 6.066190408824013919e+07 6.008937522830620408e+07 7.480007745734919608e+07 7.484420109609110653e+07 1.516377091407775879e+01 1.150000000000000000e+02 8.400000000000000000e+01
1.700000000000000000e+01 4.000000000000000000e+00 0.000000000000000000e+00 5.412555326942303777e+07 5.315491474833255261e+07 7.171735759379567206e+07 7.178157313112068176e+07 3.011947345733642578e+01 1.880000000000000000e+02 1.570000000000000000e+02
1.800000000000000000e+01 4.000000000000000000e+00 0.000000000000000000e+00 5.864820125798863918e+07 5.817715642105033994e+07 7.233091751628722250e+07 7.239972280276405811e+07 1.285793352127075195e+01 1.010000000000000000e+02 7.000000000000000000e+01
1.900000000000000000e+01 4.000000000000000000e+00 0.000000000000000000e+00 6.012755985859848559e+07 5.941850466575370729e+07 7.193854192215418816e+07 7.196663979480244219e+07 5.697555017471313477e+01 3.540000000000000000e+02 3.220000000000000000e+02
2.000000000000000000e+01 4.000000000000000000e+00 0.000000000000000000e+00 6.252135673141173273e+07 6.205933546937448531e+07 7.317143896973647177e+07 7.310787086655597389e+07 3.173492646217346191e+01 2.130000000000000000e+02 1.810000000000000000e+02
2.100000000000000000e+01 4.000000000000000000e+00 0.000000000000000000e+00 6.089019399732110649e+07 6.016339282794248313e+07 7.222356479414908588e+07 7.223858508947399259e+07 2.705596494674682617e+01 1.870000000000000000e+02 1.550000000000000000e+02
2.200000000000000000e+01 4.000000000000000000e+00 0.000000000000000000e+00 6.152029560284772515e+07 6.074796506579601765e+07 7.413296642768846452e+07 7.406326688905799389e+07 3.540185928344726562e+01 2.340000000000000000e+02 2.020000000000000000e+02
2.300000000000000000e+01 4.000000000000000000e+00 0.000000000000000000e+00 6.040805806647663563e+07 5.979425908359757811e+07 7.539942969255404174e+07 7.551874556359077990e+07 2.783040070533752441e+01 1.870000000000000000e+02 1.560000000000000000e+02
2.400000000000000000e+01 4.000000000000000000e+00 0.000000000000000000e+00 6.307400621786389500e+07 6.255393143817894161e+07 7.213273852537254989e+07 7.206290124011982977e+07 2.543139481544494629e+01 1.780000000000000000e+02 1.470000000000000000e+02
2.500000000000000000e+01 4.000000000000000000e+00 0.000000000000000000e+00 6.123831811991047859e+07 6.029605654903134704e+07 7.087343156046824157e+07 7.087144554964177310e+07 4.966181492805480957e+01 3.080000000000000000e+02 2.760000000000000000e+02
2.600000000000000000e+01 4.000000000000000000e+00 0.000000000000000000e+00 6.231478648972405493e+07 6.178702868379278481e+07 7.208182611707253754e+07 7.204418096652966738e+07 3.465985822677612305e+01 2.310000000000000000e+02 1.990000000000000000e+02
2.700000000000000000e+01 4.000000000000000000e+00 0.000000000000000000e+00 6.442271161144739389e+07 6.374354325477126241e+07 7.037765699808919430e+07 7.035990350796869397e+07 3.582925200462341309e+01 2.310000000000000000e+02 2.000000000000000000e+02
2.800000000000000000e+01 4.000000000000000000e+00 0.000000000000000000e+00 6.090555352586823702e+07 5.943540705780358613e+07 7.374460508052380383e+07 7.373992160765987635e+07 1.341034603118896484e+01 1.000000000000000000e+02 6.900000000000000000e+01
2.900000000000000000e+01 4.000000000000000000e+00 0.000000000000000000e+00 5.423341623368886858e+07 5.356562486362753808e+07 7.427788784753762186e+07 7.425768210338652134e+07 1.483635926246643066e+01 1.120000000000000000e+02 8.100000000000000000e+01
3.000000000000000000e+01 4.000000000000000000e+00 0.000000000000000000e+00 6.033657376375465840e+07 5.949987809054917842e+07 7.346557287270028889e+07 7.346641652526095510e+07 1.912134814262390137e+01 1.380000000000000000e+02 1.070000000000000000e+02
3.100000000000000000e+01 4.000000000000000000e+00 0.000000000000000000e+00 6.559172496141941100e+07 6.517759522328285128e+07 7.288592781046029925e+07 7.275043913227058947e+07 3.196628570556640625e+01 2.120000000000000000e+02 1.800000000000000000e+02
3.200000000000000000e+01 4.000000000000000000e+00 0.000000000000000000e+00 5.759150558743309230e+07 5.680906794515854120e+07 7.070837048014867306e+07 7.056524436332277954e+07 2.019655299186706543e+01 1.460000000000000000e+02 1.150000000000000000e+02
3.300000000000000000e+01 4.000000000000000000e+00 0.000000000000000000e+00 5.897133737126545608e+07 5.804942231520943344e+07 7.248911461489503086e+07 7.218203868523077667e+07 4.282188534736633301e+01 2.800000000000000000e+02 2.480000000000000000e+02
3.400000000000000000e+01 4.000000000000000000e+00 0.000000000000000000e+00 5.840967805592271686e+07 5.775684109276604652e+07 7.516153838905878365e+07 7.524848590839995444e+07 1.642499971389770508e+01 1.240000000000000000e+02 9.300000000000000000e+01
3.500000000000000000e+01 4.000000000000000000e+00 0.000000000000000000e+00 5.929254053178574890e+07 5.888108832083992660e+07 7.474521247348135710e+07 7.481030390308409929e+07 2.154509806632995605e+01 1.520000000000000000e+02 1.210000000000000000e+02
3.600000000000000000e+01 4.000000000000000000e+00 0.000000000000000000e+00 6.038953333110377938e+07 5.960930619754891098e+07 7.059522535276818275e+07 7.026273379937724769e+07 2.821400690078735352e+01 1.970000000000000000e+02 1.650000000000000000e+02
3.700000000000000000e+01 4.000000000000000000e+00 0.000000000000000000e+00 6.129498137955015898e+07 6.081741400550165027e+07 7.339577893546417356e+07 7.338740257874327898e+07 1.576274085044860840e+01 1.190000000000000000e+02 8.800000000000000000e+01
3.800000000000000000e+01 4.000000000000000000e+00 0.000000000000000000e+00 6.061131443083337694e+07 6.003460296636606753e+07 7.194951480687870085e+07 7.189131581246978045e+07 2.927656745910644531e+01 2.010000000000000000e+02 1.690000000000000000e+02
3.900000000000000000e+01 4.000000000000000000e+00 0.000000000000000000e+00 6.265083115643606335e+07 6.192858351337307692e+07 7.158050932227012515e+07 7.161358232657204568e+07 1.118528556823730469e+01 9.300000000000000000e+01 6.200000000000000000e+01
4.000000000000000000e+01 4.000000000000000000e+00 0.000000000000000000e+00 5.878381349760996550e+07 5.790308149864940345e+07 7.304149790999732912e+07 7.297246478555501997e+07 2.269753265380859375e+01 1.580000000000000000e+02 1.270000000000000000e+02
4.100000000000000000e+01 4.000000000000000000e+00 0.000000000000000000e+00 5.949828810926771164e+07 5.899076245832860470e+07 7.149129482772718370e+07 7.146426842410093546e+07 1.125093436241149902e+01 8.900000000000000000e+01 5.800000000000000000e+01
4.200000000000000000e+01 4.000000000000000000e+00 0.000000000000000000e+00 5.520480985461238772e+07 5.461716254097428173e+07 7.189785074757353961e+07 7.179672793356937170e+07 3.028194403648376465e+01 1.690000000000000000e+02 1.380000000000000000e+02
4.300000000000000000e+01 4.000000000000000000e+00 0.000000000000000000e+00 6.273092387765806168e+07 6.183875501181624830e+07 7.247258323719532788e+07 7.251157339440874755e+07 2.029341745376586914e+01 1.280000000000000000e+02 9.700000000000000000e+01
4.400000000000000000e+01 4.000000000000000000e+00 0.000000000000000000e+00 6.398173517212564498e+07 6.350416546933431178e+07 7.309834875170409679e+07 7.303901543655380607e+07 2.007456588745117188e+01 1.360000000000000000e+02 1.050000000000000000e+02
4.500000000000000000e+01 4.000000000000000000e+00 0.000000000000000000e+00 5.971748056907178462e+07 5.880559437742219865e+07 7.394984550878639519e+07 7.396010952773259580e+07 9.504984617233276367e+00 7.600000000000000000e+01 4.500000000000000000e+01
4.600000000000000000e+01 4.000000000000000000e+00 0.000000000000000000e+00 6.065103205270226300e+07 5.995523997961899638e+07 7.268573963796697557e+07 7.254550560476982594e+07 1.677285408973693848e+01 1.140000000000000000e+02 8.300000000000000000e+01
4.700000000000000000e+01 4.000000000000000000e+00 0.000000000000000000e+00 5.761656112388432771e+07 5.694627406170892715e+07 7.268352511573733389e+07 7.260488584725610912e+07 3.635018253326416016e+01 2.260000000000000000e+02 1.940000000000000000e+02
4.800000000000000000e+01 4.000000000000000000e+00 0.000000000000000000e+00 5.754716653352428973e+07 5.666569042505338788e+07 7.187724008355294168e+07 7.198714459081476927e+07 1.805535411834716797e+01 1.250000000000000000e+02 9.400000000000000000e+01
4.900000000000000000e+01 4.000000000000000000e+00 0.000000000000000000e+00 6.512862633655415475e+07 6.442367870072455704e+07 7.241773647624854743e+07 7.220234889677979052e+07 1.468538856506347656e+01 1.060000000000000000e+02 7.500000000000000000e+01
5.000000000000000000e+01 4.000000000000000000e+00 0.000000000000000000e+00 5.831070206382231414e+07 5.764819468877721578e+07 7.367607606779162586e+07 7.368440884140396118e+07 5.658715510368347168e+01 3.380000000000000000e+02 3.060000000000000000e+02
5.100000000000000000e+01 4.000000000000000000e+00 0.000000000000000000e+00 5.635342337076305598e+07 5.548308129155351222e+07 7.379614873283986747e+07 7.381144731205548346e+07 5.679450082778930664e+01 3.060000000000000000e+02 2.740000000000000000e+02
5.200000000000000000e+01 4.000000000000000000e+00 0.000000000000000000e+00 5.985501931645900011e+07 5.943972968938854337e+07 7.225221900320932269e+07 7.218148328338205814e+07 2.146379685401916504e+01 1.400000000000000000e+02 1.090000000000000000e+02
5.300000000000000000e+01 4.000000000000000000e+00 0.000000000000000000e+00 6.212005805767212808e+07 6.141517324822116643e+07 7.470926895567157865e+07 7.473116327770593762e+07 1.774546742439270020e+01 1.290000000000000000e+02 9.800000000000000000e+01
5.400000000000000000e+01 4.000000000000000000e+00 0.000000000000000000e+00 6.405517820864409953e+07 6.335983782305434346e+07 7.480087934648787975e+07 7.469654286821173131e+07 1.704821252822875977e+01 1.280000000000000000e+02 9.700000000000000000e+01
5.500000000000000000e+01 4.000000000000000000e+00 0.000000000000000000e+00 6.299476915106132627e+07 6.238025540667392313e+07 7.267331162550605834e+07 7.239763488321232796e+07 1.043044996261596680e+01 8.800000000000000000e+01 5.700000000000000000e+01
5.600000000000000000e+01 4.000000000000000000e+00 0.000000000000000000e+00 6.387409796044696867e+07 6.345865996290083230e+07 7.365675610363353789e+07 7.373394184224918485e+07 4.295168685913085938e+01 2.820000000000000000e+02 2.510000000000000000e+02
5.700000000000000000e+01 4.000000000000000000e+00 0.000000000000000000e+00 6.114647101627262682e+07 6.061181518739073724e+07 7.468414871922488511e+07 7.456285608026732504e+07 2.778040862083435059e+01 1.930000000000000000e+02 1.620000000000000000e+02
5.800000000000000000e+01 4.000000000000000000e+00 0.000000000000000000e+00 5.947871337402471900e+07 5.902049138963131607e+07 7.099471529529690742e+07 7.070861098096008599e+07 1.807664799690246582e+01 1.300000000000000000e+02 9.900000000000000000e+01
5.900000000000000000e+01 4.000000000000000000e+00 0.000000000000000000e+00 6.098073253954909742e+07 6.034664868608846515e+07 7.328317924775624275e+07 7.322449407213275135e+07 1.887343454360961914e+01 1.360000000000000000e+02 1.050000000000000000e+02
6.000000000000000000e+01 4.000000000000000000e+00 0.000000000000000000e+00 6.093684877919086069e+07 6.039600401443845034e+07 7.134599163387496769e+07 7.098468784815929830e+07 1.131513404846191406e+01 9.500000000000000000e+01 6.400000000000000000e+01
6.100000000000000000e+01 4.000000000000000000e+00 0.000000000000000000e+00 6.202266244697704911e+07 6.147793495199993253e+07 7.412861167811375856e+07 7.405896571000570059e+07 5.276547122001647949e+01 3.380000000000000000e+02 3.060000000000000000e+02
6.200000000000000000e+01 4.000000000000000000e+00 0.000000000000000000e+00 6.312998851667445898e+07 6.254301895025800914e+07 7.114908013189239800e+07 7.120951685862417519e+07 1.467544054985046387e+01 1.100000000000000000e+02 7.900000000000000000e+01
6.300000000000000000e+01 4.000000000000000000e+00 0.000000000000000000e+00 6.017617660122498125e+07 5.962156176271485537e+07 7.129854752072261274e+07 7.118442891889683902e+07 1.881222128868103027e+01 1.380000000000000000e+02 1.070000000000000000e+02
6.400000000000000000e+01 4.000000000000000000e+00 0.000000000000000000e+00 6.142839983889094740e+07 6.061363010703223199e+07 7.498083515483203530e+07 7.500801729433991015e+07 4.752693963050842285e+01 3.060000000000000000e+02 2.740000000000000000e+02
6.500000000000000000e+01 4.000000000000000000e+00 0.000000000000000000e+00 5.752421880298346281e+07 5.672635977876451612e+07 7.201567680278058350e+07 7.200858619106256962e+07 1.592044162750244141e+01 1.190000000000000000e+02 8.800000000000000000e+01
6.600000000000000000e+01 4.000000000000000000e+00 0.000000000000000000e+00 5.438605587090652436e+07 5.334828079007704556e+07 7.342127945985455811e+07 7.353115326589891315e+07 2.505298638343811035e+01 1.690000000000000000e+02 1.380000000000000000e+02
6.700000000000000000e+01 4.000000000000000000e+00 0.000000000000000000e+00 6.317471375979556143e+07 6.229242002565162629e+07 7.505805241680783033e+07 7.513873355442586541e+07 4.276610636711120605e+01 2.650000000000000000e+02 2.330000000000000000e+02
6.800000000000000000e+01 4.000000000000000000e+00 0.000000000000000000e+00 5.479770156361510605e+07 5.428547010062109679e+07 7.179340166894957423e+07 7.176381817435607314e+07 1.695928072929382324e+01 1.260000000000000000e+02 9.500000000000000000e+01
6.900000000000000000e+01 4.000000000000000000e+00 0.000000000000000000e+00 6.182538414393527806e+07 6.118455351673948765e+07 7.063583437586236000e+07 7.065507950288146734e+07 3.235739731788635254e+01 2.130000000000000000e+02 1.810000000000000000e+02
7.000000000000000000e+01 4.000000000000000000e+00 0.000000000000000000e+00 6.002559536652018130e+07 5.938501242261994630e+07 7.233732393251428008e+07 7.222478388908877969e+07 2.745439839363098145e+01 1.870000000000000000e+02 1.550000000000000000e+02
7.100000000000000000e+01 4.000000000000000000e+00 0.000000000000000000e+00 6.020587890218614042e+07 5.955577561363492906e+07 7.281476132364113629e+07 7.279148968426677585e+07 2.150641369819641113e+01 1.550000000000000000e+02 1.240000000000000000e+02
7.200000000000000000e+01 4.000000000000000000e+00 0.000000000000000000e+00 6.162429159105230868e+07 6.095683675849615782e+07 7.321342812253864110e+07 7.324563384651806951e+07 1.260251879692077637e+01 9.900000000000000000e+01 6.800000000000000000e+01
7.300000000000000000e+01 4.000000000000000000e+00 0.000000000000000000e+00 6.316868269413370639e+07 6.268140695362675190e+07 7.264257460894978046e+07 7.245730203183163702e+07 1.078752279281616211e+01 8.900000000000000000e+01 5.800000000000000000e+01
7.400000000000000000e+01 4.000000000000000000e+00 0.000000000000000000e+00 6.209431372098567337e+07 6.141117743618583679e+07 7.303966829950635135e+07 7.306174962563505769e+07 5.834183621406555176e+01 3.690000000000000000e+02 3.370000000000000000e+02
7.500000000000000000e+01 4.000000000000000000e+00 0.000000000000000000e+00 5.876758008986639977e+07 5.770480323109319061e+07 7.333649579463112354e+07 7.328101132334056497e+07 2.212119746208190918e+01 1.530000000000000000e+02 1.220000000000000000e+02
7.600000000000000000e+01 4.000000000000000000e+00 0.000000000000000000e+00 5.434847153305600584e+07 5.358532528370182961e+07 7.243730621900625527e+07 7.247692940363219380e+07 5.789816641807556152e+01 3.650000000000000000e+02 3.340000000000000000e+02
7.700000000000000000e+01 4.000000000000000000e+00 0.000000000000000000e+00 6.389762447300485522e+07 6.301698213298109174e+07 7.181749888461621106e+07 7.177022336594203115e+07 1.549978494644165039e+01 1.170000000000000000e+02 8.600000000000000000e+01
7.800000000000000000e+01 4.000000000000000000e+00 0.000000000000000000e+00 6.475041383324877173e+07 6.433477472098890692e+07 7.284014986878202856e+07 7.270185773592069745e+07 8.578475236892700195e+00 7.800000000000000000e+01 4.700000000000000000e+01
7.900000000000000000e+01 4.000000000000000000e+00 0.000000000000000000e+00 5.588127415973853320e+07 5.521074897972168773e+07 7.421089287177708745e+07 7.429438159641149640e+07 4.394389581680297852e+01 2.790000000000000000e+02 2.480000000000000000e+02
8.000000000000000000e+01 4.000000000000000000e+00 0.000000000000000000e+00 5.809535119346941262e+07 5.726667544251343608e+07 7.136142799038486183e+07 7.138180967082192004e+07 1.226366424560546875e+01 9.500000000000000000e+01 6.400000000000000000e+01
8.100000000000000000e+01 4.000000000000000000e+00 0.000000000000000000e+00 6.109179481605940312e+07 6.064168748371522874e+07 7.403430068954449892e+07 7.389611271816481650e+07 2.504347085952758789e+01 1.760000000000000000e+02 1.450000000000000000e+02
8.200000000000000000e+01 4.000000000000000000e+00 0.000000000000000000e+00 6.487911842314735800e+07 6.422188582894014567e+07 7.361231905417124927e+07 7.365879650934579968e+07 1.465822744369506836e+01 1.100000000000000000e+02 7.900000000000000000e+01
8.300000000000000000e+01 4.000000000000000000e+00 0.000000000000000000e+00 6.088588668487511575e+07 6.005673446305211633e+07 7.372172351879084110e+07 7.368114669698514044e+07 1.883473110198974609e+01 1.400000000000000000e+02 1.090000000000000000e+02
8.400000000000000000e+01 4.000000000000000000e+00 0.000000000000000000e+00 6.051421318728314340e+07 5.995452816285101324e+07 7.293511341888469458e+07 7.275634660816480219e+07 1.347844076156616211e+01 1.050000000000000000e+02 7.400000000000000000e+01
8.500000000000000000e+01 4.000000000000000000e+00 0.000000000000000000e+00 6.201063035929030180e+07 6.120922285477761179e+07 7.327426499219311774e+07 7.314378160621152818e+07 2.683608317375183105e+01 1.840000000000000000e+02 1.520000000000000000e+02
8.600000000000000000e+01 4.000000000000000000e+00 0.000000000000000000e+00 5.388725832268251479e+07 5.300285895964526385e+07 7.455877011548881233e+07 7.456353282553702593e+07 1.484802842140197754e+01 1.120000000000000000e+02 8.100000000000000000e+01
8.700000000000000000e+01 4.000000000000000000e+00 0.000000000000000000e+00 5.784196876376572251e+07 5.739222623837070912e+07 7.379824181144092977e+07 7.377163935308490694e+07 8.539901971817016602e+01 5.360000000000000000e+02 5.050000000000000000e+02
8.800000000000000000e+01 4.000000000000000000e+00 0.000000000000000000e+00 6.012873125042513013e+07 5.940541415326193720e+07 7.155366614907509089e+07 7.147145258908028901e+07 2.231338191032409668e+01 1.580000000000000000e+02 1.270000000000000000e+02
8.900000000000000000e+01 4.000000000000000000e+00 0.000000000000000000e+00 5.347537474346509576e+07 5.294239454411409795e+07 7.339869483650596440e+07 7.330008592278955877e+07 6.826941251754760742e+01 4.370000000000000000e+02 4.050000000000000000e+02
9.000000000000000000e+01 4.000000000000000000e+00 0.000000000000000000e+00 5.762878338336019218e+07 5.706825075144001096e+07 7.371596722253772616e+07 7.368907104260504246e+07 1.329851627349853516e+01 1.030000000000000000e+02 7.200000000000000000e+01
9.100000000000000000e+01 4.000000000000000000e+00 0.000000000000000000e+00 6.000695247972149402e+07 5.910595860448270291e+07 7.383835804949857295e+07 7.384825821350935102e+07 1.266205716133117676e+01 1.030000000000000000e+02 7.200000000000000000e+01
9.200000000000000000e+01 4.000000000000000000e+00 0.000000000000000000e+00 5.649487711761447787e+07 5.542514309146063775e+07 7.216819441945397854e+07 7.213266165978071094e+07 2.738505244255065918e+01 1.890000000000000000e+02 1.570000000000000000e+02
9.300000000000000000e+01 4.000000000000000000e+00 0.000000000000000000e+00 6.130664044436831027e+07 6.074031193096853793e+07 7.300928541687202454e+07 7.287835707498207688e+07 1.203860092163085938e+01 9.600000000000000000e+01 6.500000000000000000e+01
9.400000000000000000e+01 4.000000000000000000e+00 0.000000000000000000e+00 6.094142925654166192e+07 6.047286570652434975e+07 7.184721513220474124e+07 7.187207119315510988e+07 2.292943298816680908e+02 1.388000000000000000e+03 1.357000000000000000e+03
9.500000000000000000e+01 4.000000000000000000e+00 0.000000000000000000e+00 5.542295177596168220e+07 5.470130762996117771e+07 7.292837502225433290e+07 7.291154313846085966e+07 1.535667991638183594e+01 1.090000000000000000e+02 7.800000000000000000e+01
9.600000000000000000e+01 4.000000000000000000e+00 0.000000000000000000e+00 6.361491666356675327e+07 6.317467090662389249e+07 7.249052020519633591e+07 7.234270707922627032e+07 2.982302117347717285e+01 2.050000000000000000e+02 1.740000000000000000e+02
9.700000000000000000e+01 4.000000000000000000e+00 0.000000000000000000e+00 6.126074101499954611e+07 6.051730465294685215e+07 7.363565013585646451e+07 7.355341052297785878e+07 8.499018907546997070e+00 7.700000000000000000e+01 4.600000000000000000e+01
9.800000000000000000e+01 4.000000000000000000e+00 0.000000000000000000e+00 6.584824842992065102e+07 6.536008855637350678e+07 7.408648493221487105e+07 7.409883357911157608e+07 1.026178646087646484e+01 8.500000000000000000e+01 5.400000000000000000e+01
9.900000000000000000e+01 4.000000000000000000e+00 0.000000000000000000e+00 5.938661014978044480e+07 5.882367020430245996e+07 7.243777564187744260e+07 7.235404201229153574e+07 5.127186799049377441e+01 3.380000000000000000e+02 3.070000000000000000e+02
1.000000000000000000e+02 4.000000000000000000e+00 0.000000000000000000e+00 6.294668788330142200e+07 6.247794066896244884e+07 7.295422969985866547e+07 7.295511483763806522e+07 1.177829766273498535e+01 9.600000000000000000e+01 6.500000000000000000e+01
1.010000000000000000e+02 4.000000000000000000e+00 0.000000000000000000e+00 6.373058911620959640e+07 6.301044048649033904e+07 7.325333497395920753e+07 7.321374325211070478e+07 1.132569766044616699e+01 9.300000000000000000e+01 6.200000000000000000e+01
1.020000000000000000e+02 4.000000000000000000e+00 0.000000000000000000e+00 5.898577315250280499e+07 5.845805277822794765e+07 6.935158651339796185e+07 6.914525794117598236e+07 3.019482088088989258e+01 2.030000000000000000e+02 1.710000000000000000e+02
1.030000000000000000e+02 4.000000000000000000e+00 0.000000000000000000e+00 6.333215659932190925e+07 6.285248215827693790e+07 7.301325782055364549e+07 7.304031680447423458e+07 1.172822880744934082e+01 9.400000000000000000e+01 6.300000000000000000e+01
1.040000000000000000e+02 4.000000000000000000e+00 0.000000000000000000e+00 5.890448018200971186e+07 5.836398688620311022e+07 7.489485840382891893e+07 7.484793309595052898e+07 2.397313785552978516e+01 1.710000000000000000e+02 1.400000000000000000e+02
1.050000000000000000e+02 4.000000000000000000e+00 0.000000000000000000e+00 5.986691599124830961e+07 5.934574286479026079e+07 7.152800240624436736e+07 7.151327889002567530e+07 1.447666835784912109e+01 1.110000000000000000e+02 8.000000000000000000e+01
1.060000000000000000e+02 4.000000000000000000e+00 0.000000000000000000e+00 6.065234179557117075e+07 5.968981886378417164e+07 7.508783470943474770e+07 7.522289786297814548e+07 3.197309231758117676e+01 2.180000000000000000e+02 1.860000000000000000e+02
1.070000000000000000e+02 4.000000000000000000e+00 0.000000000000000000e+00 6.031680706578227133e+07 5.963337969831729680e+07 7.265353476114372909e+07 7.265566661412659287e+07 2.579729390144348145e+01 1.770000000000000000e+02 1.460000000000000000e+02
1.080000000000000000e+02 4.000000000000000000e+00 0.000000000000000000e+00 6.105730874070246518e+07 6.065746108841571957e+07 7.495650446504548192e+07 7.489284459111918509e+07 2.276355862617492676e+01 1.580000000000000000e+02 1.270000000000000000e+02
1.090000000000000000e+02 4.000000000000000000e+00 0.000000000000000000e+00 5.396086117313253134e+07 5.303072926713772118e+07 7.365213252183912694e+07 7.330357548693287373e+07 3.459485840797424316e+01 2.350000000000000000e+02 2.030000000000000000e+02
1.100000000000000000e+02 4.000000000000000000e+00 0.000000000000000000e+00 6.032427294422536343e+07 5.979438397969579697e+07 7.236287667133501172e+07 7.230615278891128302e+07 3.420400452613830566e+01 2.240000000000000000e+02 1.930000000000000000e+02
1.110000000000000000e+02 4.000000000000000000e+00 0.000000000000000000e+00 5.649761387687190622e+07 5.582570700736110657e+07 7.232352146463389695e+07 7.233588538839763403e+07 4.987748932838439941e+01 2.880000000000000000e+02 2.570000000000000000e+02
1.120000000000000000e+02 4.000000000000000000e+00 0.000000000000000000e+00 5.634844689089602232e+07 5.539626505397221446e+07 7.043060712922176719e+07 7.039749043459847569e+07 1.513570022583007812e+01 1.050000000000000000e+02 7.400000000000000000e+01
1.130000000000000000e+02 4.000000000000000000e+00 0.000000000000000000e+00 6.211486989727105200e+07 6.120444379528108984e+07 7.509163111003519595e+07 7.514071634022049606e+07 4.181068229675292969e+01 2.490000000000000000e+02 2.180000000000000000e+02
1.140000000000000000e+02 4.000000000000000000e+00 0.000000000000000000e+00 5.932098236304581165e+07 5.852345226119638979e+07 7.209061236962455511e+07 7.192602762560422719e+07 1.828860902786254883e+01 1.210000000000000000e+02 9.000000000000000000e+01
1.150000000000000000e+02 4.000000000000000000e+00 0.000000000000000000e+00 5.801491376127962768e+07 5.715675885152066499e+07 7.198909157310298085e+07 7.200104387245771289e+07 1.881929898262023926e+01 1.230000000000000000e+02 9.200000000000000000e+01
1.160000000000000000e+02 4.000000000000000000e+00 0.000000000000000000e+00 6.511807132431407273e+07 6.422430746432384104e+07 7.475415391560065746e+07 7.479822596851724386e+07 1.364608931541442871e+01 9.500000000000000000e+01 6.400000000000000000e+01
1.170000000000000000e+02 4.000000000000000000e+00 0.000000000000000000e+00 5.769795243993285298e+07 5.702935730297539383e+07 7.460511870545507967e+07 7.469061848378613591e+07 4.217035293579101562e+01 2.630000000000000000e+02 2.320000000000000000e+02
1.180000000000000000e+02 4.000000000000000000e+00 0.000000000000000000e+00 6.003530089158172905e+07 5.932699249234265089e+07 7.232726280614589155e+07 7.233017104614408314e+07 1.953910946846008301e+01 1.290000000000000000e+02 9.800000000000000000e+01
1.190000000000000000e+02 4.000000000000000000e+00 0.000000000000000000e+00 6.006216905676072091e+07 5.931841404988269508e+07 7.408549965763850510e+07 7.408684085994051397e+07 1.889901685714721680e+01 1.220000000000000000e+02 9.100000000000000000e+01
1.200000000000000000e+02 4.000000000000000000e+00 0.000000000000000000e+00 5.952043216269597411e+07 5.857933986083437502e+07 7.173009636241905391e+07 7.177559476918822527e+07 1.615864276885986328e+01 1.080000000000000000e+02 7.700000000000000000e+01
1.210000000000000000e+02 4.000000000000000000e+00 0.000000000000000000e+00 6.244995199721650034e+07 6.172686987470563501e+07 7.200148187926030159e+07 7.200298673747594655e+07 2.279081463813781738e+01 1.430000000000000000e+02 1.120000000000000000e+02
1.220000000000000000e+02 4.000000000000000000e+00 0.000000000000000000e+00 6.217512277146652341e+07 6.165324996541571617e+07 7.303613306542517245e+07 7.309105570629215240e+07 4.041072680950164795e+02 2.350000000000000000e+03 2.319000000000000000e+03
1.230000000000000000e+02 4.000000000000000000e+00 0.000000000000000000e+00 5.951717395599438995e+07 5.901293483433296531e+07 7.400949541210471094e+07 7.399233598965646327e+07 1.891022992134094238e+01 1.230000000000000000e+02 9.200000000000000000e+01
1.240000000000000000e+02 4.000000000000000000e+00 0.000000000000000000e+00 6.324115624586457759e+07 6.297047229892054200e+07 7.201639046159222722e+07 7.183737536317057908e+07 2.767686820030212402e+01 1.690000000000000000e+02 1.380000000000000000e+02
1.250000000000000000e+02 4.000000000000000000e+00 0.000000000000000000e+00 5.821088851857007295e+07 5.751723999062368274e+07 6.989572803796269000e+07 6.978687371404901147e+07 1.989563226699829102e+01 1.250000000000000000e+02 9.400000000000000000e+01
1.260000000000000000e+02 4.000000000000000000e+00 0.000000000000000000e+00 5.940192893034951389e+07 5.867609563703495264e+07 7.236908220380970836e+07 7.243972054807102680e+07 5.595608687400817871e+01 3.220000000000000000e+02 2.900000000000000000e+02
1.270000000000000000e+02 4.000000000000000000e+00 0.000000000000000000e+00 6.162734622666691244e+07 6.096159239603097737e+07 7.123535138790452480e+07 7.122244016178001463e+07 1.215821957588195801e+01 8.900000000000000000e+01 5.800000000000000000e+01
1.280000000000000000e+02 4.000000000000000000e+00 0.000000000000000000e+00 6.558150919600734860e+07 6.473278287657367438e+07 7.237443787908321619e+07 7.235527163890904188e+07 2.255335068702697754e+01 1.420000000000000000e+02 1.100000000000000000e+02
1.290000000000000000e+02 4.000000000000000000e+00 0.000000000000000000e+00 5.860703772575151175e+07 5.777670450947900116e+07 7.277516254105405509e+07 7.271446140690805018e+07 2.432145309448242188e+01 1.540000000000000000e+02 1.230000000000000000e+02
1.300000000000000000e+02 4.000000000000000000e+00 0.000000000000000000e+00 5.825812872391178459e+07 5.738399356468060613e+07 7.004641587943483889e+07 6.976650427279999852e+07 4.369709897041320801e+01 2.500000000000000000e+02 2.180000000000000000e+02
1.310000000000000000e+02 4.000000000000000000e+00 0.000000000000000000e+00 6.422979942975637317e+07 6.364120451400212944e+07 7.190792657476399839e+07 7.178563169886730611e+07 1.307854843139648438e+01 9.200000000000000000e+01 6.100000000000000000e+01
1.320000000000000000e+02 4.000000000000000000e+00 0.000000000000000000e+00 6.308380576099774241e+07 6.232299215003294498e+07 7.290649364852958918e+07 7.277756982774047554e+07 4.766531896591186523e+01 2.780000000000000000e+02 2.460000000000000000e+02
1.330000000000000000e+02 4.000000000000000000e+00 0.000000000000000000e+00 6.091949578757526726e+07 5.976512462217699736e+07 7.246588102324299514e+07 7.232439664144751430e+07 1.357317876815795898e+01 9.200000000000000000e+01 6.100000000000000000e+01
1.340000000000000000e+02 4.000000000000000000e+00 0.000000000000000000e+00 5.925332726454503089e+07 5.875807485273198783e+07 7.028055130293183029e+07 7.009091960708832741e+07 8.224370241165161133e+01 4.540000000000000000e+02 4.220000000000000000e+02
1.350000000000000000e+02 4.000000000000000000e+00 0.000000000000000000e+00 6.579613195076318830e+07 6.523725655472017825e+07 7.428868844408383965e+07 7.438012666321869195e+07 1.268098044395446777e+01 9.300000000000000000e+01 6.200000000000000000e+01
1.360000000000000000e+02 4.000000000000000000e+00 0.000000000000000000e+00 5.839706237500176579e+07 5.759752556425081939e+07 7.008039971937412024e+07 6.994429007739834487e+07 1.294320607185363770e+01 9.500000000000000000e+01 6.400000000000000000e+01
1.370000000000000000e+02 4.000000000000000000e+00 0.000000000000000000e+00 6.081667364949733764e+07 6.048383388542661816e+07 7.341887808506745100e+07 7.340563968993324041e+07 6.590649676322937012e+01 3.550000000000000000e+02 3.240000000000000000e+02
1.380000000000000000e+02 4.000000000000000000e+00 0.000000000000000000e+00 5.441497831278938800e+07 5.363591017393337935e+07 7.545349658338065445e+07 7.540525047833344340e+07 2.375744485855102539e+01 1.490000000000000000e+02 1.180000000000000000e+02
1.390000000000000000e+02 4.000000000000000000e+00 0.000000000000000000e+00 5.772079119245371968e+07 5.708962979483880103e+07 7.317697157102042437e+07 7.305256404428188503e+07 5.945643806457519531e+01 3.380000000000000000e+02 3.070000000000000000e+02
1.400000000000000000e+02 4.000000000000000000e+00 0.000000000000000000e+00 5.879082707178965211e+07 5.794133856250998378e+07 7.471785869913837314e+07 7.473829427869126201e+07 2.557052612304687500e+01 1.530000000000000000e+02 1.220000000000000000e+02
1.410000000000000000e+02 4.000000000000000000e+00 0.000000000000000000e+00 5.506538032943700999e+07 5.432090733038160950e+07 7.292124837708342075e+07 7.290112772051322460e+07 2.147691941261291504e+01 1.360000000000000000e+02 1.050000000000000000e+02
1.420000000000000000e+02 4.000000000000000000e+00 0.000000000000000000e+00 5.929298287901850045e+07 5.846201176633588970e+07 7.337818602660539746e+07 7.345704942982639372e+07 6.517795634269714355e+01 3.700000000000000000e+02 3.380000000000000000e+02
1.430000000000000000e+02 4.000000000000000000e+00 0.000000000000000000e+00 6.204561356293418258e+07 6.135003012538108230e+07 7.323415594584579766e+07 7.326407957955601811e+07 4.850264120101928711e+01 2.740000000000000000e+02 2.430000000000000000e+02
1.440000000000000000e+02 4.000000000000000000e+00 0.000000000000000000e+00 5.889797132413258404e+07 5.821077348083500564e+07 7.157172219316288829e+07 7.142335272475422919e+07 5.791629147529602051e+01 3.270000000000000000e+02 2.950000000000000000e+02
1.450000000000000000e+02 4.000000000000000000e+00 0.000000000000000000e+00 5.716812762467345595e+07 5.634371159371761978e+07 7.297931136209926009e+07 7.296554275828425586e+07 2.754731321334838867e+01 1.460000000000000000e+02 1.150000000000000000e+02
1.460000000000000000e+02 4.000000000000000000e+00 0.000000000000000000e+00 6.242632924942918867e+07 6.153024590434698015e+07 7.507342004696409404e+07 7.497400912822444737e+07 3.903106117248535156e+01 2.270000000000000000e+02 1.950000000000000000e+02
1.470000000000000000e+02 4.000000000000000000e+00 0.000000000000000000e+00 6.254341156566897035e+07 6.173635474977043271e+07 7.375642901429067552e+07 7.379742993926960230e+07 2.468917369842529297e+01 1.540000000000000000e+02 1.230000000000000000e+02
1.480000000000000000e+02 4.000000000000000000e+00 0.000000000000000000e+00 5.929400500640518963e+07 5.843852635029640049e+07 7.107528530742014945e+07 7.107081680963864923e+07 4.581260848045349121e+01 2.670000000000000000e+02 2.350000000000000000e+02
1.490000000000000000e+02 4.000000000000000000e+00 0.000000000000000000e+00 5.870647300033869594e+07 5.798369199258048832e+07 7.218012708187417686e+07 7.219077844323331118e+07 2.742164254188537598e+01 1.670000000000000000e+02 1.360000000000000000e+02
1.500000000000000000e+02 4.000000000000000000e+00 0.000000000000000000e+00 5.972470366847866774e+07 5.919728366601747274e+07 7.225586437133187056e+07 7.208649241429561377e+07 2.389003753662109375e+01 1.500000000000000000e+02 1.190000000000000000e+02
1.510000000000000000e+02 4.000000000000000000e+00 0.000000000000000000e+00 5.748110238502001017e+07 5.680932745008193702e+07 7.562877084178376198e+07 7.566526543410858512e+07 3.817630910873413086e+01 2.310000000000000000e+02 1.990000000000000000e+02
1.520000000000000000e+02 4.000000000000000000e+00 0.000000000000000000e+00 5.642190008940280229e+07 5.560480011551117152e+07 7.099033937611655891e+07 7.098179201802773774e+07 2.003257751464843750e+01 1.300000000000000000e+02 9.900000000000000000e+01
1.530000000000000000e+02 4.000000000000000000e+00 0.000000000000000000e+00 5.663826928532349318e+07 5.612637587838888168e+07 7.340115873804646730e+07 7.336266641071301699e+07 1.660131478309631348e+01 1.150000000000000000e+02 8.400000000000000000e+01
1.540000000000000000e+02 4.000000000000000000e+00 0.000000000000000000e+00 6.317030660493111610e+07 6.228417740217494965e+07 7.354283036592476070e+07 7.349910394172783196e+07 1.364889216423034668e+01 9.500000000000000000e+01 6.400000000000000000e+01
1.550000000000000000e+02 4.000000000000000000e+00 0.000000000000000000e+00 5.980803175308329612e+07 5.878118627154035121e+07 7.179785925042645633e+07 7.176040205571123958e+07 1.675159430503845215e+01 1.110000000000000000e+02 8.000000000000000000e+01
1.560000000000000000e+02 4.000000000000000000e+00 0.000000000000000000e+00 5.434694900319267809e+07 5.341905707326073945e+07 7.377347706140562892e+07 7.382066019971394539e+07 2.220534014701843262e+01 1.380000000000000000e+02 1.070000000000000000e+02
1.570000000000000000e+02 4.000000000000000000e+00 0.000000000000000000e+00 6.085826422652754933e+07 6.035656380990844965e+07 7.236100163335327804e+07 7.225241172850352526e+07 3.629140853881835938e+01 2.000000000000000000e+02 1.680000000000000000e+02
1.580000000000000000e+02 4.000000000000000000e+00 0.000000000000000000e+00 5.829608610811029375e+07 5.773766278538922220e+07 7.320034155595915020e+07 7.313548607325364649e+07 1.845976591110229492e+01 1.190000000000000000e+02 8.800000000000000000e+01
1.590000000000000000e+02 4.000000000000000000e+00 0.000000000000000000e+00 5.563426969767566025e+07 5.478291483232386410e+07 7.382833094743169844e+07 7.387610965314729512e+07 4.738095116615295410e+01 2.750000000000000000e+02 2.440000000000000000e+02
1.600000000000000000e+02 4.000000000000000000e+00 0.000000000000000000e+00 6.530069845208471268e+07 6.439253309266519547e+07 7.409100987272165716e+07 7.418395366375528276e+07 2.792300951480865479e+02 1.550000000000000000e+03 1.519000000000000000e+03
1.610000000000000000e+02 4.000000000000000000e+00 0.000000000000000000e+00 6.474610026723196357e+07 6.410692789550377429e+07 7.276661588303427398e+07 7.271110631661413610e+07 2.891611242294311523e+01 1.520000000000000000e+02 1.200000000000000000e+02
1.620000000000000000e+02 4.000000000000000000e+00 0.000000000000000000e+00 6.198555482705798745e+07 6.116655028263653815e+07 7.349827215893465281e+07 7.351128160700973868e+07 2.641662502288818359e+01 1.560000000000000000e+02 1.250000000000000000e+02
1.630000000000000000e+02 4.000000000000000000e+00 0.000000000000000000e+00 6.349524712453708798e+07 6.282979593701615930e+07 7.198365173846128583e+07 7.195043516113497317e+07 1.650653338432312012e+01 1.090000000000000000e+02 7.800000000000000000e+01
1.640000000000000000e+02 4.000000000000000000e+00 0.000000000000000000e+00 6.282714956415716559e+07 6.203135829684203118e+07 7.376513032303181291e+07 7.385345331762929261e+07 2.393029356002807617e+01 1.500000000000000000e+02 1.190000000000000000e+02
1.650000000000000000e+02 4.000000000000000000e+00 0.000000000000000000e+00 5.375510291336593777e+07 5.296860999833766371e+07 7.299364117966327071e+07 7.286943142725521326e+07 5.582371234893798828e+01 3.270000000000000000e+02 2.950000000000000000e+02
1.660000000000000000e+02 4.000000000000000000e+00 0.000000000000000000e+00 6.172291804072461277e+07 6.104436300636296719e+07 7.248806263301436603e+07 7.250076334348173440e+07 3.643504476547241211e+01 2.090000000000000000e+02 1.780000000000000000e+02
1.670000000000000000e+02 4.000000000000000000e+00 0.000000000000000000e+00 5.713166205334807187e+07 5.629743580073007196e+07 7.112871902748571336e+07 7.115549878636959195e+07 1.597316312789916992e+01 1.070000000000000000e+02 7.600000000000000000e+01
1.680000000000000000e+02 4.000000000000000000e+00 0.000000000000000000e+00 5.923080307076955587e+07 5.812843469119761884e+07 7.124759385123199224e+07 7.093755705536550283e+07 2.021014347076416016e+02 1.165000000000000000e+03 1.134000000000000000e+03
1.690000000000000000e+02 4.000000000000000000e+00 0.000000000000000000e+00 5.887514799008392543e+07 5.858033388490113616e+07 7.221483494760258496e+07 7.200122791233992577e+07 5.146314167976379395e+01 2.700000000000000000e+02 2.390000000000000000e+02
1.700000000000000000e+02 4.000000000000000000e+00 0.000000000000000000e+00 6.532223537996926904e+07 6.477889285656702518e+07 7.472104148954142630e+07 7.463137964873398840e+07 2.362946105003356934e+01 1.460000000000000000e+02 1.150000000000000000e+02
1.710000000000000000e+02 4.000000000000000000e+00 0.000000000000000000e+00 5.974127142787230015e+07 5.910362721404971927e+07 7.223764325924526155e+07 7.225940772846400738e+07 3.506454014778137207e+01 2.110000000000000000e+02 1.790000000000000000e+02
1.720000000000000000e+02 4.000000000000000000e+00 0.000000000000000000e+00 6.302497965659918636e+07 6.250584635420227051e+07 7.405304675780472159e+07 7.400595637069237232e+07 3.075366353988647461e+01 1.840000000000000000e+02 1.520000000000000000e+02
1.730000000000000000e+02 4.000000000000000000e+00 0.000000000000000000e+00 6.490380568775347620e+07 6.429732623474352062e+07 7.510863098088446259e+07 7.520261838882127404e+07 1.286550378799438477e+01 9.000000000000000000e+01 5.900000000000000000e+01
1.740000000000000000e+02 4.000000000000000000e+00 0.000000000000000000e+00 5.692720492509434372e+07 5.623855827665290236e+07 7.217995949275687337e+07 7.224068966514497995e+07 5.364430522918701172e+01 3.110000000000000000e+02 2.790000000000000000e+02
1.750000000000000000e+02 4.000000000000000000e+00 0.000000000000000000e+00 5.880885921746712178e+07 5.773559864286385477e+07 7.300199085014301538e+07 7.305705916042000055e+07 1.862784934043884277e+01 1.190000000000000000e+02 8.800000000000000000e+01
1.760000000000000000e+02 4.000000000000000000e+00 0.000000000000000000e+00 6.299319499386135489e+07 6.261609540439844131e+07 7.149889817639273405e+07 7.140812870811969042e+07 2.224400854110717773e+01 1.400000000000000000e+02 1.090000000000000000e+02
1.770000000000000000e+02 4.000000000000000000e+00 0.000000000000000000e+00 6.007443320773746818e+07 5.927083770728154480e+07 7.163584761958111823e+07 7.151204099113288522e+07 2.322162342071533203e+01 1.450000000000000000e+02 1.140000000000000000e+02
1.780000000000000000e+02 4.000000000000000000e+00 0.000000000000000000e+00 6.388722501480036229e+07 6.329405643772917986e+07 7.217473915981251001e+07 7.205906141964367032e+07 4.687308669090270996e+01 2.690000000000000000e+02 2.370000000000000000e+02
1.790000000000000000e+02 4.000000000000000000e+00 0.000000000000000000e+00 5.909409220548721403e+07 5.822335505119396001e+07 7.098227074879977107e+07 7.101468914597645402e+07 5.841043376922607422e+01 3.230000000000000000e+02 2.910000000000000000e+02
1.800000000000000000e+02 4.000000000000000000e+00 0.000000000000000000e+00 6.037487168259698153e+07 5.969868525120472163e+07 6.994496106639041007e+07 6.975310884443970025e+07 4.061702513694763184e+01 2.360000000000000000e+02 2.040000000000000000e+02
1.810000000000000000e+02 4.000000000000000000e+00 0.000000000000000000e+00 6.308928404318081588e+07 6.224877576170416921e+07 7.339175315328794718e+07 7.340529061654601991e+07 4.912865757942199707e+01 2.640000000000000000e+02 2.330000000000000000e+02
1.820000000000000000e+02 4.000000000000000000e+00 0.000000000000000000e+00 6.169851016028060764e+07 6.113414306194767356e+07 7.210307497883464396e+07 7.206016300961485505e+07 1.900042152404785156e+01 1.230000000000000000e+02 9.200000000000000000e+01
1.830000000000000000e+02 4.000000000000000000e+00 0.000000000000000000e+00 5.561746051446041465e+07 5.476825868626093864e+07 7.175755855646142364e+07 7.178587212460045516e+07 2.605288767814636230e+01 1.580000000000000000e+02 1.270000000000000000e+02
1.840000000000000000e+02 4.000000000000000000e+00 0.000000000000000000e+00 6.561801795572426915e+07 6.516752208847943693e+07 7.319196555611726642e+07 7.322691361079089344e+07 1.681642818450927734e+01 1.110000000000000000e+02 8.000000000000000000e+01
1.850000000000000000e+02 4.000000000000000000e+00 0.000000000000000000e+00 6.111821008753060549e+07 6.026265460495403409e+07 7.132178853890015185e+07 7.114662684299054742e+07 4.505076265335083008e+01 2.550000000000000000e+02 2.230000000000000000e+02
1.860000000000000000e+02 4.000000000000000000e+00 0.000000000000000000e+00 6.221970607312487066e+07 6.145146581150248647e+07 7.456130371782615781e+07 7.449367655795983970e+07 3.817682576179504395e+01 2.210000000000000000e+02 1.900000000000000000e+02
1.870000000000000000e+02 4.000000000000000000e+00 0.000000000000000000e+00 5.639953641949690878e+07 5.556574036130321771e+07 7.248937432460577786e+07 7.239382932380548120e+07 1.531718111038208008e+01 1.030000000000000000e+02 7.200000000000000000e+01
1.880000000000000000e+02 4.000000000000000000e+00 0.000000000000000000e+00 5.999431966861647367e+07 5.914170422904320061e+07 7.596466334516741335e+07 7.603905700172516704e+07 4.589681339263916016e+01 2.800000000000000000e+02 2.480000000000000000e+02
1.890000000000000000e+02 4.000000000000000000e+00 0.000000000000000000e+00 6.182267179314608872e+07 6.129964688557128608e+07 7.224261265927629173e+07 7.206509673706370592e+07 2.005351185798645020e+01 1.320000000000000000e+02 1.010000000000000000e+02
1.900000000000000000e+02 4.000000000000000000e+00 0.000000000000000000e+00 5.737867692989387363e+07 5.624605854223832488e+07 7.313978414812265337e+07 7.299949375672829151e+07 1.695263242721557617e+01 1.120000000000000000e+02 8.100000000000000000e+01
1.910000000000000000e+02 4.000000000000000000e+00 0.000000000000000000e+00 6.093321594603157043e+07 6.008791151196038723e+07 7.170009592457665503e+07 7.154730049870483577e+07 2.051271390914916992e+01 1.250000000000000000e+02 9.400000000000000000e+01
1.920000000000000000e+02 4.000000000000000000e+00 0.000000000000000000e+00 6.036250959944037348e+07 5.976361677236924320e+07 7.424357885300990939e+07 7.418113850960157812e+07 2.391919684410095215e+01 1.510000000000000000e+02 1.200000000000000000e+02
1.930000000000000000e+02 4.000000000000000000e+00 0.000000000000000000e+00 5.966732761197054386e+07 5.882191695323394239e+07 7.029021961964203417e+07 7.000974968891380727e+07 6.848826217651367188e+01 4.030000000000000000e+02 3.710000000000000000e+02
1.940000000000000000e+02 4.000000000000000000e+00 0.000000000000000000e+00 5.847940349105086923e+07 5.778079030595177412e+07 7.152733040437035263e+07 7.153778905781556666e+07 1.284902143478393555e+01 9.400000000000000000e+01 6.300000000000000000e+01
1.950000000000000000e+02 4.000000000000000000e+00 0.000000000000000000e+00 5.533373562454667687e+07 5.464614027171059698e+07 7.310001039634062350e+07 7.301592241118180752e+07 2.371039223670959473e+01 1.530000000000000000e+02 1.220000000000000000e+02
1.960000000000000000e+02 4.000000000000000000e+00 0.000000000000000000e+00 6.463261596767385304e+07 6.405995138509842008e+07 7.399669156993813813e+07 7.409602839119753242e+07 3.764825630187988281e+01 2.260000000000000000e+02 1.940000000000000000e+02
1.970000000000000000e+02 4.000000000000000000e+00 0.000000000000000000e+00 5.897684157305415720e+07 5.872742660997464508e+07 7.264573762906919420e+07 7.258176615739589930e+07 3.512028980255126953e+01 2.060000000000000000e+02 1.740000000000000000e+02
1.980000000000000000e+02 4.000000000000000000e+00 0.000000000000000000e+00 6.008659603513260186e+07 5.920950098185218871e+07 7.164610104505807161e+07 7.143768073667736351e+07 3.249908089637756348e+01 1.970000000000000000e+02 1.650000000000000000e+02
1.990000000000000000e+02 4.000000000000000000e+00 0.000000000000000000e+00 6.226639291014564037e+07 6.145940899011105299e+07 7.243582050486682355e+07 7.243851968685516715e+07 1.326444053649902344e+01 1.070000000000000000e+02 7.600000000000000000e+01
