# # run number, ti calc, ti opt, aep init calc (kW), aep init opt (kW), aep run calc (kW), aep run opt (kW), run time (s), obj func calls, sens func calls
0.000000000000000000e+00 4.000000000000000000e+00 0.000000000000000000e+00 6.313008609428587556e+07 6.183387610901272297e+07 6.379154151521808654e+07 6.311016654715022445e+07 1.247710871696472168e+01 7.500000000000000000e+01 4.400000000000000000e+01
1.000000000000000000e+00 4.000000000000000000e+00 0.000000000000000000e+00 5.794583369532035291e+07 5.754949888593002409e+07 6.655488088132459670e+07 6.657423622849072516e+07 2.813502383232116699e+01 1.340000000000000000e+02 1.030000000000000000e+02
2.000000000000000000e+00 4.000000000000000000e+00 0.000000000000000000e+00 5.555793054039878398e+07 5.520566783482673019e+07 6.372021878953371942e+07 6.373297300049709529e+07 2.554657506942749023e+01 1.240000000000000000e+02 9.300000000000000000e+01
3.000000000000000000e+00 4.000000000000000000e+00 0.000000000000000000e+00 5.271687604699766636e+07 5.169226981880481541e+07 6.586542051803017408e+07 6.582795416489098221e+07 3.198113417625427246e+01 1.480000000000000000e+02 1.170000000000000000e+02
4.000000000000000000e+00 4.000000000000000000e+00 0.000000000000000000e+00 5.170959621688263863e+07 5.116164360366067290e+07 6.542002253896567971e+07 6.534486309208022058e+07 2.385166358947753906e+01 1.270000000000000000e+02 9.600000000000000000e+01
5.000000000000000000e+00 4.000000000000000000e+00 0.000000000000000000e+00 5.244852832543797046e+07 5.164980865392446518e+07 6.414556085340822488e+07 6.406996326461378485e+07 2.793627548217773438e+01 1.320000000000000000e+02 1.010000000000000000e+02
6.000000000000000000e+00 4.000000000000000000e+00 0.000000000000000000e+00 5.278803565868957341e+07 5.223663624728862196e+07 6.511225706340501457e+07 6.508631958362638950e+07 3.132832646369934082e+01 1.440000000000000000e+02 1.130000000000000000e+02
7.000000000000000000e+00 4.000000000000000000e+00 0.000000000000000000e+00 5.346883225518541038e+07 5.285640112181672454e+07 6.509200765337242186e+07 6.511277402798629552e+07 2.582123064994812012e+01 1.240000000000000000e+02 9.300000000000000000e+01
8.000000000000000000e+00 4.000000000000000000e+00 0.000000000000000000e+00 5.546098661812595278e+07 5.499316642784944922e+07 6.464119039756238461e+07 6.446424397673420608e+07 2.831487321853637695e+01 1.330000000000000000e+02 1.020000000000000000e+02
9.000000000000000000e+00 4.000000000000000000e+00 0.000000000000000000e+00 5.412766337870735675e+07 5.389277243494290113e+07 6.471835407417636365e+07 6.478731734956713766e+07 2.060816216468811035e+01 1.010000000000000000e+02 7.000000000000000000e+01
1.000000000000000000e+01 4.000000000000000000e+00 0.000000000000000000e+00 5.665329105561403185e+07 5.622361179009249061e+07 6.399997654475639015e+07 6.390396146103070676e+07 1.905043745040893555e+01 9.600000000000000000e+01 6.500000000000000000e+01
1.100000000000000000e+01 4.000000000000000000e+00 0.000000000000000000e+00 5.723008454895786941e+07 5.674467345299115032e+07 6.519808942292825878e+07 6.519020627502769977e+07 1.749647712707519531e+01 9.400000000000000000e+01 6.300000000000000000e+01
1.200000000000000000e+01 4.000000000000000000e+00 0.000000000000000000e+00 5.527342296376676112e+07 5.446213638190069795e+07 6.388487528257913888e+07 6.365405097379723936e+07 2.008662629127502441e+01 1.040000000000000000e+02 7.300000000000000000e+01
1.300000000000000000e+01 4.000000000000000000e+00 0.000000000000000000e+00 5.564802231932211667e+07 5.504619692727819085e+07 6.520037782510185987e+07 6.513560800105398893e+07 2.298016190528869629e+01 1.160000000000000000e+02 8.500000000000000000e+01
1.400000000000000000e+01 4.000000000000000000e+00 0.000000000000000000e+00 5.291259867523803562e+07 5.237510158503128588e+07 6.459717880251763761e+07 6.456221380582489073e+07 2.500715293884277344e+02 1.010000000000000000e+03 9.790000000000000000e+02
1.500000000000000000e+01 4.000000000000000000e+00 0.000000000000000000e+00 5.392528338374529779e+07 5.342563593473742157e+07 6.291273240141034871e+07 6.294558419299011678e+07 1.402658843994140625e+01 8.100000000000000000e+01 5.000000000000000000e+01
1.600000000000000000e+01 4.000000000000000000e+00 0.000000000000000000e+00 5.440378419392929226e+07 5.390196479482045025e+07 6.632468730332999676e+07 6.631909386497727782e+07 2.423572111129760742e+01 1.180000000000000000e+02 8.700000000000000000e+01
1.700000000000000000e+01 4.000000000000000000e+00 0.000000000000000000e+00 4.881974194537897408e+07 4.800012292355261743e+07 6.359312519632800668e+07 6.363243050381980091e+07 4.487609529495239258e+01 2.010000000000000000e+02 1.700000000000000000e+02
1.800000000000000000e+01 4.000000000000000000e+00 0.000000000000000000e+00 5.278048659383417666e+07 5.241290290935194492e+07 6.370191544305206835e+07 6.361821124178827554e+07 2.545171070098876953e+01 1.250000000000000000e+02 9.400000000000000000e+01
1.900000000000000000e+01 4.000000000000000000e+00 0.000000000000000000e+00 5.384091833462100476e+07 5.332707057309745997e+07 6.494154480604358017e+07 6.499208285305232555e+07 2.148124194145202637e+01 1.090000000000000000e+02 7.800000000000000000e+01
2.000000000000000000e+01 4.000000000000000000e+00 0.000000000000000000e+00 5.580940250620555133e+07 5.539731234662652016e+07 6.477171411324459314e+07 6.473302093096254021e+07 2.328298187255859375e+01 1.160000000000000000e+02 8.500000000000000000e+01
2.100000000000000000e+01 4.000000000000000000e+00 0.000000000000000000e+00 5.451274122635594010e+07 5.398670285684054345e+07 6.433139796885004640e+07 6.437044650906699151e+07 1.947155642509460449e+01 1.020000000000000000e+02 7.100000000000000000e+01
2.200000000000000000e+01 4.000000000000000000e+00 0.000000000000000000e+00 5.500731744385152310e+07 5.433140212592805922e+07 6.560526729593233019e+07 6.569786018254072219e+07 1.905957293510437012e+01 1.000000000000000000e+02 6.900000000000000000e+01
2.300000000000000000e+01 4.000000000000000000e+00 0.000000000000000000e+00 5.417409214231556654e+07 5.367046006408103555e+07 6.415441414512578398e+07 6.408795419378883392e+07 4.198945617675781250e+01 1.900000000000000000e+02 1.590000000000000000e+02
2.400000000000000000e+01 4.000000000000000000e+00 0.000000000000000000e+00 5.635994088950625062e+07 5.590700901398480684e+07 6.333330832672304660e+07 6.327965203387077153e+07 3.020929265022277832e+01 1.410000000000000000e+02 1.100000000000000000e+02
2.500000000000000000e+01 4.000000000000000000e+00 0.000000000000000000e+00 5.483005769939726591e+07 5.408476116430662572e+07 6.522525054201134294e+07 6.515200697310344875e+07 2.650447773933410645e+01 1.280000000000000000e+02 9.700000000000000000e+01
2.600000000000000000e+01 4.000000000000000000e+00 0.000000000000000000e+00 5.569998075330851972e+07 5.534147692080063373e+07 6.383432003323398530e+07 6.369724932311192155e+07 5.000068902969360352e+01 2.210000000000000000e+02 1.900000000000000000e+02
2.700000000000000000e+01 4.000000000000000000e+00 0.000000000000000000e+00 5.747808273252683133e+07 5.687754172354950011e+07 6.554381541715761274e+07 6.555993528083039075e+07 4.170692968368530273e+01 1.870000000000000000e+02 1.560000000000000000e+02
2.800000000000000000e+01 4.000000000000000000e+00 0.000000000000000000e+00 5.435163663541366160e+07 5.317890218952353299e+07 6.452950428668640554e+07 6.459662043051565439e+07 1.375062012672424316e+01 7.800000000000000000e+01 4.700000000000000000e+01
2.900000000000000000e+01 4.000000000000000000e+00 0.000000000000000000e+00 4.902403986093955487e+07 4.847588144462597370e+07 6.442783311927255988e+07 6.447493240049231052e+07 4.144546866416931152e+01 1.860000000000000000e+02 1.550000000000000000e+02
3.000000000000000000e+01 4.000000000000000000e+00 0.000000000000000000e+00 5.395329577139860392e+07 5.332865719635666907e+07 6.541181961665494740e+07 6.543208838706680387e+07 3.915781688690185547e+01 1.780000000000000000e+02 1.470000000000000000e+02
3.100000000000000000e+01 4.000000000000000000e+00 0.000000000000000000e+00 5.846102641266199946e+07 5.814464848323342204e+07 6.465409221332041174e+07 6.458585589974233508e+07 2.026984858512878418e+01 1.040000000000000000e+02 7.300000000000000000e+01
3.200000000000000000e+01 4.000000000000000000e+00 0.000000000000000000e+00 5.180608455001262575e+07 5.104732766112811118e+07 6.435242326449730992e+07 6.436698814507895708e+07 1.762660503387451172e+01 9.400000000000000000e+01 6.300000000000000000e+01
3.300000000000000000e+01 4.000000000000000000e+00 0.000000000000000000e+00 5.291161384986779839e+07 5.222862574887809902e+07 6.401095853345526010e+07 6.403218630927108973e+07 3.695928525924682617e+01 1.680000000000000000e+02 1.370000000000000000e+02
3.400000000000000000e+01 4.000000000000000000e+00 0.000000000000000000e+00 5.231510617149890214e+07 5.185880780274450779e+07 6.678765549417386949e+07 6.682042713457623124e+07 2.869913268089294434e+01 1.370000000000000000e+02 1.060000000000000000e+02
3.500000000000000000e+01 4.000000000000000000e+00 0.000000000000000000e+00 5.316988445411837101e+07 5.277629579474017024e+07 6.654729387018641084e+07 6.665419417229148000e+07 2.300092339515686035e+01 1.140000000000000000e+02 8.300000000000000000e+01
3.600000000000000000e+01 4.000000000000000000e+00 0.000000000000000000e+00 5.419679189479228854e+07 5.354350550861749798e+07 6.524636000657089800e+07 6.522790935392487794e+07 2.729258227348327637e+01 1.320000000000000000e+02 1.010000000000000000e+02
3.700000000000000000e+01 4.000000000000000000e+00 0.000000000000000000e+00 5.478119753711423278e+07 5.439700533179964125e+07 6.579060933137448877e+07 6.574446576365340501e+07 5.110277199745178223e+01 2.300000000000000000e+02 1.990000000000000000e+02
3.800000000000000000e+01 4.000000000000000000e+00 0.000000000000000000e+00 5.422538271209610999e+07 5.371944588865676522e+07 6.413822857282511890e+07 6.417856033917111903e+07 3.803379702568054199e+01 1.770000000000000000e+02 1.460000000000000000e+02
3.900000000000000000e+01 4.000000000000000000e+00 0.000000000000000000e+00 5.590849490853132308e+07 5.528270040902575105e+07 6.590486776488942653e+07 6.593173662344560772e+07 1.223979885578155518e+02 4.780000000000000000e+02 4.470000000000000000e+02
4.000000000000000000e+01 4.000000000000000000e+00 0.000000000000000000e+00 5.271784251755721122e+07 5.196460455266092718e+07 6.558618942464311421e+07 6.556170596923409402e+07 2.377567744255065918e+01 1.170000000000000000e+02 8.600000000000000000e+01
4.100000000000000000e+01 4.000000000000000000e+00 0.000000000000000000e+00 5.356265280251606554e+07 5.308591122250933945e+07 6.397246687245476991e+07 6.407035033641662449e+07 3.466316223144531250e+01 1.580000000000000000e+02 1.270000000000000000e+02
4.200000000000000000e+01 4.000000000000000000e+00 0.000000000000000000e+00 4.985681227614795417e+07 4.933647473143608868e+07 6.492296235137430578e+07 6.478521906615775824e+07 2.641289401054382324e+01 1.250000000000000000e+02 9.400000000000000000e+01
4.300000000000000000e+01 4.000000000000000000e+00 0.000000000000000000e+00 5.590549254667782784e+07 5.522617350061652064e+07 6.468486269237732142e+07 6.463835904048692435e+07 2.151944160461425781e+01 1.080000000000000000e+02 7.700000000000000000e+01
4.400000000000000000e+01 4.000000000000000000e+00 0.000000000000000000e+00 5.705532162179922312e+07 5.667901912279510498e+07 6.345065504490662366e+07 6.324096130638694763e+07 1.485902118682861328e+01 8.700000000000000000e+01 5.600000000000000000e+01
4.500000000000000000e+01 4.000000000000000000e+00 0.000000000000000000e+00 5.343905192021287978e+07 5.277666132854232192e+07 6.527967340080296248e+07 6.521434192411740124e+07 1.933454680442810059e+01 1.060000000000000000e+02 7.500000000000000000e+01
4.600000000000000000e+01 4.000000000000000000e+00 0.000000000000000000e+00 5.434290674644441158e+07 5.381417036641760916e+07 6.405011220904111117e+07 6.414417127454773337e+07 1.880083990097045898e+01 1.030000000000000000e+02 7.200000000000000000e+01
4.700000000000000000e+01 4.000000000000000000e+00 0.000000000000000000e+00 5.172857652100976557e+07 5.117394900018802285e+07 6.689609457816642523e+07 6.690159283749763668e+07 5.004294919967651367e+01 2.230000000000000000e+02 1.920000000000000000e+02
4.800000000000000000e+01 4.000000000000000000e+00 0.000000000000000000e+00 5.163894125774376094e+07 5.098502034273417294e+07 6.440866592613712698e+07 6.444554254680401832e+07 1.910540199279785156e+01 1.000000000000000000e+02 6.900000000000000000e+01
4.900000000000000000e+01 4.000000000000000000e+00 0.000000000000000000e+00 5.801143853475541621e+07 5.748774261285222322e+07 6.493958277536201477e+07 6.486587346436103433e+07 2.235043716430664062e+01 1.110000000000000000e+02 8.000000000000000000e+01
5.000000000000000000e+01 4.000000000000000000e+00 0.000000000000000000e+00 5.232698711500080675e+07 5.173226993126405030e+07 6.499317884344813228e+07 6.503252631125885993e+07 3.328907251358032227e+01 1.510000000000000000e+02 1.200000000000000000e+02
5.100000000000000000e+01 4.000000000000000000e+00 0.000000000000000000e+00 5.058917819148835540e+07 4.993194037724205852e+07 6.380464581893069297e+07 6.375257213766875118e+07 3.800755167007446289e+01 1.730000000000000000e+02 1.420000000000000000e+02
5.200000000000000000e+01 4.000000000000000000e+00 0.000000000000000000e+00 5.371937947963987291e+07 5.336847187948593497e+07 6.424663764579565823e+07 6.421750242419452220e+07 2.507167530059814453e+01 1.220000000000000000e+02 9.100000000000000000e+01
5.300000000000000000e+01 4.000000000000000000e+00 0.000000000000000000e+00 5.552625348171012849e+07 5.497945236978277564e+07 6.774084256288105249e+07 6.781641412619864941e+07 3.326086282730102539e+01 1.550000000000000000e+02 1.240000000000000000e+02
5.400000000000000000e+01 4.000000000000000000e+00 0.000000000000000000e+00 5.704179672867188603e+07 5.652895244404964894e+07 6.544476428116233647e+07 6.533318561689560115e+07 2.117556524276733398e+01 1.160000000000000000e+02 8.500000000000000000e+01
5.500000000000000000e+01 4.000000000000000000e+00 0.000000000000000000e+00 5.634224051118517667e+07 5.584184653028985113e+07 6.675702950270388275e+07 6.675530302453477681e+07 2.967006397247314453e+01 1.380000000000000000e+02 1.070000000000000000e+02
5.600000000000000000e+01 4.000000000000000000e+00 0.000000000000000000e+00 5.696822927783626318e+07 5.658135323681182414e+07 6.396271370821842551e+07 6.399728543781966716e+07 2.739246225357055664e+01 1.320000000000000000e+02 1.010000000000000000e+02
5.700000000000000000e+01 4.000000000000000000e+00 0.000000000000000000e+00 5.477689049202042818e+07 5.436098934440106899e+07 6.576389056446728110e+07 6.570863595108745247e+07 2.996379590034484863e+01 1.410000000000000000e+02 1.100000000000000000e+02
5.800000000000000000e+01 4.000000000000000000e+00 0.000000000000000000e+00 5.332919235430405289e+07 5.289954789166560769e+07 6.413778980133222044e+07 6.409591483116683364e+07 2.751542973518371582e+01 1.310000000000000000e+02 1.000000000000000000e+02
5.900000000000000000e+01 4.000000000000000000e+00 0.000000000000000000e+00 5.470532528229006380e+07 5.417223829869472235e+07 6.423829933074985445e+07 6.436779837632900476e+07 2.455523467063903809e+01 1.200000000000000000e+02 8.900000000000000000e+01
6.000000000000000000e+01 4.000000000000000000e+00 0.000000000000000000e+00 5.454031094211060554e+07 5.410440835891655087e+07 6.370015180220963806e+07 6.357666102872055024e+07 2.174833559989929199e+01 1.100000000000000000e+02 7.900000000000000000e+01
6.100000000000000000e+01 4.000000000000000000e+00 0.000000000000000000e+00 5.546651135515768826e+07 5.509481990907577425e+07 6.504314364582780004e+07 6.493087166492595524e+07 2.957189226150512695e+01 1.420000000000000000e+02 1.110000000000000000e+02
6.200000000000000000e+01 4.000000000000000000e+00 0.000000000000000000e+00 5.643630516865660995e+07 5.600491025109545141e+07 6.380473983212099969e+07 6.383488453138129413e+07 2.325668835639953613e+01 1.150000000000000000e+02 8.400000000000000000e+01
6.300000000000000000e+01 4.000000000000000000e+00 0.000000000000000000e+00 5.394040680338604748e+07 5.351522166283967346e+07 6.223718802004230022e+07 6.185337444092363119e+07 1.692377829551696777e+01 9.000000000000000000e+01 5.900000000000000000e+01
6.400000000000000000e+01 4.000000000000000000e+00 0.000000000000000000e+00 5.491897585689042509e+07 5.431303118164931238e+07 6.537191147309841216e+07 6.537984355997638404e+07 1.672947955131530762e+01 9.100000000000000000e+01 6.000000000000000000e+01
6.500000000000000000e+01 4.000000000000000000e+00 0.000000000000000000e+00 5.177447184369829297e+07 5.115914587699306756e+07 6.576334901855622232e+07 6.578612130749049783e+07 2.405258083343505859e+01 1.180000000000000000e+02 8.700000000000000000e+01
6.600000000000000000e+01 4.000000000000000000e+00 0.000000000000000000e+00 4.881925922587123513e+07 4.800768596497606486e+07 6.363781880869264156e+07 6.347011188310285658e+07 6.128336691856384277e+01 2.720000000000000000e+02 2.410000000000000000e+02
6.700000000000000000e+01 4.000000000000000000e+00 0.000000000000000000e+00 5.654168724273100495e+07 5.596474549956860393e+07 6.518192603824324906e+07 6.519754746184740961e+07 4.502874231338500977e+01 2.060000000000000000e+02 1.750000000000000000e+02
6.800000000000000000e+01 4.000000000000000000e+00 0.000000000000000000e+00 4.941169938117967546e+07 4.894293361835828424e+07 6.433160034849468619e+07 6.433267052642678469e+07 2.973586463928222656e+01 1.450000000000000000e+02 1.140000000000000000e+02
6.900000000000000000e+01 4.000000000000000000e+00 0.000000000000000000e+00 5.520095865909676254e+07 5.473911473802555352e+07 6.364493921681527793e+07 6.366151251480776817e+07 1.524949133396148682e+02 6.500000000000000000e+02 6.190000000000000000e+02
7.000000000000000000e+01 4.000000000000000000e+00 0.000000000000000000e+00 5.389325382830632478e+07 5.324765751256739348e+07 6.398284947457766533e+07 6.401748773822781444e+07 3.268854308128356934e+01 1.590000000000000000e+02 1.280000000000000000e+02
7.100000000000000000e+01 4.000000000000000000e+00 0.000000000000000000e+00 5.390835980153227597e+07 5.335093175893662125e+07 6.445889983682084084e+07 6.453758914168578386e+07 2.251704359054565430e+01 1.160000000000000000e+02 8.500000000000000000e+01
7.200000000000000000e+01 4.000000000000000000e+00 0.000000000000000000e+00 5.516326906222907454e+07 5.467359099661004543e+07 6.578303101120224595e+07 6.579217951639723778e+07 3.353322458267211914e+01 1.610000000000000000e+02 1.300000000000000000e+02
7.300000000000000000e+01 4.000000000000000000e+00 0.000000000000000000e+00 5.641721308527299762e+07 5.599394339723467082e+07 6.477614919666917622e+07 6.467931539597994089e+07 2.872311806678771973e+01 1.410000000000000000e+02 1.100000000000000000e+02
7.400000000000000000e+01 4.000000000000000000e+00 0.000000000000000000e+00 5.552017653088282794e+07 5.494522035930750519e+07 6.621963172132978588e+07 6.627504488509575278e+07 6.427942707538604736e+02 2.690000000000000000e+03 2.659000000000000000e+03
7.500000000000000000e+01 4.000000000000000000e+00 0.000000000000000000e+00 5.277564814103872329e+07 5.205190727679905295e+07 6.454708542141023278e+07 6.440735166750005633e+07 1.858656048774719238e+01 9.800000000000000000e+01 6.700000000000000000e+01
7.600000000000000000e+01 4.000000000000000000e+00 0.000000000000000000e+00 4.890514543285870552e+07 4.826334376322092861e+07 6.353724769680287689e+07 6.350135952682536840e+07 4.871143126487731934e+01 2.170000000000000000e+02 1.860000000000000000e+02
7.700000000000000000e+01 4.000000000000000000e+00 0.000000000000000000e+00 5.688619115231286734e+07 5.613596091245467961e+07 6.413284857343161851e+07 6.414923274922480434e+07 2.679238080978393555e+01 1.310000000000000000e+02 1.000000000000000000e+02
7.800000000000000000e+01 4.000000000000000000e+00 0.000000000000000000e+00 5.774015250678619742e+07 5.739662522700429708e+07 6.512797254001229256e+07 6.503211147226439416e+07 1.488899254798889160e+01 8.400000000000000000e+01 5.300000000000000000e+01
7.900000000000000000e+01 4.000000000000000000e+00 0.000000000000000000e+00 5.029631571345579624e+07 4.969326024107204378e+07 6.395927642907930911e+07 6.390680722198392451e+07 3.251627881526947021e+02 1.342000000000000000e+03 1.311000000000000000e+03
8.000000000000000000e+01 4.000000000000000000e+00 0.000000000000000000e+00 5.208123559128981829e+07 5.135394971189498901e+07 6.589963359052880108e+07 6.600830337649226934e+07 2.719613289833068848e+01 1.320000000000000000e+02 1.010000000000000000e+02
8.100000000000000000e+01 4.000000000000000000e+00 0.000000000000000000e+00 5.463869601181943715e+07 5.424866617713961750e+07 6.386097251019259542e+07 6.389472250362706929e+07 2.186288712024688721e+02 9.010000000000000000e+02 8.700000000000000000e+02
8.200000000000000000e+01 4.000000000000000000e+00 0.000000000000000000e+00 5.791104733559770882e+07 5.737801650216338784e+07 6.500607762108150870e+07 6.496799159171652049e+07 3.750359320640563965e+01 1.700000000000000000e+02 1.390000000000000000e+02
8.300000000000000000e+01 4.000000000000000000e+00 0.000000000000000000e+00 5.444419264839027077e+07 5.386601437382590026e+07 6.382102885544785112e+07 6.365537744371400028e+07 3.307109570503234863e+01 1.560000000000000000e+02 1.250000000000000000e+02
8.400000000000000000e+01 4.000000000000000000e+00 0.000000000000000000e+00 5.428054828540015966e+07 5.378430473515412956e+07 6.425860763895333558e+07 6.421565776293960959e+07 1.575052165985107422e+01 8.700000000000000000e+01 5.600000000000000000e+01
8.500000000000000000e+01 4.000000000000000000e+00 0.000000000000000000e+00 5.543841294140172750e+07 5.485989794538067281e+07 6.454597667688836902e+07 6.453266268952531368e+07 2.142256212234497070e+01 1.090000000000000000e+02 7.800000000000000000e+01
8.600000000000000000e+01 4.000000000000000000e+00 0.000000000000000000e+00 4.858633771565074474e+07 4.789749194658590108e+07 6.466152751078873128e+07 6.455959517286401242e+07 5.302747893333435059e+01 2.340000000000000000e+02 2.030000000000000000e+02
8.700000000000000000e+01 4.000000000000000000e+00 0.000000000000000000e+00 5.196960640118756145e+07 5.158093298912079632e+07 6.353220899870903790e+07 6.333029077756354213e+07 2.690795516967773438e+01 1.310000000000000000e+02 1.000000000000000000e+02
8.800000000000000000e+01 4.000000000000000000e+00 0.000000000000000000e+00 5.388598997047536820e+07 5.322822842982335389e+07 6.437190910196417570e+07 6.433418794567538053e+07 6.070340275764465332e+01 2.600000000000000000e+02 2.290000000000000000e+02
8.900000000000000000e+01 4.000000000000000000e+00 0.000000000000000000e+00 4.839064448899622262e+07 4.785583105160146207e+07 6.252952816958715767e+07 6.245670440782076120e+07 2.188980078697204590e+01 1.200000000000000000e+02 8.900000000000000000e+01
9.000000000000000000e+01 4.000000000000000000e+00 0.000000000000000000e+00 5.164733517182715982e+07 5.115143339562834054e+07 6.572810990710230172e+07 6.576014913962943852e+07 3.650134801864624023e+01 1.600000000000000000e+02 1.290000000000000000e+02
9.100000000000000000e+01 4.000000000000000000e+00 0.000000000000000000e+00 5.375599823885096610e+07 5.303043370133145154e+07 6.367985181252905726e+07 6.351631690277256072e+07 5.042944359779357910e+01 2.110000000000000000e+02 1.800000000000000000e+02
9.200000000000000000e+01 4.000000000000000000e+00 0.000000000000000000e+00 5.079936549024682492e+07 5.008669821396237612e+07 6.556729950098082423e+07 6.550703869696586579e+07 3.229283833503723145e+01 1.460000000000000000e+02 1.150000000000000000e+02
9.300000000000000000e+01 4.000000000000000000e+00 0.000000000000000000e+00 5.474057726018976420e+07 5.429782230478759855e+07 6.467450700841588527e+07 6.463057207816447318e+07 1.965124630928039551e+01 1.020000000000000000e+02 7.100000000000000000e+01
9.400000000000000000e+01 4.000000000000000000e+00 0.000000000000000000e+00 5.456261009497062862e+07 5.409826221907079965e+07 6.379859619431570917e+07 6.382261146232160926e+07 9.233299446105957031e+01 3.890000000000000000e+02 3.580000000000000000e+02
9.500000000000000000e+01 4.000000000000000000e+00 0.000000000000000000e+00 4.984886986222932488e+07 4.923619952105862647e+07 6.477182393456336856e+07 6.489261304080127925e+07 6.451926612854003906e+01 2.750000000000000000e+02 2.440000000000000000e+02
9.600000000000000000e+01 4.000000000000000000e+00 0.000000000000000000e+00 5.684159276659434289e+07 5.653544687990122288e+07 6.464144832615432888e+07 6.453377068889814615e+07 2.561139345169067383e+01 1.230000000000000000e+02 9.200000000000000000e+01
9.700000000000000000e+01 4.000000000000000000e+00 0.000000000000000000e+00 5.487047974648428708e+07 5.429169762647151947e+07 6.399199883296827972e+07 6.400532422729828954e+07 3.786195278167724609e+01 1.730000000000000000e+02 1.420000000000000000e+02
9.800000000000000000e+01 4.000000000000000000e+00 0.000000000000000000e+00 5.871654564498012513e+07 5.828629964063512534e+07 6.519051754546485096e+07 6.519937505038000643e+07 2.221407532691955566e+01 1.120000000000000000e+02 8.100000000000000000e+01
9.900000000000000000e+01 4.000000000000000000e+00 0.000000000000000000e+00 5.315621317066468298e+07 5.273401523643553257e+07 6.480492740634799749e+07 6.488897856533820182e+07 2.296827411651611328e+01 1.240000000000000000e+02 9.300000000000000000e+01
1.000000000000000000e+02 4.000000000000000000e+00 0.000000000000000000e+00 5.627325310644491762e+07 5.581172874417527020e+07 6.530398281597038358e+07 6.535555926894384623e+07 3.170354866981506348e+01 1.980000000000000000e+02 1.670000000000000000e+02
1.010000000000000000e+02 4.000000000000000000e+00 0.000000000000000000e+00 5.686973165989115834e+07 5.635179977322047949e+07 6.550561465399740636e+07 6.558385790315122902e+07 2.210919642448425293e+01 1.450000000000000000e+02 1.140000000000000000e+02
1.020000000000000000e+02 4.000000000000000000e+00 0.000000000000000000e+00 5.310869036413978040e+07 5.259823060595981777e+07 6.275028724145453423e+07 6.256545019063560665e+07 2.218870711326599121e+01 1.440000000000000000e+02 1.130000000000000000e+02
1.030000000000000000e+02 4.000000000000000000e+00 0.000000000000000000e+00 5.657226352870065719e+07 5.614231283620972931e+07 6.461110551102197170e+07 6.456549188019738346e+07 1.433513784408569336e+01 1.050000000000000000e+02 7.400000000000000000e+01
1.040000000000000000e+02 4.000000000000000000e+00 0.000000000000000000e+00 5.307187414218317717e+07 5.260406040168321133e+07 6.339157346582421660e+07 6.327628043850127608e+07 1.744811344146728516e+01 1.210000000000000000e+02 9.000000000000000000e+01
1.050000000000000000e+02 4.000000000000000000e+00 0.000000000000000000e+00 5.375694371107289940e+07 5.323914134518056363e+07 6.279559007257539034e+07 6.260100170754330605e+07 1.207578802108764648e+01 9.400000000000000000e+01 6.300000000000000000e+01
1.060000000000000000e+02 4.000000000000000000e+00 0.000000000000000000e+00 5.440620861614231020e+07 5.365687691539718211e+07 6.472164772431089729e+07 6.475043870406497270e+07 1.470360064506530762e+01 1.100000000000000000e+02 7.900000000000000000e+01
1.070000000000000000e+02 4.000000000000000000e+00 0.000000000000000000e+00 5.403745676049236953e+07 5.356905873507469893e+07 6.541396985722145438e+07 6.521337538165862113e+07 1.358786773681640625e+01 1.000000000000000000e+02 6.900000000000000000e+01
1.080000000000000000e+02 4.000000000000000000e+00 0.000000000000000000e+00 5.462521439787703753e+07 5.425631223801802844e+07 6.605313850503231585e+07 6.607799938669607788e+07 2.623313045501708984e+01 1.680000000000000000e+02 1.370000000000000000e+02
1.090000000000000000e+02 4.000000000000000000e+00 0.000000000000000000e+00 4.865453623323532194e+07 4.800131378815101087e+07 6.452378696852978319e+07 6.427317181002541631e+07 2.537720513343811035e+01 1.670000000000000000e+02 1.360000000000000000e+02
1.100000000000000000e+02 4.000000000000000000e+00 0.000000000000000000e+00 5.414642343984327465e+07 5.363821320194783062e+07 6.528363699992030114e+07 6.529496481413611025e+07 3.005315327644348145e+01 1.920000000000000000e+02 1.610000000000000000e+02
1.110000000000000000e+02 4.000000000000000000e+00 0.000000000000000000e+00 5.085790992119835317e+07 5.022101499884066731e+07 6.409830001279527694e+07 6.403116553454521298e+07 3.001165199279785156e+01 1.900000000000000000e+02 1.590000000000000000e+02
1.120000000000000000e+02 4.000000000000000000e+00 0.000000000000000000e+00 5.064906565217315406e+07 4.983219896875765175e+07 6.554629577830282599e+07 6.552468241020103544e+07 3.481870055198669434e+01 2.150000000000000000e+02 1.840000000000000000e+02
1.130000000000000000e+02 4.000000000000000000e+00 0.000000000000000000e+00 5.542304907461004704e+07 5.465659283380253613e+07 6.578286423028733581e+07 6.578922475548326969e+07 2.207167649269104004e+01 1.450000000000000000e+02 1.140000000000000000e+02
1.140000000000000000e+02 4.000000000000000000e+00 0.000000000000000000e+00 5.329069517874665558e+07 5.261936807878275216e+07 6.425153270772214979e+07 6.419270820623074472e+07 4.338959145545959473e+01 2.650000000000000000e+02 2.340000000000000000e+02
1.150000000000000000e+02 4.000000000000000000e+00 0.000000000000000000e+00 5.205599070714571327e+07 5.149845983555659652e+07 6.422571362211105973e+07 6.427764403520126641e+07 1.450715160131454468e+03 8.028000000000000000e+03 7.997000000000000000e+03
1.160000000000000000e+02 4.000000000000000000e+00 0.000000000000000000e+00 5.794421066495552659e+07 5.719604663054689020e+07 6.758261294836273789e+07 6.758719228666001558e+07 1.361452722549438477e+01 9.500000000000000000e+01 6.400000000000000000e+01
1.170000000000000000e+02 4.000000000000000000e+00 0.000000000000000000e+00 5.177825028023447096e+07 5.118431233623774350e+07 6.632650703269650042e+07 6.631913924728492647e+07 3.481457734107971191e+01 2.150000000000000000e+02 1.840000000000000000e+02
1.180000000000000000e+02 4.000000000000000000e+00 0.000000000000000000e+00 5.375958661878602952e+07 5.321393180214671791e+07 6.577998553163100034e+07 6.579317520910392702e+07 3.500415110588073730e+01 2.160000000000000000e+02 1.850000000000000000e+02
1.190000000000000000e+02 4.000000000000000000e+00 0.000000000000000000e+00 5.379629804241077602e+07 5.318084249601384997e+07 6.341798212764444202e+07 6.337783910208064318e+07 2.300921988487243652e+01 1.490000000000000000e+02 1.180000000000000000e+02
1.200000000000000000e+02 4.000000000000000000e+00 0.000000000000000000e+00 5.348977309312823415e+07 5.276805015559498966e+07 6.520625584999665618e+07 6.504119137131675333e+07 8.160960721969604492e+01 4.920000000000000000e+02 4.610000000000000000e+02
1.210000000000000000e+02 4.000000000000000000e+00 0.000000000000000000e+00 5.576215879688689113e+07 5.522131372550071031e+07 6.417006489606538415e+07 6.414647079359383881e+07 3.359765982627868652e+01 2.100000000000000000e+02 1.790000000000000000e+02
1.220000000000000000e+02 4.000000000000000000e+00 0.000000000000000000e+00 5.552282210660617799e+07 5.505182824145637453e+07 6.479519102260987461e+07 6.481301818913407624e+07 8.356040453910827637e+01 4.900000000000000000e+02 4.590000000000000000e+02
1.230000000000000000e+02 4.000000000000000000e+00 0.000000000000000000e+00 5.337597833914585412e+07 5.297228479654476792e+07 6.390140122148066759e+07 6.382604268280588835e+07 1.347286581993103027e+01 1.000000000000000000e+02 6.900000000000000000e+01
1.240000000000000000e+02 4.000000000000000000e+00 0.000000000000000000e+00 5.643503593537435681e+07 5.620136190719263256e+07 6.425947204613516480e+07 6.415272107055927813e+07 3.027986168861389160e+01 1.920000000000000000e+02 1.610000000000000000e+02
1.250000000000000000e+02 4.000000000000000000e+00 0.000000000000000000e+00 5.225438115010556579e+07 5.169341003299043328e+07 6.359441105206035078e+07 6.355283814310202003e+07 1.974109339714050293e+01 1.270000000000000000e+02 9.600000000000000000e+01
1.260000000000000000e+02 4.000000000000000000e+00 0.000000000000000000e+00 5.315226304654990882e+07 5.259652501341975480e+07 6.744582718266658485e+07 6.756313383212789893e+07 2.389804291725158691e+01 1.570000000000000000e+02 1.260000000000000000e+02
1.270000000000000000e+02 4.000000000000000000e+00 0.000000000000000000e+00 5.495420141640339792e+07 5.439261439321552217e+07 6.306069622046845406e+07 6.300439078508779407e+07 1.778768563270568848e+01 1.250000000000000000e+02 9.400000000000000000e+01
1.280000000000000000e+02 4.000000000000000000e+00 0.000000000000000000e+00 5.833176495234532654e+07 5.768750432088659704e+07 6.633859842851585150e+07 6.632669933869457245e+07 1.690810370445251465e+02 1.054000000000000000e+03 1.023000000000000000e+03
1.290000000000000000e+02 4.000000000000000000e+00 0.000000000000000000e+00 5.250688219329936802e+07 5.191012112478180975e+07 6.650458996112458408e+07 6.637596745845786482e+07 1.707962942123413086e+01 1.190000000000000000e+02 8.800000000000000000e+01
1.300000000000000000e+02 4.000000000000000000e+00 0.000000000000000000e+00 5.241975047752243280e+07 5.166423768987860531e+07 6.454165214526243508e+07 6.459765207148364931e+07 2.368561291694641113e+01 1.550000000000000000e+02 1.240000000000000000e+02
1.310000000000000000e+02 4.000000000000000000e+00 0.000000000000000000e+00 5.736591098228942603e+07 5.683404264060645550e+07 6.576517979808864743e+07 6.578732304059573263e+07 3.009999632835388184e+01 1.950000000000000000e+02 1.640000000000000000e+02
1.320000000000000000e+02 4.000000000000000000e+00 0.000000000000000000e+00 5.626729284252867103e+07 5.565284198799520731e+07 6.530832344654485583e+07 6.525710440486298501e+07 1.651991677284240723e+01 1.180000000000000000e+02 8.700000000000000000e+01
1.330000000000000000e+02 4.000000000000000000e+00 0.000000000000000000e+00 5.450991243329367042e+07 5.362667252797362953e+07 6.404448831071452051e+07 6.402811641631623358e+07 1.145384526252746582e+01 9.000000000000000000e+01 5.900000000000000000e+01
1.340000000000000000e+02 4.000000000000000000e+00 0.000000000000000000e+00 5.325790975193931162e+07 5.280549264742553979e+07 6.305565936486898363e+07 6.299280621715063602e+07 4.233753013610839844e+01 2.580000000000000000e+02 2.270000000000000000e+02
1.350000000000000000e+02 4.000000000000000000e+00 0.000000000000000000e+00 5.858133930876168609e+07 5.807366585712642968e+07 6.483378212299170345e+07 6.488107738590712100e+07 1.127184915542602539e+01 8.900000000000000000e+01 5.800000000000000000e+01
1.360000000000000000e+02 4.000000000000000000e+00 0.000000000000000000e+00 5.241819188826382160e+07 5.173901677137643844e+07 6.125733903106110543e+07 6.111030268542641401e+07 1.475168585777282715e+01 1.080000000000000000e+02 7.700000000000000000e+01
1.370000000000000000e+02 4.000000000000000000e+00 0.000000000000000000e+00 5.447103591781305522e+07 5.418000579246221483e+07 6.536384733688075095e+07 6.537981361896099895e+07 7.084849381446838379e+01 3.910000000000000000e+02 3.600000000000000000e+02
1.380000000000000000e+02 4.000000000000000000e+00 0.000000000000000000e+00 4.911787680566946417e+07 4.842170084833846241e+07 6.434977734022853523e+07 6.425096780784358829e+07 2.885952019691467285e+01 1.860000000000000000e+02 1.550000000000000000e+02
1.390000000000000000e+02 4.000000000000000000e+00 0.000000000000000000e+00 5.188394614648474753e+07 5.140398628583717346e+07 6.457528789965284616e+07 6.452350167373199761e+07 1.451379418373107910e+01 1.020000000000000000e+02 7.100000000000000000e+01
1.400000000000000000e+02 4.000000000000000000e+00 0.000000000000000000e+00 5.267418188866396248e+07 5.202896920480900258e+07 6.624832065447793156e+07 6.625859233061482012e+07 3.852587175369262695e+01 2.370000000000000000e+02 2.060000000000000000e+02
1.410000000000000000e+02 4.000000000000000000e+00 0.000000000000000000e+00 4.965210654959312081e+07 4.906855364548497647e+07 6.432304299736734480e+07 6.428577838827417046e+07 2.097461891174316406e+02 1.199000000000000000e+03 1.168000000000000000e+03
1.420000000000000000e+02 4.000000000000000000e+00 0.000000000000000000e+00 5.309639487230370194e+07 5.245292163164765388e+07 6.612160352376857400e+07 6.616874704469611496e+07 3.659394741058349609e+01 2.310000000000000000e+02 2.000000000000000000e+02
1.430000000000000000e+02 4.000000000000000000e+00 0.000000000000000000e+00 5.552059781787697971e+07 5.496197551730051637e+07 6.485951082349073142e+07 6.497109430225729942e+07 2.047704052925109863e+01 1.360000000000000000e+02 1.050000000000000000e+02
1.440000000000000000e+02 4.000000000000000000e+00 0.000000000000000000e+00 5.285943855030593276e+07 5.238850941890922934e+07 6.384429132390350848e+07 6.368892697057036310e+07 1.846238732337951660e+01 1.280000000000000000e+02 9.700000000000000000e+01
1.450000000000000000e+02 4.000000000000000000e+00 0.000000000000000000e+00 5.136174666715463251e+07 5.067840138130335510e+07 6.548056565549828857e+07 6.544243761768270284e+07 1.946081137657165527e+01 1.300000000000000000e+02 9.900000000000000000e+01
1.460000000000000000e+02 4.000000000000000000e+00 0.000000000000000000e+00 5.568790348505754769e+07 5.497651244513481110e+07 6.426659467936920375e+07 6.424533564170835912e+07 2.739829850196838379e+01 1.750000000000000000e+02 1.440000000000000000e+02
1.470000000000000000e+02 4.000000000000000000e+00 0.000000000000000000e+00 5.581847917706165463e+07 5.521584427783225477e+07 6.438967936312085390e+07 6.431393017150057852e+07 1.286449599266052246e+01 9.700000000000000000e+01 6.600000000000000000e+01
1.480000000000000000e+02 4.000000000000000000e+00 0.000000000000000000e+00 5.312993180125962198e+07 5.238470670470666140e+07 6.487598034951832891e+07 6.495678758871652186e+07 1.354773435831069946e+03 7.932000000000000000e+03 7.901000000000000000e+03
1.490000000000000000e+02 4.000000000000000000e+00 0.000000000000000000e+00 5.266085873748087883e+07 5.211349740576981753e+07 6.494446138837966323e+07 6.505061291751363128e+07 3.729495215415954590e+01 2.310000000000000000e+02 2.000000000000000000e+02
1.500000000000000000e+02 4.000000000000000000e+00 0.000000000000000000e+00 5.348459017916199565e+07 5.306505449579821527e+07 6.263227232035362720e+07 6.259491728021688759e+07 3.321338248252868652e+01 2.050000000000000000e+02 1.740000000000000000e+02
1.510000000000000000e+02 4.000000000000000000e+00 0.000000000000000000e+00 5.155546145694966614e+07 5.105280115499043465e+07 6.419410547706558555e+07 6.424776555369067192e+07 2.501385951042175293e+01 1.600000000000000000e+02 1.290000000000000000e+02
1.520000000000000000e+02 4.000000000000000000e+00 0.000000000000000000e+00 5.089092694302847236e+07 5.023099221887835860e+07 6.547090111007968336e+07 6.549671187720642239e+07 2.561103677749633789e+01 1.670000000000000000e+02 1.360000000000000000e+02
1.530000000000000000e+02 4.000000000000000000e+00 0.000000000000000000e+00 5.103464129922814667e+07 5.050898996362036467e+07 6.432226867048455775e+07 6.427404419851481915e+07 3.231350421905517578e+01 1.900000000000000000e+02 1.590000000000000000e+02
1.540000000000000000e+02 4.000000000000000000e+00 0.000000000000000000e+00 5.628618653674607724e+07 5.550870709135214239e+07 6.614412173082098365e+07 6.621344675470610708e+07 1.866687536239624023e+01 1.290000000000000000e+02 9.800000000000000000e+01
1.550000000000000000e+02 4.000000000000000000e+00 0.000000000000000000e+00 5.353886073177910596e+07 5.272870857044547051e+07 6.543210238315296918e+07 6.551232843257138133e+07 2.015774822235107422e+01 1.370000000000000000e+02 1.060000000000000000e+02
1.560000000000000000e+02 4.000000000000000000e+00 0.000000000000000000e+00 4.900369805333879590e+07 4.827495136622064561e+07 6.510734640473985672e+07 6.502672721798363328e+07 7.257252931594848633e+01 4.450000000000000000e+02 4.140000000000000000e+02
1.570000000000000000e+02 4.000000000000000000e+00 0.000000000000000000e+00 5.440500125257831812e+07 5.398310490981069207e+07 6.433407863444403559e+07 6.430957457866539806e+07 1.441960740089416504e+01 1.030000000000000000e+02 7.200000000000000000e+01
1.580000000000000000e+02 4.000000000000000000e+00 0.000000000000000000e+00 5.232365066062539071e+07 5.185700329899066687e+07 6.478259078075021505e+07 6.463677288975465298e+07 5.965439486503601074e+01 3.690000000000000000e+02 3.380000000000000000e+02
1.590000000000000000e+02 4.000000000000000000e+00 0.000000000000000000e+00 5.004886995783591270e+07 4.937047900211417675e+07 6.652726722332105786e+07 6.656600335299314559e+07 4.385222530364990234e+01 2.710000000000000000e+02 2.400000000000000000e+02
1.600000000000000000e+02 4.000000000000000000e+00 0.000000000000000000e+00 5.810040246832664311e+07 5.741683783157934248e+07 6.481946387219291180e+07 6.483052171264910698e+07 1.295059919357299805e+01 9.500000000000000000e+01 6.400000000000000000e+01
1.610000000000000000e+02 4.000000000000000000e+00 0.000000000000000000e+00 5.773529783346319199e+07 5.728350363399435580e+07 6.588014259330491722e+07 6.601615957108335942e+07 1.784236574172973633e+01 1.250000000000000000e+02 9.400000000000000000e+01
1.620000000000000000e+02 4.000000000000000000e+00 0.000000000000000000e+00 5.552554699259917438e+07 5.489409558036277443e+07 6.436378736758320034e+07 6.432056933300837874e+07 1.771412134170532227e+01 1.240000000000000000e+02 9.300000000000000000e+01
1.630000000000000000e+02 4.000000000000000000e+00 0.000000000000000000e+00 5.661820505204683542e+07 5.605428032922002673e+07 6.447107719345422834e+07 6.436243196057639271e+07 1.783063912391662598e+01 1.230000000000000000e+02 9.200000000000000000e+01
1.640000000000000000e+02 4.000000000000000000e+00 0.000000000000000000e+00 5.604430183932717144e+07 5.544145916873993725e+07 6.457280350526390970e+07 6.464146444443242252e+07 1.910842418670654297e+01 1.290000000000000000e+02 9.800000000000000000e+01
1.650000000000000000e+02 4.000000000000000000e+00 0.000000000000000000e+00 4.863867403420358151e+07 4.797908861114548147e+07 6.332238032264744490e+07 6.318828258803200722e+07 1.753333306312561035e+01 1.250000000000000000e+02 9.400000000000000000e+01
1.660000000000000000e+02 4.000000000000000000e+00 0.000000000000000000e+00 5.521552989659094810e+07 5.470169651476301998e+07 6.406823073763812333e+07 6.403316979513603449e+07 2.170496869087219238e+01 1.470000000000000000e+02 1.160000000000000000e+02
1.670000000000000000e+02 4.000000000000000000e+00 0.000000000000000000e+00 5.128145814776457101e+07 5.057172086566176265e+07 6.393891364298313856e+07 6.397961068533456326e+07 1.922382020950317383e+01 1.290000000000000000e+02 9.800000000000000000e+01
1.680000000000000000e+02 4.000000000000000000e+00 0.000000000000000000e+00 5.309178922250756621e+07 5.225183739201509953e+07 6.245408901989655197e+07 6.233248721334218234e+07 2.847903943061828613e+01 1.840000000000000000e+02 1.530000000000000000e+02
1.690000000000000000e+02 4.000000000000000000e+00 0.000000000000000000e+00 5.278858441940317303e+07 5.250164288967539370e+07 6.563797407711262256e+07 6.557327629485320300e+07 2.568378448486328125e+01 1.680000000000000000e+02 1.370000000000000000e+02
1.700000000000000000e+02 4.000000000000000000e+00 0.000000000000000000e+00 5.814114722333897650e+07 5.769622302916528285e+07 6.581970818559908122e+07 6.583327530920069665e+07 2.371746802330017090e+01 1.530000000000000000e+02 1.220000000000000000e+02
1.710000000000000000e+02 4.000000000000000000e+00 0.000000000000000000e+00 5.349886405113755167e+07 5.297651495794390887e+07 6.524410334600510448e+07 6.524964512975674868e+07 1.714582798719406128e+03 9.607000000000000000e+03 9.576000000000000000e+03
1.720000000000000000e+02 4.000000000000000000e+00 0.000000000000000000e+00 5.625131825232195854e+07 5.580070088197685033e+07 6.646011439128941298e+07 6.634874770175326616e+07 1.987515258789062500e+01 1.360000000000000000e+02 1.050000000000000000e+02
1.730000000000000000e+02 4.000000000000000000e+00 0.000000000000000000e+00 5.787088753333449364e+07 5.735715971069263667e+07 6.632160465044224262e+07 6.628133992095656693e+07 2.660804176330566406e+01 1.690000000000000000e+02 1.380000000000000000e+02
1.740000000000000000e+02 4.000000000000000000e+00 0.000000000000000000e+00 5.141535560173855722e+07 5.081083114399740845e+07 6.391614148682893068e+07 6.366262403839427978e+07 3.691578507423400879e+01 2.310000000000000000e+02 2.000000000000000000e+02
1.750000000000000000e+02 4.000000000000000000e+00 0.000000000000000000e+00 5.267302800035072118e+07 5.194916945757626742e+07 6.602934379307324439e+07 6.614797609523089975e+07 3.024203276634216309e+01 1.910000000000000000e+02 1.600000000000000000e+02
1.760000000000000000e+02 4.000000000000000000e+00 0.000000000000000000e+00 5.626944099246514589e+07 5.598193353715389967e+07 6.531240914070698619e+07 6.520371987779317051e+07 4.039131617546081543e+01 2.550000000000000000e+02 2.240000000000000000e+02
1.770000000000000000e+02 4.000000000000000000e+00 0.000000000000000000e+00 5.372020845757369697e+07 5.302589135535437614e+07 6.498140476018565148e+07 6.490805287392158061e+07 1.916330909729003906e+01 1.320000000000000000e+02 1.010000000000000000e+02
1.780000000000000000e+02 4.000000000000000000e+00 0.000000000000000000e+00 5.692337550333241373e+07 5.648119843748992682e+07 6.556732280448255688e+07 6.553182853733403236e+07 3.275912618637084961e+01 2.070000000000000000e+02 1.760000000000000000e+02
1.790000000000000000e+02 4.000000000000000000e+00 0.000000000000000000e+00 5.306904381662377715e+07 5.234816144831308722e+07 6.395303579279765487e+07 6.394973146055863053e+07 1.387890696525573730e+01 1.000000000000000000e+02 6.900000000000000000e+01
1.800000000000000000e+02 4.000000000000000000e+00 0.000000000000000000e+00 5.399902909891941398e+07 5.347565988740251958e+07 6.487150067888698727e+07 6.490734012762023509e+07 2.205020785331726074e+01 1.480000000000000000e+02 1.170000000000000000e+02
1.810000000000000000e+02 4.000000000000000000e+00 0.000000000000000000e+00 5.626085991160114855e+07 5.561327024904035032e+07 6.509573743673431873e+07 6.513916899734165519e+07 2.492580628395080566e+01 1.660000000000000000e+02 1.350000000000000000e+02
1.820000000000000000e+02 4.000000000000000000e+00 0.000000000000000000e+00 5.519442391369353980e+07 5.475222265327598900e+07 6.430801462849965692e+07 6.428605558753044158e+07 1.746187663078308105e+01 1.220000000000000000e+02 9.100000000000000000e+01
1.830000000000000000e+02 4.000000000000000000e+00 0.000000000000000000e+00 5.020854786309023201e+07 4.948393946472250670e+07 6.679995854175254703e+07 6.692327383348477632e+07 4.269605064392089844e+01 2.620000000000000000e+02 2.310000000000000000e+02
1.840000000000000000e+02 4.000000000000000000e+00 0.000000000000000000e+00 5.847955117720693350e+07 5.813756256165881455e+07 6.631026109898204356e+07 6.638086610507673770e+07 1.859715247154235840e+01 1.250000000000000000e+02 9.400000000000000000e+01
1.850000000000000000e+02 4.000000000000000000e+00 0.000000000000000000e+00 5.475413148023845255e+07 5.411449956810931861e+07 6.345856804866636544e+07 6.332276163620956242e+07 1.328725624084472656e+01 9.800000000000000000e+01 6.700000000000000000e+01
1.860000000000000000e+02 4.000000000000000000e+00 0.000000000000000000e+00 5.566855701801892370e+07 5.503947830401501060e+07 6.456587941526713967e+07 6.441917128744477779e+07 1.132469153404235840e+01 8.600000000000000000e+01 5.500000000000000000e+01
1.870000000000000000e+02 4.000000000000000000e+00 0.000000000000000000e+00 5.070452771462017298e+07 5.004764769995754957e+07 6.469360400150748342e+07 6.472430616752868891e+07 1.868086791038513184e+01 1.260000000000000000e+02 9.500000000000000000e+01
1.880000000000000000e+02 4.000000000000000000e+00 0.000000000000000000e+00 5.387126658185694367e+07 5.320757614878173918e+07 6.475976508910091966e+07 6.471601759059951454e+07 1.357821369171142578e+01 1.000000000000000000e+02 6.900000000000000000e+01
1.890000000000000000e+02 4.000000000000000000e+00 0.000000000000000000e+00 5.537574809880820662e+07 5.495838490777533501e+07 6.590980256042227149e+07 6.580818283560466766e+07 1.514901804924011230e+01 1.100000000000000000e+02 7.900000000000000000e+01
1.900000000000000000e+02 4.000000000000000000e+00 0.000000000000000000e+00 5.155921677654955536e+07 5.063175940629386902e+07 6.516676251167874038e+07 6.508202825695947558e+07 2.539700267314910889e+02 1.470000000000000000e+03 1.439000000000000000e+03
1.910000000000000000e+02 4.000000000000000000e+00 0.000000000000000000e+00 5.437569444566362351e+07 5.365248764917846024e+07 6.399715752579648048e+07 6.399698189027996361e+07 1.625019121170043945e+01 1.150000000000000000e+02 8.400000000000000000e+01
1.920000000000000000e+02 4.000000000000000000e+00 0.000000000000000000e+00 5.408135596894273162e+07 5.365806990178578347e+07 6.574033594637618959e+07 6.575922614076322317e+07 2.786295366287231445e+01 1.780000000000000000e+02 1.470000000000000000e+02
1.930000000000000000e+02 4.000000000000000000e+00 0.000000000000000000e+00 5.355783868795512617e+07 5.291922086809004098e+07 6.432947757156386226e+07 6.435799966466134042e+07 4.382107043266296387e+01 2.580000000000000000e+02 2.270000000000000000e+02
1.940000000000000000e+02 4.000000000000000000e+00 0.000000000000000000e+00 5.257624188192446530e+07 5.194423147660614550e+07 6.439151242991218716e+07 6.426455315815149248e+07 1.629316485404968262e+03 9.629000000000000000e+03 9.598000000000000000e+03
1.950000000000000000e+02 4.000000000000000000e+00 0.000000000000000000e+00 4.985835339123754948e+07 4.927489618174263835e+07 6.553554048918399215e+07 6.558431955539079010e+07 4.319856643676757812e+01 2.680000000000000000e+02 2.370000000000000000e+02
1.960000000000000000e+02 4.000000000000000000e+00 0.000000000000000000e+00 5.752836433070450276e+07 5.703568657187362760e+07 6.509259826508716494e+07 6.517701447059683502e+07 1.538344573974609375e+01 1.130000000000000000e+02 8.200000000000000000e+01
1.970000000000000000e+02 4.000000000000000000e+00 0.000000000000000000e+00 5.298336813243587315e+07 5.271529130208103359e+07 6.578292041575536132e+07 6.578513562707698345e+07 3.772741985321044922e+01 2.220000000000000000e+02 1.910000000000000000e+02
1.980000000000000000e+02 4.000000000000000000e+00 0.000000000000000000e+00 5.387096709168756753e+07 5.311009004239033163e+07 6.332720526458116621e+07 6.318456099907251447e+07 1.615511679649353027e+01 1.150000000000000000e+02 8.400000000000000000e+01
1.990000000000000000e+02 4.000000000000000000e+00 0.000000000000000000e+00 5.563867845472541451e+07 5.496482899618846178e+07 6.682221644903296232e+07 6.683259996593239158e+07 1.579221701622009277e+01 1.160000000000000000e+02 8.500000000000000000e+01
