# # run number, ti calc, ti opt, aep init calc (kW), aep init opt (kW), aep run calc (kW), aep run opt (kW), run time (s), obj func calls, sens func calls
0.000000000000000000e+00 4.000000000000000000e+00 4.000000000000000000e+00 1.533390139744620919e+08 1.533390139744620919e+08 1.533390139744621217e+08 1.533390139744621217e+08 5.281246185302734375e+00 1.700000000000000000e+02 0.000000000000000000e+00
1.000000000000000000e+00 4.000000000000000000e+00 4.000000000000000000e+00 1.295619299413524866e+08 1.295619299413524866e+08 1.526889220995075405e+08 1.526889220995075405e+08 1.633483979701995850e+02 5.210000000000000000e+03 0.000000000000000000e+00
2.000000000000000000e+00 4.000000000000000000e+00 4.000000000000000000e+00 1.285076507444450259e+08 1.285076507444450259e+08 1.547463543186964095e+08 1.547463543186964095e+08 1.372436032295227051e+02 4.346000000000000000e+03 0.000000000000000000e+00
3.000000000000000000e+00 4.000000000000000000e+00 4.000000000000000000e+00 1.370795951011385620e+08 1.370795951011385620e+08 1.532901588251875937e+08 1.532901588251875937e+08 1.472849166393280029e+02 4.490000000000000000e+03 0.000000000000000000e+00
4.000000000000000000e+00 4.000000000000000000e+00 4.000000000000000000e+00 1.360097631636491120e+08 1.360097631636491120e+08 1.480472441833701134e+08 1.480472441833701134e+08 8.131007146835327148e+01 2.474000000000000000e+03 0.000000000000000000e+00
5.000000000000000000e+00 4.000000000000000000e+00 4.000000000000000000e+00 1.314642500784345865e+08 1.314642500784345865e+08 1.477258979767237902e+08 1.477258979767237902e+08 1.379376099109649658e+02 4.202000000000000000e+03 0.000000000000000000e+00
6.000000000000000000e+00 4.000000000000000000e+00 4.000000000000000000e+00 1.311704942747435272e+08 1.311704942747435272e+08 1.559082279516215920e+08 1.559082279516215920e+08 2.880389742851257324e+02 8.666000000000000000e+03 0.000000000000000000e+00
7.000000000000000000e+00 4.000000000000000000e+00 4.000000000000000000e+00 1.331455594190173298e+08 1.331455594190173298e+08 1.538924189028101265e+08 1.538924189028101265e+08 1.091457431316375732e+02 3.482000000000000000e+03 0.000000000000000000e+00
8.000000000000000000e+00 4.000000000000000000e+00 4.000000000000000000e+00 1.317808626282849312e+08 1.317808626282849312e+08 1.545074028235899508e+08 1.545074028235899508e+08 2.094198815822601318e+02 6.506000000000000000e+03 0.000000000000000000e+00
9.000000000000000000e+00 4.000000000000000000e+00 4.000000000000000000e+00 1.300735607836976945e+08 1.300735607836976945e+08 1.483601514450195730e+08 1.483601514450195730e+08 8.063953065872192383e+01 2.474000000000000000e+03 0.000000000000000000e+00
1.000000000000000000e+01 4.000000000000000000e+00 4.000000000000000000e+00 1.352004367268597186e+08 1.352004367268597186e+08 1.499204933425861597e+08 1.499204933425861597e+08 6.879438495635986328e+01 2.186000000000000000e+03 0.000000000000000000e+00
1.100000000000000000e+01 4.000000000000000000e+00 4.000000000000000000e+00 1.295632032412664741e+08 1.295632032412664741e+08 1.563271926548321545e+08 1.563271926548321545e+08 1.062851462364196777e+02 3.338000000000000000e+03 0.000000000000000000e+00
1.200000000000000000e+01 4.000000000000000000e+00 4.000000000000000000e+00 1.346700166141996384e+08 1.346700166141996384e+08 1.528938261271248758e+08 1.528938261271248758e+08 1.268944270610809326e+02 3.338000000000000000e+03 0.000000000000000000e+00
1.300000000000000000e+01 4.000000000000000000e+00 4.000000000000000000e+00 1.258637070024488866e+08 1.258637070024488866e+08 1.512270472433306575e+08 1.512270472433306575e+08 1.177703900337219238e+02 3.626000000000000000e+03 0.000000000000000000e+00
1.400000000000000000e+01 4.000000000000000000e+00 4.000000000000000000e+00 1.291629060135164857e+08 1.291629060135164857e+08 1.499111442939803898e+08 1.499111442939803898e+08 9.904717063903808594e+01 3.050000000000000000e+03 0.000000000000000000e+00
1.500000000000000000e+01 4.000000000000000000e+00 4.000000000000000000e+00 1.291151882804242820e+08 1.291151882804242820e+08 1.540014122529255152e+08 1.540014122529255152e+08 1.469239032268524170e+02 4.490000000000000000e+03 0.000000000000000000e+00
1.600000000000000000e+01 4.000000000000000000e+00 4.000000000000000000e+00 1.359521151598657370e+08 1.359521151598657370e+08 1.522052605625759959e+08 1.522052605625759959e+08 1.774934692382812500e+02 5.354000000000000000e+03 0.000000000000000000e+00
1.700000000000000000e+01 4.000000000000000000e+00 4.000000000000000000e+00 1.311791844401716292e+08 1.311791844401716292e+08 1.493656634265199900e+08 1.493656634265199900e+08 1.219005475044250488e+02 3.770000000000000000e+03 0.000000000000000000e+00
1.800000000000000000e+01 4.000000000000000000e+00 4.000000000000000000e+00 1.273687011075628251e+08 1.273687011075628251e+08 1.530760173736931682e+08 1.530760173736931682e+08 1.279692311286926270e+02 3.914000000000000000e+03 0.000000000000000000e+00
1.900000000000000000e+01 4.000000000000000000e+00 4.000000000000000000e+00 1.387477968614086807e+08 1.387477968614086807e+08 1.538626180437653363e+08 1.538626180437653363e+08 1.088920195102691650e+02 3.338000000000000000e+03 0.000000000000000000e+00
2.000000000000000000e+01 4.000000000000000000e+00 4.000000000000000000e+00 1.339450092914439738e+08 1.339450092914439738e+08 1.486153173960670829e+08 1.486153173960670829e+08 1.257282803058624268e+02 3.914000000000000000e+03 0.000000000000000000e+00
2.100000000000000000e+01 4.000000000000000000e+00 4.000000000000000000e+00 1.330622974566752762e+08 1.330622974566752762e+08 1.516147432256983519e+08 1.516147432256983519e+08 1.328388013839721680e+02 4.058000000000000000e+03 0.000000000000000000e+00
2.200000000000000000e+01 4.000000000000000000e+00 4.000000000000000000e+00 1.368964821305337548e+08 1.368964821305337548e+08 1.517425124009750187e+08 1.517425124009750187e+08 1.435524442195892334e+02 3.050000000000000000e+03 0.000000000000000000e+00
2.300000000000000000e+01 4.000000000000000000e+00 4.000000000000000000e+00 1.304405570395938158e+08 1.304405570395938158e+08 1.489895892760462463e+08 1.489895892760462463e+08 1.201530628204345703e+02 2.618000000000000000e+03 0.000000000000000000e+00
2.400000000000000000e+01 4.000000000000000000e+00 4.000000000000000000e+00 1.303188152729832232e+08 1.303188152729832232e+08 1.492271239500162303e+08 1.492271239500162303e+08 1.316548779010772705e+02 2.906000000000000000e+03 0.000000000000000000e+00
2.500000000000000000e+01 4.000000000000000000e+00 4.000000000000000000e+00 1.305697724197355211e+08 1.305697724197355211e+08 1.542992982252036333e+08 1.542992982252036333e+08 1.440594000816345215e+02 3.194000000000000000e+03 0.000000000000000000e+00
2.600000000000000000e+01 4.000000000000000000e+00 4.000000000000000000e+00 1.318120665511827022e+08 1.318120665511827022e+08 1.487953899015298784e+08 1.487953899015298784e+08 1.670169541835784912e+02 3.626000000000000000e+03 0.000000000000000000e+00
2.700000000000000000e+01 4.000000000000000000e+00 4.000000000000000000e+00 1.333580535498808920e+08 1.333580535498808920e+08 1.461926426679304540e+08 1.461926426679304540e+08 1.328590779304504395e+02 2.906000000000000000e+03 0.000000000000000000e+00
2.800000000000000000e+01 4.000000000000000000e+00 4.000000000000000000e+00 1.358991776494616270e+08 1.358991776494616270e+08 1.516653154591137469e+08 1.516653154591137469e+08 1.198570048809051514e+02 2.618000000000000000e+03 0.000000000000000000e+00
2.900000000000000000e+01 4.000000000000000000e+00 4.000000000000000000e+00 1.373561241274532080e+08 1.373561241274532080e+08 1.530644185048010349e+08 1.530644185048010349e+08 1.876031446456909180e+02 4.058000000000000000e+03 0.000000000000000000e+00
3.000000000000000000e+01 4.000000000000000000e+00 4.000000000000000000e+00 1.348616969452922642e+08 1.348616969452922642e+08 1.520593995167542994e+08 1.520593995167542994e+08 1.271448221206665039e+02 2.762000000000000000e+03 0.000000000000000000e+00
3.100000000000000000e+01 4.000000000000000000e+00 4.000000000000000000e+00 1.295466536011721790e+08 1.295466536011721790e+08 1.504892266153914928e+08 1.504892266153914928e+08 1.661121046543121338e+02 3.626000000000000000e+03 0.000000000000000000e+00
3.200000000000000000e+01 4.000000000000000000e+00 4.000000000000000000e+00 1.324579887815756500e+08 1.324579887815756500e+08 1.520806274369783401e+08 1.520806274369783401e+08 1.661973531246185303e+02 3.626000000000000000e+03 0.000000000000000000e+00
3.300000000000000000e+01 4.000000000000000000e+00 4.000000000000000000e+00 1.309999882329913080e+08 1.309999882329913080e+08 1.495451187240629494e+08 1.495451187240629494e+08 1.529711658954620361e+02 3.338000000000000000e+03 0.000000000000000000e+00
3.400000000000000000e+01 4.000000000000000000e+00 4.000000000000000000e+00 1.307502185336024016e+08 1.307502185336024016e+08 1.479886162034793794e+08 1.479886162034793794e+08 1.484925796985626221e+02 3.194000000000000000e+03 0.000000000000000000e+00
3.500000000000000000e+01 4.000000000000000000e+00 4.000000000000000000e+00 1.279050686861706227e+08 1.279050686861706227e+08 1.536482247854281366e+08 1.536482247854281366e+08 1.501707057952880859e+02 3.194000000000000000e+03 0.000000000000000000e+00
3.600000000000000000e+01 4.000000000000000000e+00 4.000000000000000000e+00 1.345306585947497189e+08 1.345306585947497189e+08 1.508077783056240082e+08 1.508077783056240082e+08 1.781484415531158447e+02 3.770000000000000000e+03 0.000000000000000000e+00
3.700000000000000000e+01 4.000000000000000000e+00 4.000000000000000000e+00 1.400571842597610652e+08 1.400571842597610652e+08 1.523736443773565292e+08 1.523736443773565292e+08 1.462419843673706055e+02 3.194000000000000000e+03 0.000000000000000000e+00
3.800000000000000000e+01 4.000000000000000000e+00 4.000000000000000000e+00 1.306746989684545994e+08 1.306746989684545994e+08 1.544540547710813284e+08 1.544540547710813284e+08 1.798135120868682861e+02 3.914000000000000000e+03 0.000000000000000000e+00
3.900000000000000000e+01 4.000000000000000000e+00 4.000000000000000000e+00 1.339265670666113496e+08 1.339265670666113496e+08 1.521503571727292240e+08 1.521503571727292240e+08 1.492587523460388184e+02 3.194000000000000000e+03 0.000000000000000000e+00
4.000000000000000000e+01 4.000000000000000000e+00 4.000000000000000000e+00 1.347393267378887832e+08 1.347393267378887832e+08 1.538307761170984805e+08 1.538307761170984805e+08 1.778477997779846191e+02 3.770000000000000000e+03 0.000000000000000000e+00
4.100000000000000000e+01 4.000000000000000000e+00 4.000000000000000000e+00 1.347259026652666032e+08 1.347259026652666032e+08 1.544671208352962732e+08 1.544671208352962732e+08 2.462750444412231445e+02 5.642000000000000000e+03 0.000000000000000000e+00
4.200000000000000000e+01 4.000000000000000000e+00 4.000000000000000000e+00 1.366204699115237296e+08 1.366204699115237296e+08 1.516612649066148996e+08 1.516612649066148996e+08 1.458954427242279053e+02 3.338000000000000000e+03 0.000000000000000000e+00
4.300000000000000000e+01 4.000000000000000000e+00 4.000000000000000000e+00 1.296238951237811744e+08 1.296238951237811744e+08 1.545321246516246796e+08 1.545321246516246796e+08 1.493808147907257080e+02 3.338000000000000000e+03 0.000000000000000000e+00
4.400000000000000000e+01 4.000000000000000000e+00 4.000000000000000000e+00 1.349241215149185061e+08 1.349241215149185061e+08 1.509155329528787136e+08 1.509155329528787136e+08 1.951334404945373535e+02 4.490000000000000000e+03 0.000000000000000000e+00
4.500000000000000000e+01 4.000000000000000000e+00 4.000000000000000000e+00 1.352124852722090781e+08 1.352124852722090781e+08 1.524436038987276554e+08 1.524436038987276554e+08 1.160281515121459961e+02 2.618000000000000000e+03 0.000000000000000000e+00
4.600000000000000000e+01 4.000000000000000000e+00 4.000000000000000000e+00 1.326454032877826244e+08 1.326454032877826244e+08 1.525228876603654921e+08 1.525228876603654921e+08 1.680574519634246826e+02 3.770000000000000000e+03 0.000000000000000000e+00
4.700000000000000000e+01 4.000000000000000000e+00 4.000000000000000000e+00 1.318119624142631143e+08 1.318119624142631143e+08 1.496561599703090489e+08 1.496561599703090489e+08 1.538320684432983398e+02 3.338000000000000000e+03 0.000000000000000000e+00
4.800000000000000000e+01 4.000000000000000000e+00 4.000000000000000000e+00 1.322391893253500164e+08 1.322391893253500164e+08 1.504824159866608381e+08 1.504824159866608381e+08 1.310191667079925537e+02 3.050000000000000000e+03 0.000000000000000000e+00
4.900000000000000000e+01 4.000000000000000000e+00 4.000000000000000000e+00 1.343116764892688096e+08 1.343116764892688096e+08 1.524710369482674897e+08 1.524710369482674897e+08 1.211981267929077148e+02 2.762000000000000000e+03 0.000000000000000000e+00
5.000000000000000000e+01 4.000000000000000000e+00 4.000000000000000000e+00 1.320857980769679099e+08 1.320857980769679099e+08 1.522683514837831259e+08 1.522683514837831259e+08 1.426608417034149170e+02 3.194000000000000000e+03 0.000000000000000000e+00
5.100000000000000000e+01 4.000000000000000000e+00 4.000000000000000000e+00 1.349056836508889496e+08 1.349056836508889496e+08 1.530720444899579585e+08 1.530720444899579585e+08 1.658917217254638672e+02 3.770000000000000000e+03 0.000000000000000000e+00
5.200000000000000000e+01 4.000000000000000000e+00 4.000000000000000000e+00 1.329383190674436837e+08 1.329383190674436837e+08 1.497973888178607821e+08 1.497973888178607821e+08 1.411351947784423828e+02 3.194000000000000000e+03 0.000000000000000000e+00
5.300000000000000000e+01 4.000000000000000000e+00 4.000000000000000000e+00 1.303731735460772663e+08 1.303731735460772663e+08 1.490998390669457912e+08 1.490998390669457912e+08 1.392618770599365234e+02 3.050000000000000000e+03 0.000000000000000000e+00
5.400000000000000000e+01 4.000000000000000000e+00 4.000000000000000000e+00 1.328358677061952204e+08 1.328358677061952204e+08 1.491407996324115396e+08 1.491407996324115396e+08 1.261624186038970947e+02 2.762000000000000000e+03 0.000000000000000000e+00
5.500000000000000000e+01 4.000000000000000000e+00 4.000000000000000000e+00 1.357479575146516562e+08 1.357479575146516562e+08 1.530144357945297360e+08 1.530144357945297360e+08 1.128421719074249268e+02 2.474000000000000000e+03 0.000000000000000000e+00
5.600000000000000000e+01 4.000000000000000000e+00 4.000000000000000000e+00 1.341892256951734871e+08 1.341892256951734871e+08 1.508475730524514914e+08 1.508475730524514914e+08 1.018464944362640381e+02 2.186000000000000000e+03 0.000000000000000000e+00
5.700000000000000000e+01 4.000000000000000000e+00 4.000000000000000000e+00 1.372481865080830455e+08 1.372481865080830455e+08 1.495865256005268991e+08 1.495865256005268991e+08 1.956371698379516602e+02 4.346000000000000000e+03 0.000000000000000000e+00
5.800000000000000000e+01 4.000000000000000000e+00 4.000000000000000000e+00 1.337561347650076598e+08 1.337561347650076598e+08 1.493947815092004836e+08 1.493947815092004836e+08 1.270461232662200928e+02 2.762000000000000000e+03 0.000000000000000000e+00
5.900000000000000000e+01 4.000000000000000000e+00 4.000000000000000000e+00 1.320589562567523271e+08 1.320589562567523271e+08 1.513218463800746202e+08 1.513218463800746202e+08 1.861869020462036133e+02 4.058000000000000000e+03 0.000000000000000000e+00
6.000000000000000000e+01 4.000000000000000000e+00 4.000000000000000000e+00 1.334265982104865015e+08 1.334265982104865015e+08 1.474062233948068023e+08 1.474062233948068023e+08 9.077637672424316406e+01 2.042000000000000000e+03 0.000000000000000000e+00
6.100000000000000000e+01 4.000000000000000000e+00 4.000000000000000000e+00 1.376707775355710387e+08 1.376707775355710387e+08 1.487605772443281114e+08 1.487605772443281114e+08 1.786028311252593994e+02 3.914000000000000000e+03 0.000000000000000000e+00
6.200000000000000000e+01 4.000000000000000000e+00 4.000000000000000000e+00 1.385537248899561167e+08 1.385537248899561167e+08 1.515491053790600896e+08 1.515491053790600896e+08 1.531225745677947998e+02 3.338000000000000000e+03 0.000000000000000000e+00
6.300000000000000000e+01 4.000000000000000000e+00 4.000000000000000000e+00 1.328717204532525390e+08 1.328717204532525390e+08 1.512121073558546901e+08 1.512121073558546901e+08 1.552029101848602295e+02 3.482000000000000000e+03 0.000000000000000000e+00
6.400000000000000000e+01 4.000000000000000000e+00 4.000000000000000000e+00 1.264519693887743354e+08 1.264519693887743354e+08 1.532093154561311603e+08 1.532093154561311603e+08 2.057080307006835938e+02 4.490000000000000000e+03 0.000000000000000000e+00
6.500000000000000000e+01 4.000000000000000000e+00 4.000000000000000000e+00 1.295279465090803653e+08 1.295279465090803653e+08 1.501819317989517450e+08 1.501819317989517450e+08 1.676850957870483398e+02 3.626000000000000000e+03 0.000000000000000000e+00
6.600000000000000000e+01 4.000000000000000000e+00 4.000000000000000000e+00 1.386987713685267568e+08 1.386987713685267568e+08 1.544683955870780945e+08 1.544683955870780945e+08 1.165234897136688232e+02 2.474000000000000000e+03 0.000000000000000000e+00
6.700000000000000000e+01 4.000000000000000000e+00 4.000000000000000000e+00 1.348196124658019543e+08 1.348196124658019543e+08 1.517516047680910230e+08 1.517516047680910230e+08 1.768324720859527588e+02 3.914000000000000000e+03 0.000000000000000000e+00
6.800000000000000000e+01 4.000000000000000000e+00 4.000000000000000000e+00 1.341840323999063522e+08 1.341840323999063522e+08 1.511359145348854363e+08 1.511359145348854363e+08 1.172038280963897705e+02 2.618000000000000000e+03 0.000000000000000000e+00
6.900000000000000000e+01 4.000000000000000000e+00 4.000000000000000000e+00 1.314810741205542386e+08 1.314810741205542386e+08 1.514611057921455801e+08 1.514611057921455801e+08 1.420805881023406982e+02 3.050000000000000000e+03 0.000000000000000000e+00
7.000000000000000000e+01 4.000000000000000000e+00 4.000000000000000000e+00 1.307472314934651107e+08 1.307472314934651107e+08 1.541278815231619179e+08 1.541278815231619179e+08 1.820891950130462646e+02 3.914000000000000000e+03 0.000000000000000000e+00
7.100000000000000000e+01 4.000000000000000000e+00 4.000000000000000000e+00 1.271785389037184864e+08 1.271785389037184864e+08 1.475703438199489415e+08 1.475703438199489415e+08 1.542334587574005127e+02 3.338000000000000000e+03 0.000000000000000000e+00
7.200000000000000000e+01 4.000000000000000000e+00 4.000000000000000000e+00 1.353409121736965775e+08 1.353409121736965775e+08 1.531396157508158386e+08 1.531396157508158386e+08 1.275487563610076904e+02 2.906000000000000000e+03 0.000000000000000000e+00
7.300000000000000000e+01 4.000000000000000000e+00 4.000000000000000000e+00 1.337684194169633090e+08 1.337684194169633090e+08 1.502562600067360401e+08 1.502562600067360401e+08 1.634889528751373291e+02 3.626000000000000000e+03 0.000000000000000000e+00
7.400000000000000000e+01 4.000000000000000000e+00 4.000000000000000000e+00 1.373385797116086185e+08 1.373385797116086185e+08 1.530802611742490232e+08 1.530802611742490232e+08 3.357621247768402100e+02 7.514000000000000000e+03 0.000000000000000000e+00
7.500000000000000000e+01 4.000000000000000000e+00 4.000000000000000000e+00 1.360574994160883725e+08 1.360574994160883725e+08 1.469829730283758342e+08 1.469829730283758342e+08 1.474096729755401611e+02 3.338000000000000000e+03 0.000000000000000000e+00
7.600000000000000000e+01 4.000000000000000000e+00 4.000000000000000000e+00 1.321788306546946019e+08 1.321788306546946019e+08 1.505971402829536796e+08 1.505971402829536796e+08 1.666066191196441650e+02 3.626000000000000000e+03 0.000000000000000000e+00
7.700000000000000000e+01 4.000000000000000000e+00 4.000000000000000000e+00 1.360007501242707372e+08 1.360007501242707372e+08 1.485211399539782107e+08 1.485211399539782107e+08 1.050064201354980469e+02 2.330000000000000000e+03 0.000000000000000000e+00
7.800000000000000000e+01 4.000000000000000000e+00 4.000000000000000000e+00 1.350827815215594172e+08 1.350827815215594172e+08 1.530846743711167872e+08 1.530846743711167872e+08 3.169207525253295898e+02 7.226000000000000000e+03 0.000000000000000000e+00
7.900000000000000000e+01 4.000000000000000000e+00 4.000000000000000000e+00 1.331480252059898973e+08 1.331480252059898973e+08 1.528893693613594472e+08 1.528893693613594472e+08 1.759164228439331055e+02 4.058000000000000000e+03 0.000000000000000000e+00
8.000000000000000000e+01 4.000000000000000000e+00 4.000000000000000000e+00 1.260279221843246371e+08 1.260279221843246371e+08 1.533975448195230365e+08 1.533975448195230365e+08 2.081677894592285156e+02 4.490000000000000000e+03 0.000000000000000000e+00
8.100000000000000000e+01 4.000000000000000000e+00 4.000000000000000000e+00 1.389317411155026257e+08 1.389317411155026257e+08 1.521204973616614640e+08 1.521204973616614640e+08 1.330262215137481689e+02 2.906000000000000000e+03 0.000000000000000000e+00
8.200000000000000000e+01 4.000000000000000000e+00 4.000000000000000000e+00 1.366643819625511169e+08 1.366643819625511169e+08 1.526303335118147433e+08 1.526303335118147433e+08 1.842738394737243652e+02 4.058000000000000000e+03 0.000000000000000000e+00
8.300000000000000000e+01 4.000000000000000000e+00 4.000000000000000000e+00 1.354827744265988767e+08 1.354827744265988767e+08 1.538721375040691793e+08 1.538721375040691793e+08 1.877289915084838867e+02 4.058000000000000000e+03 0.000000000000000000e+00
8.400000000000000000e+01 4.000000000000000000e+00 4.000000000000000000e+00 1.363780303821896315e+08 1.363780303821896315e+08 1.516676421016479433e+08 1.516676421016479433e+08 1.895167417526245117e+02 4.058000000000000000e+03 0.000000000000000000e+00
8.500000000000000000e+01 4.000000000000000000e+00 4.000000000000000000e+00 1.324030754085644335e+08 1.324030754085644335e+08 1.497942824097511470e+08 1.497942824097511470e+08 1.128573369979858398e+02 2.474000000000000000e+03 0.000000000000000000e+00
8.600000000000000000e+01 4.000000000000000000e+00 4.000000000000000000e+00 1.275251189217265695e+08 1.275251189217265695e+08 1.507405827416234016e+08 1.507405827416234016e+08 1.374745869636535645e+02 3.050000000000000000e+03 0.000000000000000000e+00
8.700000000000000000e+01 4.000000000000000000e+00 4.000000000000000000e+00 1.367734071200947165e+08 1.367734071200947165e+08 1.473484061693356037e+08 1.473484061693356037e+08 1.389688198566436768e+02 3.194000000000000000e+03 0.000000000000000000e+00
8.800000000000000000e+01 4.000000000000000000e+00 4.000000000000000000e+00 1.334265963467357159e+08 1.334265963467357159e+08 1.525018215984472930e+08 1.525018215984472930e+08 1.135974555015563965e+02 2.474000000000000000e+03 0.000000000000000000e+00
8.900000000000000000e+01 4.000000000000000000e+00 4.000000000000000000e+00 1.331525450823083669e+08 1.331525450823083669e+08 1.502443039617027640e+08 1.502443039617027640e+08 2.335954203605651855e+02 4.922000000000000000e+03 0.000000000000000000e+00
9.000000000000000000e+01 4.000000000000000000e+00 4.000000000000000000e+00 1.343683348099146485e+08 1.343683348099146485e+08 1.479364751750582755e+08 1.479364751750582755e+08 1.459989664554595947e+02 3.194000000000000000e+03 0.000000000000000000e+00
9.100000000000000000e+01 4.000000000000000000e+00 4.000000000000000000e+00 1.364333697783539295e+08 1.364333697783539295e+08 1.522568974839726686e+08 1.522568974839726686e+08 2.019070682525634766e+02 4.490000000000000000e+03 0.000000000000000000e+00
9.200000000000000000e+01 4.000000000000000000e+00 4.000000000000000000e+00 1.329565497798619568e+08 1.329565497798619568e+08 1.512368164435030222e+08 1.512368164435030222e+08 1.702891111373901367e+02 3.770000000000000000e+03 0.000000000000000000e+00
9.300000000000000000e+01 4.000000000000000000e+00 4.000000000000000000e+00 1.367394850303303301e+08 1.367394850303303301e+08 1.545045495030578673e+08 1.545045495030578673e+08 3.649975252151489258e+02 7.802000000000000000e+03 0.000000000000000000e+00
9.400000000000000000e+01 4.000000000000000000e+00 4.000000000000000000e+00 1.326719694031057060e+08 1.326719694031057060e+08 1.541096054881385565e+08 1.541096054881385565e+08 1.781508309841156006e+02 3.770000000000000000e+03 0.000000000000000000e+00
9.500000000000000000e+01 4.000000000000000000e+00 4.000000000000000000e+00 1.330825264867765754e+08 1.330825264867765754e+08 1.479408191724245250e+08 1.479408191724245250e+08 1.121916563510894775e+02 2.474000000000000000e+03 0.000000000000000000e+00
9.600000000000000000e+01 4.000000000000000000e+00 4.000000000000000000e+00 1.379720127607906163e+08 1.379720127607906163e+08 1.547471316924167275e+08 1.547471316924167275e+08 1.867815306186676025e+02 4.058000000000000000e+03 0.000000000000000000e+00
9.700000000000000000e+01 4.000000000000000000e+00 4.000000000000000000e+00 1.337653779570225179e+08 1.337653779570225179e+08 1.505260291498953998e+08 1.505260291498953998e+08 1.436908237934112549e+02 3.194000000000000000e+03 0.000000000000000000e+00
9.800000000000000000e+01 4.000000000000000000e+00 4.000000000000000000e+00 1.323278085939794481e+08 1.323278085939794481e+08 1.499355976134742498e+08 1.499355976134742498e+08 1.599190886020660400e+02 3.482000000000000000e+03 0.000000000000000000e+00
9.900000000000000000e+01 4.000000000000000000e+00 4.000000000000000000e+00 1.367954413368946016e+08 1.367954413368946016e+08 1.499770813011336923e+08 1.499770813011336923e+08 1.146145925521850586e+02 2.474000000000000000e+03 0.000000000000000000e+00
1.000000000000000000e+02 4.000000000000000000e+00 4.000000000000000000e+00 1.364331891794251204e+08 1.364331891794251204e+08 1.504274999529846013e+08 1.504274999529846013e+08 1.565956673622131348e+02 3.482000000000000000e+03 0.000000000000000000e+00
1.010000000000000000e+02 4.000000000000000000e+00 4.000000000000000000e+00 1.348164408360273540e+08 1.348164408360273540e+08 1.543371889336831272e+08 1.543371889336831272e+08 1.757742924690246582e+02 3.914000000000000000e+03 0.000000000000000000e+00
1.020000000000000000e+02 4.000000000000000000e+00 4.000000000000000000e+00 1.339962749838096499e+08 1.339962749838096499e+08 1.496816085824810266e+08 1.496816085824810266e+08 1.484441432952880859e+02 3.194000000000000000e+03 0.000000000000000000e+00
1.030000000000000000e+02 4.000000000000000000e+00 4.000000000000000000e+00 1.282738044079990834e+08 1.282738044079990834e+08 1.520359973412685990e+08 1.520359973412685990e+08 1.642488787174224854e+02 3.626000000000000000e+03 0.000000000000000000e+00
1.040000000000000000e+02 4.000000000000000000e+00 4.000000000000000000e+00 1.386108539299563468e+08 1.386108539299563468e+08 1.511248866509422958e+08 1.511248866509422958e+08 1.263110058307647705e+02 2.906000000000000000e+03 0.000000000000000000e+00
1.050000000000000000e+02 4.000000000000000000e+00 4.000000000000000000e+00 1.372077872715809643e+08 1.372077872715809643e+08 1.510726859429198802e+08 1.510726859429198802e+08 9.582818627357482910e+01 2.186000000000000000e+03 0.000000000000000000e+00
1.060000000000000000e+02 4.000000000000000000e+00 4.000000000000000000e+00 1.268854580822440684e+08 1.268854580822440684e+08 1.500102843876639903e+08 1.500102843876639903e+08 1.360608196258544922e+02 2.906000000000000000e+03 0.000000000000000000e+00
1.070000000000000000e+02 4.000000000000000000e+00 4.000000000000000000e+00 1.350796261022531986e+08 1.350796261022531986e+08 1.525864193388691545e+08 1.525864193388691545e+08 2.168762238025665283e+02 4.778000000000000000e+03 0.000000000000000000e+00
1.080000000000000000e+02 4.000000000000000000e+00 4.000000000000000000e+00 1.352885808211193085e+08 1.352885808211193085e+08 1.542621681047187150e+08 1.542621681047187150e+08 1.454271328449249268e+02 3.194000000000000000e+03 0.000000000000000000e+00
1.090000000000000000e+02 4.000000000000000000e+00 4.000000000000000000e+00 1.269378984595021158e+08 1.269378984595021158e+08 1.514191186842196882e+08 1.514191186842196882e+08 2.173788104057312012e+02 4.634000000000000000e+03 0.000000000000000000e+00
1.100000000000000000e+02 4.000000000000000000e+00 4.000000000000000000e+00 1.305111787627122104e+08 1.305111787627122104e+08 1.502281452953705788e+08 1.502281452953705788e+08 1.450930948257446289e+02 3.194000000000000000e+03 0.000000000000000000e+00
1.110000000000000000e+02 4.000000000000000000e+00 4.000000000000000000e+00 1.259330020143000931e+08 1.259330020143000931e+08 1.487952075808335841e+08 1.487952075808335841e+08 1.295094184875488281e+02 2.906000000000000000e+03 0.000000000000000000e+00
1.120000000000000000e+02 4.000000000000000000e+00 4.000000000000000000e+00 1.323506466513163447e+08 1.323506466513163447e+08 1.527458398128157556e+08 1.527458398128157556e+08 1.745541594028472900e+02 4.058000000000000000e+03 0.000000000000000000e+00
1.130000000000000000e+02 4.000000000000000000e+00 4.000000000000000000e+00 1.321104039936306030e+08 1.321104039936306030e+08 1.480188721689560115e+08 1.480188721689560115e+08 1.477705283164978027e+02 3.338000000000000000e+03 0.000000000000000000e+00
1.140000000000000000e+02 4.000000000000000000e+00 4.000000000000000000e+00 1.395763372246738374e+08 1.395763372246738374e+08 1.578099706944194734e+08 1.578099706944194734e+08 3.427815375328063965e+02 7.658000000000000000e+03 0.000000000000000000e+00
1.150000000000000000e+02 4.000000000000000000e+00 4.000000000000000000e+00 1.315018047249899805e+08 1.315018047249899805e+08 1.497464530309515297e+08 1.497464530309515297e+08 2.224283490180969238e+02 4.922000000000000000e+03 0.000000000000000000e+00
1.160000000000000000e+02 4.000000000000000000e+00 4.000000000000000000e+00 1.377644111192907989e+08 1.377644111192907989e+08 1.524675157194159627e+08 1.524675157194159627e+08 1.653597722053527832e+02 3.626000000000000000e+03 0.000000000000000000e+00
1.170000000000000000e+02 4.000000000000000000e+00 4.000000000000000000e+00 1.310141917867961079e+08 1.310141917867961079e+08 1.519365974928901792e+08 1.519365974928901792e+08 1.626768598556518555e+02 3.626000000000000000e+03 0.000000000000000000e+00
1.180000000000000000e+02 4.000000000000000000e+00 4.000000000000000000e+00 1.331529434451057166e+08 1.331529434451057166e+08 1.501494623751580715e+08 1.501494623751580715e+08 1.653279471397399902e+02 3.626000000000000000e+03 0.000000000000000000e+00
1.190000000000000000e+02 4.000000000000000000e+00 4.000000000000000000e+00 1.322427284923307300e+08 1.322427284923307300e+08 1.491324972319000661e+08 1.491324972319000661e+08 1.216188981533050537e+02 2.762000000000000000e+03 0.000000000000000000e+00
1.200000000000000000e+02 4.000000000000000000e+00 4.000000000000000000e+00 1.354695729377106428e+08 1.354695729377106428e+08 1.526331860729795992e+08 1.526331860729795992e+08 3.262547178268432617e+02 5.066000000000000000e+03 0.000000000000000000e+00
1.210000000000000000e+02 4.000000000000000000e+00 4.000000000000000000e+00 1.389098024065226316e+08 1.389098024065226316e+08 1.528708329523701668e+08 1.528708329523701668e+08 1.509957976341247559e+02 3.338000000000000000e+03 0.000000000000000000e+00
1.220000000000000000e+02 4.000000000000000000e+00 4.000000000000000000e+00 1.326625710011562407e+08 1.326625710011562407e+08 1.519358446440179050e+08 1.519358446440179050e+08 1.073998384475708008e+02 2.330000000000000000e+03 0.000000000000000000e+00
1.230000000000000000e+02 4.000000000000000000e+00 4.000000000000000000e+00 1.350065032596589625e+08 1.350065032596589625e+08 1.470006015669107735e+08 1.470006015669107735e+08 1.186300146579742432e+02 2.618000000000000000e+03 0.000000000000000000e+00
1.240000000000000000e+02 4.000000000000000000e+00 4.000000000000000000e+00 1.278090170245954692e+08 1.278090170245954692e+08 1.509214889357387722e+08 1.509214889357387722e+08 1.471165273189544678e+02 3.338000000000000000e+03 0.000000000000000000e+00
1.250000000000000000e+02 4.000000000000000000e+00 4.000000000000000000e+00 1.348402867038979828e+08 1.348402867038979828e+08 1.522246249789245725e+08 1.522246249789245725e+08 1.751355938911437988e+02 4.058000000000000000e+03 0.000000000000000000e+00
1.260000000000000000e+02 4.000000000000000000e+00 4.000000000000000000e+00 1.332230320705039501e+08 1.332230320705039501e+08 1.541166506255092025e+08 1.541166506255092025e+08 1.903000545501708984e+02 4.202000000000000000e+03 0.000000000000000000e+00
1.270000000000000000e+02 4.000000000000000000e+00 4.000000000000000000e+00 1.332698609548356235e+08 1.332698609548356235e+08 1.553221994828053415e+08 1.553221994828053415e+08 2.094848093986511230e+02 4.634000000000000000e+03 0.000000000000000000e+00
1.280000000000000000e+02 4.000000000000000000e+00 4.000000000000000000e+00 1.323092500774390548e+08 1.323092500774390548e+08 1.514434221506377757e+08 1.514434221506377757e+08 1.729485602378845215e+02 3.770000000000000000e+03 0.000000000000000000e+00
1.290000000000000000e+02 4.000000000000000000e+00 4.000000000000000000e+00 1.339224734454903305e+08 1.339224734454903305e+08 1.528219271636640429e+08 1.528219271636640429e+08 1.659815244674682617e+02 3.626000000000000000e+03 0.000000000000000000e+00
1.300000000000000000e+02 4.000000000000000000e+00 4.000000000000000000e+00 1.303170074600643367e+08 1.303170074600643367e+08 1.519155305745255947e+08 1.519155305745255947e+08 1.520961725711822510e+02 3.338000000000000000e+03 0.000000000000000000e+00
1.310000000000000000e+02 4.000000000000000000e+00 4.000000000000000000e+00 1.301105278370649517e+08 1.301105278370649517e+08 1.536666914647194147e+08 1.536666914647194147e+08 2.025973131656646729e+02 4.490000000000000000e+03 0.000000000000000000e+00
1.320000000000000000e+02 4.000000000000000000e+00 4.000000000000000000e+00 1.313878795683342665e+08 1.313878795683342665e+08 1.515142373915485740e+08 1.515142373915485740e+08 1.352419898509979248e+02 3.050000000000000000e+03 0.000000000000000000e+00
1.330000000000000000e+02 4.000000000000000000e+00 4.000000000000000000e+00 1.318937808994181305e+08 1.318937808994181305e+08 1.519616858871060908e+08 1.519616858871060908e+08 1.869730124473571777e+02 4.202000000000000000e+03 0.000000000000000000e+00
1.340000000000000000e+02 4.000000000000000000e+00 4.000000000000000000e+00 1.301521630552963018e+08 1.301521630552963018e+08 1.493417052473562658e+08 1.493417052473562658e+08 1.244491045475006104e+02 2.762000000000000000e+03 0.000000000000000000e+00
1.350000000000000000e+02 4.000000000000000000e+00 4.000000000000000000e+00 1.390471799519575238e+08 1.390471799519575238e+08 1.542313361607964933e+08 1.542313361607964933e+08 2.002727341651916504e+02 4.490000000000000000e+03 0.000000000000000000e+00
1.360000000000000000e+02 4.000000000000000000e+00 4.000000000000000000e+00 1.354210975301354527e+08 1.354210975301354527e+08 1.521389641539883316e+08 1.521389641539883316e+08 1.897298038005828857e+02 4.202000000000000000e+03 0.000000000000000000e+00
1.370000000000000000e+02 4.000000000000000000e+00 4.000000000000000000e+00 1.385888269697278142e+08 1.385888269697278142e+08 1.517756823102223873e+08 1.517756823102223873e+08 1.903382518291473389e+02 4.202000000000000000e+03 0.000000000000000000e+00
1.380000000000000000e+02 4.000000000000000000e+00 4.000000000000000000e+00 1.373892899473571777e+08 1.373892899473571777e+08 1.502726307503903210e+08 1.502726307503903210e+08 1.173837430477142334e+02 2.618000000000000000e+03 0.000000000000000000e+00
1.390000000000000000e+02 4.000000000000000000e+00 4.000000000000000000e+00 1.353750007987733483e+08 1.353750007987733483e+08 1.511488814006476998e+08 1.511488814006476998e+08 1.506691226959228516e+02 3.338000000000000000e+03 0.000000000000000000e+00
1.400000000000000000e+02 4.000000000000000000e+00 4.000000000000000000e+00 1.270407122563885450e+08 1.270407122563885450e+08 1.493757524714886844e+08 1.493757524714886844e+08 1.777783901691436768e+02 3.914000000000000000e+03 0.000000000000000000e+00
1.410000000000000000e+02 4.000000000000000000e+00 4.000000000000000000e+00 1.355290570257217586e+08 1.355290570257217586e+08 1.494020030005537271e+08 1.494020030005537271e+08 1.661625382900238037e+02 3.626000000000000000e+03 0.000000000000000000e+00
1.420000000000000000e+02 4.000000000000000000e+00 4.000000000000000000e+00 1.299658987845369428e+08 1.299658987845369428e+08 1.478629062000294924e+08 1.478629062000294924e+08 1.302381439208984375e+02 2.906000000000000000e+03 0.000000000000000000e+00
1.430000000000000000e+02 4.000000000000000000e+00 4.000000000000000000e+00 1.329818647362211794e+08 1.329818647362211794e+08 1.520818771052027643e+08 1.520818771052027643e+08 1.470874977111816406e+02 3.338000000000000000e+03 0.000000000000000000e+00
1.440000000000000000e+02 4.000000000000000000e+00 4.000000000000000000e+00 1.354880133548166454e+08 1.354880133548166454e+08 1.518278988830683529e+08 1.518278988830683529e+08 2.051978547573089600e+02 4.490000000000000000e+03 0.000000000000000000e+00
1.450000000000000000e+02 4.000000000000000000e+00 4.000000000000000000e+00 1.311350881466673613e+08 1.311350881466673613e+08 1.513419926540986896e+08 1.513419926540986896e+08 1.260180182456970215e+02 2.762000000000000000e+03 0.000000000000000000e+00
1.460000000000000000e+02 4.000000000000000000e+00 4.000000000000000000e+00 1.385931020604154468e+08 1.385931020604154468e+08 1.513807801866411567e+08 1.513807801866411567e+08 1.259459309577941895e+02 2.762000000000000000e+03 0.000000000000000000e+00
1.470000000000000000e+02 4.000000000000000000e+00 4.000000000000000000e+00 1.354838215397365093e+08 1.354838215397365093e+08 1.495407275972419381e+08 1.495407275972419381e+08 1.893290066719055176e+02 4.202000000000000000e+03 0.000000000000000000e+00
1.480000000000000000e+02 4.000000000000000000e+00 4.000000000000000000e+00 1.309046391100168079e+08 1.309046391100168079e+08 1.524073684857628345e+08 1.524073684857628345e+08 1.737083656787872314e+02 3.770000000000000000e+03 0.000000000000000000e+00
1.490000000000000000e+02 4.000000000000000000e+00 4.000000000000000000e+00 1.361283005798567832e+08 1.361283005798567832e+08 1.507705544056554139e+08 1.507705544056554139e+08 1.387697548866271973e+02 3.050000000000000000e+03 0.000000000000000000e+00
1.500000000000000000e+02 4.000000000000000000e+00 4.000000000000000000e+00 1.294286504288313687e+08 1.294286504288313687e+08 1.504562958252424300e+08 1.504562958252424300e+08 1.303344955444335938e+02 2.762000000000000000e+03 0.000000000000000000e+00
1.510000000000000000e+02 4.000000000000000000e+00 4.000000000000000000e+00 1.300020237913912982e+08 1.300020237913912982e+08 1.508101410188149512e+08 1.508101410188149512e+08 1.795627124309539795e+02 3.914000000000000000e+03 0.000000000000000000e+00
1.520000000000000000e+02 4.000000000000000000e+00 4.000000000000000000e+00 1.348079978834531307e+08 1.348079978834531307e+08 1.520088714509902298e+08 1.520088714509902298e+08 1.683960864543914795e+02 3.770000000000000000e+03 0.000000000000000000e+00
1.530000000000000000e+02 4.000000000000000000e+00 4.000000000000000000e+00 1.309857623990257233e+08 1.309857623990257233e+08 1.523900423477578163e+08 1.523900423477578163e+08 2.221438112258911133e+02 4.778000000000000000e+03 0.000000000000000000e+00
1.540000000000000000e+02 4.000000000000000000e+00 4.000000000000000000e+00 1.279516252326561362e+08 1.279516252326561362e+08 1.518253503414898217e+08 1.518253503414898217e+08 1.927896194458007812e+02 4.202000000000000000e+03 0.000000000000000000e+00
1.550000000000000000e+02 4.000000000000000000e+00 4.000000000000000000e+00 1.286701623754239082e+08 1.286701623754239082e+08 1.523734236792341769e+08 1.523734236792341769e+08 1.827207040786743164e+02 4.058000000000000000e+03 0.000000000000000000e+00
1.560000000000000000e+02 4.000000000000000000e+00 4.000000000000000000e+00 1.376340078945332766e+08 1.376340078945332766e+08 1.532208484518436491e+08 1.532208484518436491e+08 1.338819255828857422e+02 2.906000000000000000e+03 0.000000000000000000e+00
1.570000000000000000e+02 4.000000000000000000e+00 4.000000000000000000e+00 1.348734184922113717e+08 1.348734184922113717e+08 1.530879490531471968e+08 1.530879490531471968e+08 1.346664364337921143e+02 3.050000000000000000e+03 0.000000000000000000e+00
1.580000000000000000e+02 4.000000000000000000e+00 4.000000000000000000e+00 1.341173720144850016e+08 1.341173720144850016e+08 1.491613288041425049e+08 1.491613288041425049e+08 1.281840612888336182e+02 2.906000000000000000e+03 0.000000000000000000e+00
1.590000000000000000e+02 4.000000000000000000e+00 4.000000000000000000e+00 1.315045753216224313e+08 1.315045753216224313e+08 1.537480818270522058e+08 1.537480818270522058e+08 1.992878220081329346e+02 4.490000000000000000e+03 0.000000000000000000e+00
1.600000000000000000e+02 4.000000000000000000e+00 4.000000000000000000e+00 1.361172923089963198e+08 1.361172923089963198e+08 1.526611744191432297e+08 1.526611744191432297e+08 1.454304604530334473e+02 3.194000000000000000e+03 0.000000000000000000e+00
1.610000000000000000e+02 4.000000000000000000e+00 4.000000000000000000e+00 1.352722782881089449e+08 1.352722782881089449e+08 1.537020237408506572e+08 1.537020237408506572e+08 1.880757250785827637e+02 4.202000000000000000e+03 0.000000000000000000e+00
1.620000000000000000e+02 4.000000000000000000e+00 4.000000000000000000e+00 1.355155636705131829e+08 1.355155636705131829e+08 1.516024641875682771e+08 1.516024641875682771e+08 1.614971368312835693e+02 3.482000000000000000e+03 0.000000000000000000e+00
1.630000000000000000e+02 4.000000000000000000e+00 4.000000000000000000e+00 1.358855407400818765e+08 1.358855407400818765e+08 1.509219385261600614e+08 1.509219385261600614e+08 1.139925539493560791e+02 2.474000000000000000e+03 0.000000000000000000e+00
1.640000000000000000e+02 4.000000000000000000e+00 4.000000000000000000e+00 1.340752268836639076e+08 1.340752268836639076e+08 1.534718200157804191e+08 1.534718200157804191e+08 1.658164896965026855e+02 3.626000000000000000e+03 0.000000000000000000e+00
1.650000000000000000e+02 4.000000000000000000e+00 4.000000000000000000e+00 1.303560679662277251e+08 1.303560679662277251e+08 1.526929104424557984e+08 1.526929104424557984e+08 1.136851685047149658e+02 2.474000000000000000e+03 0.000000000000000000e+00
1.660000000000000000e+02 4.000000000000000000e+00 4.000000000000000000e+00 1.379439392252698541e+08 1.379439392252698541e+08 1.557787228662582040e+08 1.557787228662582040e+08 1.638548958301544189e+02 3.626000000000000000e+03 0.000000000000000000e+00
1.670000000000000000e+02 4.000000000000000000e+00 4.000000000000000000e+00 1.391660313676660061e+08 1.391660313676660061e+08 1.511491931404693425e+08 1.511491931404693425e+08 1.498844180107116699e+02 3.338000000000000000e+03 0.000000000000000000e+00
1.680000000000000000e+02 4.000000000000000000e+00 4.000000000000000000e+00 1.372512749479860365e+08 1.372512749479860365e+08 1.500518051917370558e+08 1.500518051917370558e+08 2.014564123153686523e+02 4.346000000000000000e+03 0.000000000000000000e+00
1.690000000000000000e+02 4.000000000000000000e+00 4.000000000000000000e+00 1.342092194153587222e+08 1.342092194153587222e+08 1.506163048230527639e+08 1.506163048230527639e+08 1.581547029018402100e+02 3.482000000000000000e+03 0.000000000000000000e+00
1.700000000000000000e+02 4.000000000000000000e+00 4.000000000000000000e+00 1.323037488073294759e+08 1.323037488073294759e+08 1.526359814123705029e+08 1.526359814123705029e+08 2.054583530426025391e+02 4.490000000000000000e+03 0.000000000000000000e+00
1.710000000000000000e+02 4.000000000000000000e+00 4.000000000000000000e+00 1.318596224626245499e+08 1.318596224626245499e+08 1.494107049375634789e+08 1.494107049375634789e+08 1.618754227161407471e+02 3.626000000000000000e+03 0.000000000000000000e+00
1.720000000000000000e+02 4.000000000000000000e+00 4.000000000000000000e+00 1.313308665733533353e+08 1.313308665733533353e+08 1.548414881863434911e+08 1.548414881863434911e+08 1.671740386486053467e+02 3.482000000000000000e+03 0.000000000000000000e+00
1.730000000000000000e+02 4.000000000000000000e+00 4.000000000000000000e+00 1.359343647000352144e+08 1.359343647000352144e+08 1.508612921050356030e+08 1.508612921050356030e+08 1.173000144958496094e+02 2.618000000000000000e+03 0.000000000000000000e+00
1.740000000000000000e+02 4.000000000000000000e+00 4.000000000000000000e+00 1.324358727549350262e+08 1.324358727549350262e+08 1.482081860795033872e+08 1.482081860795033872e+08 1.181560308933258057e+02 2.618000000000000000e+03 0.000000000000000000e+00
1.750000000000000000e+02 4.000000000000000000e+00 4.000000000000000000e+00 1.364188805236315131e+08 1.364188805236315131e+08 1.550202635986250937e+08 1.550202635986250937e+08 1.460231976509094238e+02 3.194000000000000000e+03 0.000000000000000000e+00
1.760000000000000000e+02 4.000000000000000000e+00 4.000000000000000000e+00 1.386970751033602059e+08 1.386970751033602059e+08 1.478578139482263029e+08 1.478578139482263029e+08 1.370252013206481934e+02 3.050000000000000000e+03 0.000000000000000000e+00
1.770000000000000000e+02 4.000000000000000000e+00 4.000000000000000000e+00 1.347770035823042095e+08 1.347770035823042095e+08 1.522681441841828823e+08 1.522681441841828823e+08 2.265865373611450195e+02 5.066000000000000000e+03 0.000000000000000000e+00
1.780000000000000000e+02 4.000000000000000000e+00 4.000000000000000000e+00 1.303572757329550385e+08 1.303572757329550385e+08 1.524850253593702912e+08 1.524850253593702912e+08 2.453686084747314453e+02 5.066000000000000000e+03 0.000000000000000000e+00
1.790000000000000000e+02 4.000000000000000000e+00 4.000000000000000000e+00 1.432180931489332914e+08 1.432180931489332914e+08 1.549307111851795912e+08 1.549307111851795912e+08 1.222205960750579834e+02 2.618000000000000000e+03 0.000000000000000000e+00
1.800000000000000000e+02 4.000000000000000000e+00 4.000000000000000000e+00 1.307242710628466457e+08 1.307242710628466457e+08 1.511669629259554446e+08 1.511669629259554446e+08 1.668375160694122314e+02 3.626000000000000000e+03 0.000000000000000000e+00
1.810000000000000000e+02 4.000000000000000000e+00 4.000000000000000000e+00 1.309100065952627063e+08 1.309100065952627063e+08 1.511845939241662920e+08 1.511845939241662920e+08 1.486415069103240967e+02 3.194000000000000000e+03 0.000000000000000000e+00
1.820000000000000000e+02 4.000000000000000000e+00 4.000000000000000000e+00 1.267018463386579752e+08 1.267018463386579752e+08 1.508785598427445889e+08 1.508785598427445889e+08 1.968979585170745850e+02 4.346000000000000000e+03 0.000000000000000000e+00
1.830000000000000000e+02 4.000000000000000000e+00 4.000000000000000000e+00 1.297814346691154242e+08 1.297814346691154242e+08 1.512961518250901699e+08 1.512961518250901699e+08 1.736386017799377441e+02 3.482000000000000000e+03 0.000000000000000000e+00
1.840000000000000000e+02 4.000000000000000000e+00 4.000000000000000000e+00 1.283029952918147296e+08 1.283029952918147296e+08 1.500274427681527436e+08 1.500274427681527436e+08 1.427212641239166260e+02 2.906000000000000000e+03 0.000000000000000000e+00
1.850000000000000000e+02 4.000000000000000000e+00 4.000000000000000000e+00 1.367643146348867118e+08 1.367643146348867118e+08 1.470828903753055632e+08 1.470828903753055632e+08 1.630836584568023682e+02 3.626000000000000000e+03 0.000000000000000000e+00
1.860000000000000000e+02 4.000000000000000000e+00 4.000000000000000000e+00 1.343787766803866327e+08 1.343787766803866327e+08 1.523866862877834439e+08 1.523866862877834439e+08 1.298283469676971436e+02 2.906000000000000000e+03 0.000000000000000000e+00
1.870000000000000000e+02 4.000000000000000000e+00 4.000000000000000000e+00 1.363017059599454105e+08 1.363017059599454105e+08 1.520340164757264853e+08 1.520340164757264853e+08 3.072624082565307617e+02 6.362000000000000000e+03 0.000000000000000000e+00
1.880000000000000000e+02 4.000000000000000000e+00 4.000000000000000000e+00 1.384429876512281895e+08 1.384429876512281895e+08 1.504973441356798112e+08 1.504973441356798112e+08 1.248419232368469238e+02 2.762000000000000000e+03 0.000000000000000000e+00
1.890000000000000000e+02 4.000000000000000000e+00 4.000000000000000000e+00 1.305725326163370907e+08 1.305725326163370907e+08 1.501039211138547063e+08 1.501039211138547063e+08 1.594390721321105957e+02 3.482000000000000000e+03 0.000000000000000000e+00
1.900000000000000000e+02 4.000000000000000000e+00 4.000000000000000000e+00 1.364403074982991517e+08 1.364403074982991517e+08 1.519422555838176310e+08 1.519422555838176310e+08 1.428049244880676270e+02 3.194000000000000000e+03 0.000000000000000000e+00
1.910000000000000000e+02 4.000000000000000000e+00 4.000000000000000000e+00 1.396698323245532513e+08 1.396698323245532513e+08 1.500232007651636600e+08 1.500232007651636600e+08 1.405910611152648926e+02 3.194000000000000000e+03 0.000000000000000000e+00
1.920000000000000000e+02 4.000000000000000000e+00 4.000000000000000000e+00 1.371059501556020379e+08 1.371059501556020379e+08 1.538527202181954682e+08 1.538527202181954682e+08 1.439931728839874268e+02 3.194000000000000000e+03 0.000000000000000000e+00
1.930000000000000000e+02 4.000000000000000000e+00 4.000000000000000000e+00 1.340088141273106188e+08 1.340088141273106188e+08 1.503888869974724650e+08 1.503888869974724650e+08 1.161072270870208740e+02 2.618000000000000000e+03 0.000000000000000000e+00
1.940000000000000000e+02 4.000000000000000000e+00 4.000000000000000000e+00 1.322954799122371525e+08 1.322954799122371525e+08 1.533587439181198776e+08 1.533587439181198776e+08 1.718834638595581055e+02 3.914000000000000000e+03 0.000000000000000000e+00
1.950000000000000000e+02 4.000000000000000000e+00 4.000000000000000000e+00 1.292585083207575977e+08 1.292585083207575977e+08 1.530681518262316287e+08 1.530681518262316287e+08 1.797509133815765381e+02 4.058000000000000000e+03 0.000000000000000000e+00
1.960000000000000000e+02 4.000000000000000000e+00 4.000000000000000000e+00 1.337884775314143896e+08 1.337884775314143896e+08 1.550031309252280891e+08 1.550031309252280891e+08 1.491278102397918701e+02 3.338000000000000000e+03 0.000000000000000000e+00
1.970000000000000000e+02 4.000000000000000000e+00 4.000000000000000000e+00 1.315295499490680397e+08 1.315295499490680397e+08 1.484708984722881913e+08 1.484708984722881913e+08 1.491013681888580322e+02 3.338000000000000000e+03 0.000000000000000000e+00
1.980000000000000000e+02 4.000000000000000000e+00 4.000000000000000000e+00 1.349268647302432358e+08 1.349268647302432358e+08 1.506255204737270474e+08 1.506255204737270474e+08 1.447264683246612549e+02 3.194000000000000000e+03 0.000000000000000000e+00
1.990000000000000000e+02 4.000000000000000000e+00 4.000000000000000000e+00 1.265227613832430243e+08 1.265227613832430243e+08 1.494104310081357360e+08 1.494104310081357360e+08 9.364876461029052734e+01 2.042000000000000000e+03 0.000000000000000000e+00
