# initial turbineX, initial turbineY, final turbineX, final turbineY
2.000000000000000000e+03 2.000000000000000000e+03 2.032029217111862863e+03 2.002021852665962797e+03
2.645599999999999909e+03 2.000000000000000000e+03 2.735082568012784122e+03 2.067450252470222949e+03
2.322800000000000182e+03 2.559106000683233106e+03 2.327305315732746294e+03 2.669920592136811138e+03
1.677200000000000273e+03 2.559106000683233106e+03 1.614406230746427127e+03 2.634743482320111070e+03
1.354400000000000091e+03 2.000000000000000000e+03 1.314475234829996225e+03 1.935390081176218473e+03
1.677199999999999818e+03 1.440893999316766667e+03 1.718240100031777956e+03 1.311450074100915799e+03
2.322799999999999727e+03 1.440893999316766212e+03 2.430407383376186317e+03 1.403584137867095251e+03
3.291199999999999818e+03 2.000000000000000000e+03 3.478619275856533022e+03 2.134912441648504682e+03
3.118212001366467121e+03 2.645599999999999909e+03 3.022245217093161955e+03 2.710366369707307058e+03
2.645599999999999909e+03 3.118212001366467121e+03 2.629600510195944935e+03 3.339107610756808754e+03
2.000000000000000000e+03 3.291199999999999818e+03 1.909126081732054445e+03 3.248740702557699024e+03
1.354400000000000546e+03 3.118212001366467121e+03 1.177473700464653803e+03 3.233816520824223517e+03
8.817879986335331068e+02 2.645600000000000364e+03 8.971336860838597431e+02 2.595496894724610684e+03
7.088000000000000682e+02 2.000000000000000227e+03 5.550048325360805848e+02 1.867431062980101387e+03
8.817879986335326521e+02 1.354400000000000546e+03 1.008016215131690842e+03 1.224683824631803418e+03
1.354399999999999636e+03 8.817879986335331068e+02 1.392684468403441770e+03 6.475096855372529490e+02
1.999999999999999773e+03 7.088000000000000682e+02 2.113995968331943004e+03 7.563297096721604476e+02
2.645599999999999000e+03 8.817879986335324247e+02 2.851088115090898555e+03 7.847181844632330012e+02
3.118212001366466666e+03 1.354399999999999636e+03 3.128988141691675082e+03 1.486684645056765476e+03
3.936799999999999727e+03 2.000000000000000000e+03 3.872539193251162033e+03 2.167110665070474624e+03
3.831858833725788827e+03 2.628877931955630629e+03 3.784230496803078950e+03 2.753469160888790157e+03
3.528407338598934984e+03 3.189607181937348287e+03 3.325184329943976536e+03 3.412473267989643318e+03
3.059329192651516223e+03 3.621424035098865261e+03 2.797324364805436744e+03 3.705156515921725713e+03
2.475456291494299876e+03 3.877534435071294411e+03 2.241465790265629494e+03 3.921688975711948842e+03
1.840060323689186816e+03 3.930184846055318303e+03 1.443068046461267613e+03 3.854998932590135610e+03
1.221996301532129110e+03 3.773669779065514831e+03 9.475288352530842531e+02 3.557985322029488543e+03
6.882410520752650882e+02 3.424950070191721352e+03 4.842810513713591831e+02 3.205732277970610539e+03
2.966352386632721618e+02 2.921814910834204056e+03 1.274376039017473232e+02 2.494676005730325414e+03
8.961542756960751888e+01 2.318786802455725592e+03 1.566579931911500694e+02 2.053291192704108653e+03
8.961542756960729150e+01 1.681213197544274863e+03 1.960534142582173445e+02 1.616758008975490156e+03
2.966352386632719345e+02 1.078185089165795944e+03 2.461675323382002603e+02 1.178254343128950950e+03
6.882410520752640650e+02 5.750499298082794439e+02 7.083457935271050019e+02 5.568008950834552024e+02
1.221996301532128200e+03 2.263302209344850553e+02 1.223748953117277324e+03 2.836693691482020085e+02
1.840060323689185907e+03 6.981515394468189584e+01 1.765055769584659629e+03 7.750280913962083673e+01
2.475456291494298966e+03 1.224655649287047510e+02 2.565701700298095147e+03 1.476566652341660415e+02
3.059329192651515314e+03 3.785759649011342276e+02 3.077230879889953940e+03 4.616058666208637078e+02
3.528407338598934984e+03 8.103928180626510311e+02 3.546844993796529707e+03 8.344680153684523702e+02
3.831858833725788827e+03 1.371122068044368689e+03 3.891002018461871103e+03 1.581304864986207349e+03
