# # run number, ti calc, ti opt, aep init calc (kW), aep init opt (kW), aep run calc (kW), aep run opt (kW), run time (s), obj func calls, sens func calls
0.000000000000000000e+00 4.000000000000000000e+00 0.000000000000000000e+00 1.533306789134216011e+08 1.517104827068687677e+08 1.533306789134215713e+08 1.517104827068687677e+08 3.399728536605834961e+00 1.700000000000000000e+02 0.000000000000000000e+00
1.000000000000000000e+00 4.000000000000000000e+00 0.000000000000000000e+00 1.291137670864313245e+08 1.258058028515580446e+08 1.459587429190422595e+08 1.443982906189292669e+08 5.159935164451599121e+01 2.618000000000000000e+03 0.000000000000000000e+00
2.000000000000000000e+00 4.000000000000000000e+00 0.000000000000000000e+00 1.282262222135164291e+08 1.242403449365136325e+08 1.489908295273760855e+08 1.477057686511159837e+08 1.016277611255645752e+02 3.482000000000000000e+03 0.000000000000000000e+00
3.000000000000000000e+00 4.000000000000000000e+00 0.000000000000000000e+00 1.370833169764128029e+08 1.345974275124287009e+08 1.504616721792215705e+08 1.488555476191416681e+08 1.873515253067016602e+02 7.082000000000000000e+03 0.000000000000000000e+00
4.000000000000000000e+00 4.000000000000000000e+00 0.000000000000000000e+00 1.360226585080001354e+08 1.324197176321811527e+08 1.453794949339842200e+08 1.436583230807206631e+08 1.070857384204864502e+02 4.058000000000000000e+03 0.000000000000000000e+00
5.000000000000000000e+00 4.000000000000000000e+00 0.000000000000000000e+00 1.313337393790657520e+08 1.280789564583400637e+08 1.493150997340571880e+08 1.476930594098660052e+08 1.136575458049774170e+02 4.058000000000000000e+03 0.000000000000000000e+00
6.000000000000000000e+00 4.000000000000000000e+00 0.000000000000000000e+00 1.308685372611467838e+08 1.266286067742750347e+08 1.545210667752185166e+08 1.539356109926458299e+08 1.687218627929687500e+02 7.514000000000000000e+03 0.000000000000000000e+00
7.000000000000000000e+00 4.000000000000000000e+00 0.000000000000000000e+00 1.329577836745155156e+08 1.305313798669874668e+08 1.475892721975141466e+08 1.459396848448293209e+08 7.005566978454589844e+01 3.338000000000000000e+03 0.000000000000000000e+00
8.000000000000000000e+00 4.000000000000000000e+00 0.000000000000000000e+00 1.316521082513168603e+08 1.284170478785031587e+08 1.542611361047769189e+08 1.535290121854936481e+08 1.120427076816558838e+02 4.346000000000000000e+03 0.000000000000000000e+00
9.000000000000000000e+00 4.000000000000000000e+00 0.000000000000000000e+00 1.298721806083797216e+08 1.263649976176814437e+08 1.465830337716225982e+08 1.449969703956641555e+08 1.085530977249145508e+02 4.778000000000000000e+03 0.000000000000000000e+00
1.000000000000000000e+01 4.000000000000000000e+00 0.000000000000000000e+00 1.351563457465437651e+08 1.321614325101061910e+08 1.481981558086480200e+08 1.462576314157502353e+08 8.590055251121520996e+01 3.626000000000000000e+03 0.000000000000000000e+00
1.100000000000000000e+01 4.000000000000000000e+00 0.000000000000000000e+00 1.293649532386147529e+08 1.255593010273003578e+08 1.492763106918827295e+08 1.479242185203646123e+08 6.949955058097839355e+01 3.338000000000000000e+03 0.000000000000000000e+00
1.200000000000000000e+01 4.000000000000000000e+00 0.000000000000000000e+00 1.343951466811310351e+08 1.311446657950136662e+08 1.489469654712650478e+08 1.473401962916177213e+08 1.072077932357788086e+02 4.778000000000000000e+03 0.000000000000000000e+00
1.300000000000000000e+01 4.000000000000000000e+00 0.000000000000000000e+00 1.254685742354826182e+08 1.221828297764139920e+08 1.479909677950176001e+08 1.463852805606799722e+08 1.041771197319030762e+02 4.634000000000000000e+03 0.000000000000000000e+00
1.400000000000000000e+01 4.000000000000000000e+00 0.000000000000000000e+00 1.289147930494139194e+08 1.251201064110718817e+08 1.502924938348871469e+08 1.491788984378851354e+08 1.285518069267272949e+02 4.346000000000000000e+03 0.000000000000000000e+00
1.500000000000000000e+01 4.000000000000000000e+00 0.000000000000000000e+00 1.289313330912616104e+08 1.255416380823617727e+08 1.471200849514960051e+08 1.454297201442269087e+08 1.295417041778564453e+02 4.058000000000000000e+03 0.000000000000000000e+00
1.600000000000000000e+01 4.000000000000000000e+00 0.000000000000000000e+00 1.357297921370316148e+08 1.327007007369176894e+08 1.524861300912882686e+08 1.516424445694032609e+08 9.359708738327026367e+01 4.346000000000000000e+03 0.000000000000000000e+00
1.700000000000000000e+01 4.000000000000000000e+00 0.000000000000000000e+00 1.309405279829477519e+08 1.279600102562195808e+08 1.445401730805606842e+08 1.428317445195741355e+08 6.913669872283935547e+01 3.482000000000000000e+03 0.000000000000000000e+00
1.800000000000000000e+01 4.000000000000000000e+00 0.000000000000000000e+00 1.271015829866666049e+08 1.234549538425529599e+08 1.454942011582511961e+08 1.442182350105918050e+08 5.621992444992065430e+01 3.194000000000000000e+03 0.000000000000000000e+00
1.900000000000000000e+01 4.000000000000000000e+00 0.000000000000000000e+00 1.385044511280390322e+08 1.356970238054354489e+08 1.474349052847244442e+08 1.460013136556504667e+08 6.925954365730285645e+01 3.482000000000000000e+03 0.000000000000000000e+00
2.000000000000000000e+01 4.000000000000000000e+00 0.000000000000000000e+00 1.338201612462675720e+08 1.300724552677484155e+08 1.483051887236093283e+08 1.472529169095336199e+08 1.265184397697448730e+02 6.218000000000000000e+03 0.000000000000000000e+00
2.100000000000000000e+01 4.000000000000000000e+00 0.000000000000000000e+00 1.329233970474586040e+08 1.288542640826441199e+08 1.491867326702568233e+08 1.476584545339058936e+08 1.075098261833190918e+02 5.354000000000000000e+03 0.000000000000000000e+00
2.200000000000000000e+01 4.000000000000000000e+00 0.000000000000000000e+00 1.368454513654262424e+08 1.337935277414946109e+08 1.511142247513979673e+08 1.498457887876618803e+08 7.274016141891479492e+01 3.770000000000000000e+03 0.000000000000000000e+00
2.300000000000000000e+01 4.000000000000000000e+00 0.000000000000000000e+00 1.302445837474870980e+08 1.272268294648974836e+08 1.501573756834385693e+08 1.491183247850570381e+08 8.169867658615112305e+01 2.762000000000000000e+03 0.000000000000000000e+00
2.400000000000000000e+01 4.000000000000000000e+00 0.000000000000000000e+00 1.298549144837044477e+08 1.263352763622233570e+08 1.467261486015176475e+08 1.453721105487817228e+08 1.112768642902374268e+02 5.498000000000000000e+03 0.000000000000000000e+00
2.500000000000000000e+01 4.000000000000000000e+00 0.000000000000000000e+00 1.302605292837788463e+08 1.263695183110606968e+08 1.484812341528353989e+08 1.467968757123669684e+08 1.150700974464416504e+02 5.210000000000000000e+03 0.000000000000000000e+00
2.600000000000000000e+01 4.000000000000000000e+00 0.000000000000000000e+00 1.316761285722047687e+08 1.286313075494932830e+08 1.513647025836125314e+08 1.504411060240479410e+08 1.656323266029357910e+02 5.498000000000000000e+03 0.000000000000000000e+00
2.700000000000000000e+01 4.000000000000000000e+00 0.000000000000000000e+00 1.329721183341661990e+08 1.286384836583195180e+08 1.530849917651602924e+08 1.518405526619993448e+08 1.002641882896423340e+02 3.194000000000000000e+03 0.000000000000000000e+00
2.800000000000000000e+01 4.000000000000000000e+00 0.000000000000000000e+00 1.358006368852396905e+08 1.323158434490386993e+08 1.523268670127108693e+08 1.514035253666389585e+08 7.887185215950012207e+01 3.626000000000000000e+03 0.000000000000000000e+00
2.900000000000000000e+01 4.000000000000000000e+00 0.000000000000000000e+00 1.373148799413326979e+08 1.334980449578921497e+08 1.482968379798709452e+08 1.466594556977350712e+08 8.446045565605163574e+01 3.914000000000000000e+03 0.000000000000000000e+00
3.000000000000000000e+01 4.000000000000000000e+00 0.000000000000000000e+00 1.348044397200119197e+08 1.315005547743010819e+08 1.524259899641816616e+08 1.512021302988758981e+08 8.768191766738891602e+01 3.914000000000000000e+03 0.000000000000000000e+00
3.100000000000000000e+01 4.000000000000000000e+00 0.000000000000000000e+00 1.293339136307219267e+08 1.259870075857795030e+08 1.483012422630413771e+08 1.467300367711518407e+08 9.857129526138305664e+01 4.058000000000000000e+03 0.000000000000000000e+00
3.200000000000000000e+01 4.000000000000000000e+00 0.000000000000000000e+00 1.322242463633921891e+08 1.283735619969100356e+08 1.490143752710049152e+08 1.475821231695353687e+08 7.905418968200683594e+01 3.482000000000000000e+03 0.000000000000000000e+00
3.300000000000000000e+01 4.000000000000000000e+00 0.000000000000000000e+00 1.306164598744315803e+08 1.273242031487387419e+08 1.480546160161507130e+08 1.468036745687098503e+08 9.554284572601318359e+01 5.066000000000000000e+03 0.000000000000000000e+00
3.400000000000000000e+01 4.000000000000000000e+00 0.000000000000000000e+00 1.304824686643111855e+08 1.271006306528652310e+08 1.491738032584983408e+08 1.479571617795415521e+08 8.424260807037353516e+01 3.770000000000000000e+03 0.000000000000000000e+00
3.500000000000000000e+01 4.000000000000000000e+00 0.000000000000000000e+00 1.275671060582158267e+08 1.235981746809166670e+08 1.440709347566073835e+08 1.425441432129451931e+08 8.965223526954650879e+01 4.202000000000000000e+03 0.000000000000000000e+00
3.600000000000000000e+01 4.000000000000000000e+00 0.000000000000000000e+00 1.343450309527927935e+08 1.308279173571532816e+08 1.488676082486201227e+08 1.473408601328125596e+08 5.057242202758789062e+01 2.618000000000000000e+03 0.000000000000000000e+00
3.700000000000000000e+01 4.000000000000000000e+00 0.000000000000000000e+00 1.399288109847818315e+08 1.374690061907492578e+08 1.443016276137399077e+08 1.422216361345983148e+08 1.019982438087463379e+02 3.626000000000000000e+03 0.000000000000000000e+00
3.800000000000000000e+01 4.000000000000000000e+00 0.000000000000000000e+00 1.302345316515678018e+08 1.265202477682469189e+08 1.452822887164386213e+08 1.429835256809368730e+08 1.114671781063079834e+02 4.058000000000000000e+03 0.000000000000000000e+00
3.900000000000000000e+01 4.000000000000000000e+00 0.000000000000000000e+00 1.337041564592166841e+08 1.291147992478436828e+08 1.471739444164122641e+08 1.455626046952456236e+08 1.163514204025268555e+02 4.634000000000000000e+03 0.000000000000000000e+00
4.000000000000000000e+01 4.000000000000000000e+00 0.000000000000000000e+00 1.345860177917238772e+08 1.310771371291667074e+08 1.430363480037224591e+08 1.406020036396092176e+08 5.460587477684020996e+01 2.474000000000000000e+03 0.000000000000000000e+00
4.100000000000000000e+01 4.000000000000000000e+00 0.000000000000000000e+00 1.345147220712771714e+08 1.314018946550275534e+08 1.511363093549385965e+08 1.498516614554418921e+08 1.077545266151428223e+02 4.490000000000000000e+03 0.000000000000000000e+00
4.200000000000000000e+01 4.000000000000000000e+00 0.000000000000000000e+00 1.363585053330691159e+08 1.335806266010925472e+08 1.523862472707268596e+08 1.510895512179856896e+08 9.750469493865966797e+01 3.482000000000000000e+03 0.000000000000000000e+00
4.300000000000000000e+01 4.000000000000000000e+00 0.000000000000000000e+00 1.293497483968228847e+08 1.259438119750659615e+08 1.434201418167754114e+08 1.413878610174770355e+08 9.915973496437072754e+01 3.482000000000000000e+03 0.000000000000000000e+00
4.400000000000000000e+01 4.000000000000000000e+00 0.000000000000000000e+00 1.346111052185873985e+08 1.317012653905682415e+08 1.507702649148255587e+08 1.497799232267681956e+08 8.568323945999145508e+01 3.914000000000000000e+03 0.000000000000000000e+00
4.500000000000000000e+01 4.000000000000000000e+00 0.000000000000000000e+00 1.350151537819038033e+08 1.316873529931691289e+08 1.522122331202118397e+08 1.510657796734472513e+08 6.483452081680297852e+01 2.906000000000000000e+03 0.000000000000000000e+00
4.600000000000000000e+01 4.000000000000000000e+00 0.000000000000000000e+00 1.325490053757309467e+08 1.294542042394973636e+08 1.524828113775804043e+08 1.515193121860980093e+08 1.654022145271301270e+02 5.786000000000000000e+03 0.000000000000000000e+00
4.700000000000000000e+01 4.000000000000000000e+00 0.000000000000000000e+00 1.315078126322220862e+08 1.278752890464626998e+08 1.465499690344301760e+08 1.447907294993261993e+08 1.099797835350036621e+02 3.338000000000000000e+03 0.000000000000000000e+00
4.800000000000000000e+01 4.000000000000000000e+00 0.000000000000000000e+00 1.320803966255790442e+08 1.276750241078717560e+08 1.450959155515531003e+08 1.434202073282541335e+08 1.169874422550201416e+02 3.914000000000000000e+03 0.000000000000000000e+00
4.900000000000000000e+01 4.000000000000000000e+00 0.000000000000000000e+00 1.342917891854333282e+08 1.298433167568611801e+08 1.482075311874692142e+08 1.465659020626466274e+08 1.360479910373687744e+02 4.778000000000000000e+03 0.000000000000000000e+00
5.000000000000000000e+01 4.000000000000000000e+00 0.000000000000000000e+00 1.318943409295146614e+08 1.280243762285213470e+08 1.506822038760735393e+08 1.492543377922444940e+08 1.629690878391265869e+02 5.066000000000000000e+03 0.000000000000000000e+00
5.100000000000000000e+01 4.000000000000000000e+00 0.000000000000000000e+00 1.347247881631893814e+08 1.307191257867786288e+08 1.439451818518771231e+08 1.422925785120023787e+08 1.091019148826599121e+02 3.482000000000000000e+03 0.000000000000000000e+00
5.200000000000000000e+01 4.000000000000000000e+00 0.000000000000000000e+00 1.327049855321110934e+08 1.293503456667383611e+08 1.447783655900389850e+08 1.429973515399326682e+08 7.932207465171813965e+01 3.050000000000000000e+03 0.000000000000000000e+00
5.300000000000000000e+01 4.000000000000000000e+00 0.000000000000000000e+00 1.299153537567991614e+08 1.271768124995929301e+08 1.504973489016294479e+08 1.492063899130583405e+08 1.049520084857940674e+02 3.914000000000000000e+03 0.000000000000000000e+00
5.400000000000000000e+01 4.000000000000000000e+00 0.000000000000000000e+00 1.324021335533247888e+08 1.288105060518049151e+08 1.432137875414165258e+08 1.415965332533007562e+08 1.299421644210815430e+02 4.490000000000000000e+03 0.000000000000000000e+00
5.500000000000000000e+01 4.000000000000000000e+00 0.000000000000000000e+00 1.354908720046174228e+08 1.326863284028572887e+08 1.517749362611970603e+08 1.507776233307668865e+08 8.799914789199829102e+01 3.770000000000000000e+03 0.000000000000000000e+00
5.600000000000000000e+01 4.000000000000000000e+00 0.000000000000000000e+00 1.340924951299693584e+08 1.304896753308957368e+08 1.517425225852280855e+08 1.507203731108396947e+08 9.130083179473876953e+01 4.490000000000000000e+03 0.000000000000000000e+00
5.700000000000000000e+01 4.000000000000000000e+00 0.000000000000000000e+00 1.370758128451025188e+08 1.339356455718989968e+08 1.532132842546139956e+08 1.520591884750210643e+08 1.002998037338256836e+02 3.482000000000000000e+03 0.000000000000000000e+00
5.800000000000000000e+01 4.000000000000000000e+00 0.000000000000000000e+00 1.335004409853979647e+08 1.300212676235250980e+08 1.478914934342703223e+08 1.467759628416829109e+08 1.569078888893127441e+02 5.930000000000000000e+03 0.000000000000000000e+00
5.900000000000000000e+01 4.000000000000000000e+00 0.000000000000000000e+00 1.318227487503446490e+08 1.279520180320031643e+08 1.517632608188281059e+08 1.507212374391596019e+08 1.206657009124755859e+02 4.634000000000000000e+03 0.000000000000000000e+00
6.000000000000000000e+01 4.000000000000000000e+00 0.000000000000000000e+00 1.332712676798011363e+08 1.301297177325564027e+08 1.444990184521314800e+08 1.424221030191582441e+08 5.990649080276489258e+01 3.194000000000000000e+03 0.000000000000000000e+00
6.100000000000000000e+01 4.000000000000000000e+00 0.000000000000000000e+00 1.373919414039882720e+08 1.345818241405053437e+08 1.496997598056998849e+08 1.484442211543902755e+08 9.348056769371032715e+01 4.346000000000000000e+03 0.000000000000000000e+00
6.200000000000000000e+01 4.000000000000000000e+00 0.000000000000000000e+00 1.383880735679048598e+08 1.355491864274375141e+08 1.507912406222027540e+08 1.494057607941970229e+08 1.045106689929962158e+02 3.482000000000000000e+03 0.000000000000000000e+00
6.300000000000000000e+01 4.000000000000000000e+00 0.000000000000000000e+00 1.324465948150128722e+08 1.287161314954000711e+08 1.437021880259945393e+08 1.412397126524825692e+08 7.308997941017150879e+01 2.330000000000000000e+03 0.000000000000000000e+00
6.400000000000000000e+01 4.000000000000000000e+00 0.000000000000000000e+00 1.261750604004299939e+08 1.218212000743075907e+08 1.478458352435804605e+08 1.464127761483659148e+08 1.112433393001556396e+02 4.778000000000000000e+03 0.000000000000000000e+00
6.500000000000000000e+01 4.000000000000000000e+00 0.000000000000000000e+00 1.291440300247131586e+08 1.258143887640655786e+08 1.501442846482288837e+08 1.486738613347875178e+08 1.240156514644622803e+02 5.354000000000000000e+03 0.000000000000000000e+00
6.600000000000000000e+01 4.000000000000000000e+00 0.000000000000000000e+00 1.385167954338431656e+08 1.356974122645016909e+08 1.530967710671602786e+08 1.521577032782357633e+08 9.651709842681884766e+01 4.202000000000000000e+03 0.000000000000000000e+00
6.700000000000000000e+01 4.000000000000000000e+00 0.000000000000000000e+00 1.345857448859766722e+08 1.316420973925376981e+08 1.482230602337497473e+08 1.461353195154789686e+08 9.346923971176147461e+01 3.482000000000000000e+03 0.000000000000000000e+00
6.800000000000000000e+01 4.000000000000000000e+00 0.000000000000000000e+00 1.337614671775289178e+08 1.310435835914398581e+08 1.483784983472025990e+08 1.465650525619858503e+08 9.473021626472473145e+01 3.770000000000000000e+03 0.000000000000000000e+00
6.900000000000000000e+01 4.000000000000000000e+00 0.000000000000000000e+00 1.312867178317850083e+08 1.279161764039341211e+08 1.392597040361734033e+08 1.358419848539924622e+08 4.941605305671691895e+01 2.186000000000000000e+03 0.000000000000000000e+00
7.000000000000000000e+01 4.000000000000000000e+00 0.000000000000000000e+00 1.305704455087168813e+08 1.272656426537369192e+08 1.481178770020866990e+08 1.466757221025186181e+08 6.973836898803710938e+01 3.482000000000000000e+03 0.000000000000000000e+00
7.100000000000000000e+01 4.000000000000000000e+00 0.000000000000000000e+00 1.268232891684693694e+08 1.229843437437201142e+08 1.445742129730435312e+08 1.427853115187151432e+08 8.626797199249267578e+01 3.338000000000000000e+03 0.000000000000000000e+00
7.200000000000000000e+01 4.000000000000000000e+00 0.000000000000000000e+00 1.351644770680593848e+08 1.313512650971651822e+08 1.520121167848669291e+08 1.505835116271243989e+08 9.397613692283630371e+01 3.482000000000000000e+03 0.000000000000000000e+00
7.300000000000000000e+01 4.000000000000000000e+00 0.000000000000000000e+00 1.336588107610650361e+08 1.303094382299478054e+08 1.513871513459603488e+08 1.501741194564580619e+08 1.186145460605621338e+02 4.634000000000000000e+03 0.000000000000000000e+00
7.400000000000000000e+01 4.000000000000000000e+00 0.000000000000000000e+00 1.370482796978027523e+08 1.341034102958583236e+08 1.494449510262975395e+08 1.481323407576169968e+08 5.834739756584167480e+01 3.482000000000000000e+03 0.000000000000000000e+00
7.500000000000000000e+01 4.000000000000000000e+00 0.000000000000000000e+00 1.358672798351584077e+08 1.325468749604669213e+08 1.470985171135666072e+08 1.456716501279675066e+08 6.173618578910827637e+01 3.194000000000000000e+03 0.000000000000000000e+00
7.600000000000000000e+01 4.000000000000000000e+00 0.000000000000000000e+00 1.317996399201947600e+08 1.287246182644787431e+08 1.513019833220604956e+08 1.502873584233951569e+08 7.970105862617492676e+01 3.194000000000000000e+03 0.000000000000000000e+00
7.700000000000000000e+01 4.000000000000000000e+00 0.000000000000000000e+00 1.357624838585451543e+08 1.324674111366538256e+08 1.484256363963999748e+08 1.468778894970828891e+08 1.116725769042968750e+02 4.202000000000000000e+03 0.000000000000000000e+00
7.800000000000000000e+01 4.000000000000000000e+00 0.000000000000000000e+00 1.347882932072322071e+08 1.314117624251321107e+08 1.495620121973101497e+08 1.482780318483519554e+08 1.042426109313964844e+02 4.346000000000000000e+03 0.000000000000000000e+00
7.900000000000000000e+01 4.000000000000000000e+00 0.000000000000000000e+00 1.329560624215495586e+08 1.291462868266587853e+08 1.468271383275040984e+08 1.447306016542548239e+08 7.286371827125549316e+01 3.050000000000000000e+03 0.000000000000000000e+00
8.000000000000000000e+01 4.000000000000000000e+00 0.000000000000000000e+00 1.257946007991490513e+08 1.215707753544381559e+08 1.458588491645267308e+08 1.438392651399885714e+08 1.353463084697723389e+02 5.930000000000000000e+03 0.000000000000000000e+00
8.100000000000000000e+01 4.000000000000000000e+00 0.000000000000000000e+00 1.387826831602172256e+08 1.361763020335654914e+08 1.494616138137649596e+08 1.478796985391431749e+08 1.148465592861175537e+02 4.202000000000000000e+03 0.000000000000000000e+00
8.200000000000000000e+01 4.000000000000000000e+00 0.000000000000000000e+00 1.364614646580381989e+08 1.322984894258265793e+08 1.475073635195166171e+08 1.460029952341181636e+08 7.232133936882019043e+01 3.050000000000000000e+03 0.000000000000000000e+00
8.300000000000000000e+01 4.000000000000000000e+00 0.000000000000000000e+00 1.353540557991373539e+08 1.318091351423046738e+08 1.499670890106607378e+08 1.484114735786646903e+08 7.662170720100402832e+01 3.770000000000000000e+03 0.000000000000000000e+00
8.400000000000000000e+01 4.000000000000000000e+00 0.000000000000000000e+00 1.362749846571371555e+08 1.336133747231742591e+08 1.516759638593299687e+08 1.506346187813932896e+08 7.705213665962219238e+01 3.482000000000000000e+03 0.000000000000000000e+00
8.500000000000000000e+01 4.000000000000000000e+00 0.000000000000000000e+00 1.321831211890404522e+08 1.285662878785191029e+08 1.536551273140368760e+08 1.525551353849714696e+08 1.193499402999877930e+02 5.354000000000000000e+03 0.000000000000000000e+00
8.600000000000000000e+01 4.000000000000000000e+00 0.000000000000000000e+00 1.272646447903516293e+08 1.234911892809276283e+08 1.498914626564863324e+08 1.481556919124379456e+08 9.777787566184997559e+01 4.778000000000000000e+03 0.000000000000000000e+00
8.700000000000000000e+01 4.000000000000000000e+00 0.000000000000000000e+00 1.365643940348174870e+08 1.339230672859078497e+08 1.473833039015805125e+08 1.462477618225784004e+08 1.025768697261810303e+02 3.914000000000000000e+03 0.000000000000000000e+00
8.800000000000000000e+01 4.000000000000000000e+00 0.000000000000000000e+00 1.332364594690823257e+08 1.305353779790759385e+08 1.486030641962146461e+08 1.473209005237998664e+08 7.289796185493469238e+01 3.050000000000000000e+03 0.000000000000000000e+00
8.900000000000000000e+01 4.000000000000000000e+00 0.000000000000000000e+00 1.329604916901580244e+08 1.291095213871712685e+08 1.475997047679248154e+08 1.458685087713484168e+08 1.117541685104370117e+02 3.482000000000000000e+03 0.000000000000000000e+00
9.000000000000000000e+01 4.000000000000000000e+00 0.000000000000000000e+00 1.342864860109171271e+08 1.302227653233906776e+08 1.492222221136191785e+08 1.476572150108792782e+08 1.036466231346130371e+02 4.058000000000000000e+03 0.000000000000000000e+00
9.100000000000000000e+01 4.000000000000000000e+00 0.000000000000000000e+00 1.362476557812480032e+08 1.336391147661721408e+08 1.490642600468099713e+08 1.476001041689937711e+08 9.103566551208496094e+01 4.058000000000000000e+03 0.000000000000000000e+00
9.200000000000000000e+01 4.000000000000000000e+00 0.000000000000000000e+00 1.328392633736603707e+08 1.299305972235847563e+08 1.468577414468317032e+08 1.449426199182222486e+08 1.224462401866912842e+02 4.922000000000000000e+03 0.000000000000000000e+00
9.300000000000000000e+01 4.000000000000000000e+00 0.000000000000000000e+00 1.365386334620566964e+08 1.339340165118366182e+08 1.529651268791191876e+08 1.515680780176560581e+08 1.006964952945709229e+02 4.058000000000000000e+03 0.000000000000000000e+00
9.400000000000000000e+01 4.000000000000000000e+00 0.000000000000000000e+00 1.324483539654521793e+08 1.287420051193816364e+08 1.496603852714958787e+08 1.484061454040794671e+08 6.645030665397644043e+01 3.194000000000000000e+03 0.000000000000000000e+00
9.500000000000000000e+01 4.000000000000000000e+00 0.000000000000000000e+00 1.328883363194091320e+08 1.287777221910444647e+08 1.449791836907111406e+08 1.427737365584586561e+08 8.382711434364318848e+01 3.482000000000000000e+03 0.000000000000000000e+00
9.600000000000000000e+01 4.000000000000000000e+00 0.000000000000000000e+00 1.378616015919315219e+08 1.349014411965902150e+08 1.525580830562510490e+08 1.512255336309181154e+08 1.720408513545989990e+02 4.346000000000000000e+03 0.000000000000000000e+00
9.700000000000000000e+01 4.000000000000000000e+00 0.000000000000000000e+00 1.335265626737740636e+08 1.301195500559598207e+08 1.495971739811907709e+08 1.485154107590833008e+08 1.561430203914642334e+02 4.634000000000000000e+03 0.000000000000000000e+00
9.800000000000000000e+01 4.000000000000000000e+00 0.000000000000000000e+00 1.321017990238233656e+08 1.285154287889513522e+08 1.439449161770942509e+08 1.418685362409591675e+08 1.062640717029571533e+02 4.346000000000000000e+03 0.000000000000000000e+00
9.900000000000000000e+01 4.000000000000000000e+00 0.000000000000000000e+00 1.364534656246295869e+08 1.338966578508949727e+08 1.462864863279894888e+08 1.444531386865364611e+08 1.005272712707519531e+02 3.770000000000000000e+03 0.000000000000000000e+00
1.000000000000000000e+02 4.000000000000000000e+00 0.000000000000000000e+00 1.362326841262248456e+08 1.333114170346769243e+08 1.443879463473360240e+08 1.422667828050822616e+08 8.830833578109741211e+01 3.050000000000000000e+03 0.000000000000000000e+00
1.010000000000000000e+02 4.000000000000000000e+00 0.000000000000000000e+00 1.346010296185818315e+08 1.313444214863605350e+08 1.494124022778003812e+08 1.480764163977850080e+08 7.360017156600952148e+01 3.482000000000000000e+03 0.000000000000000000e+00
1.020000000000000000e+02 4.000000000000000000e+00 0.000000000000000000e+00 1.337867529558806568e+08 1.305259181460265964e+08 1.497104329737059474e+08 1.486754828729445636e+08 8.350777292251586914e+01 3.914000000000000000e+03 0.000000000000000000e+00
1.030000000000000000e+02 4.000000000000000000e+00 0.000000000000000000e+00 1.281112992868188173e+08 1.243791929658730924e+08 1.467453181054555476e+08 1.453120306010329723e+08 9.246226406097412109e+01 3.482000000000000000e+03 0.000000000000000000e+00
1.040000000000000000e+02 4.000000000000000000e+00 0.000000000000000000e+00 1.383575889413479269e+08 1.354547607520041466e+08 1.484996866176989377e+08 1.468209527612805963e+08 4.066421294212341309e+01 2.042000000000000000e+03 0.000000000000000000e+00
1.050000000000000000e+02 4.000000000000000000e+00 0.000000000000000000e+00 1.369563857781888545e+08 1.340851878846558481e+08 1.519360118368271589e+08 1.511110587833003700e+08 7.566692972183227539e+01 3.626000000000000000e+03 0.000000000000000000e+00
1.060000000000000000e+02 4.000000000000000000e+00 0.000000000000000000e+00 1.263508274994027764e+08 1.226631999065949023e+08 1.451875833084747195e+08 1.431769325377413630e+08 9.426744127273559570e+01 3.914000000000000000e+03 0.000000000000000000e+00
1.070000000000000000e+02 4.000000000000000000e+00 0.000000000000000000e+00 1.347049412781787515e+08 1.325488963101826906e+08 1.494901619707500041e+08 1.478519216236086190e+08 7.681976437568664551e+01 3.338000000000000000e+03 0.000000000000000000e+00
1.080000000000000000e+02 4.000000000000000000e+00 0.000000000000000000e+00 1.351132790432214737e+08 1.324663102366967946e+08 1.477470859753856063e+08 1.459425816768227518e+08 1.388736395835876465e+02 5.354000000000000000e+03 0.000000000000000000e+00
1.090000000000000000e+02 4.000000000000000000e+00 0.000000000000000000e+00 1.267254147803264558e+08 1.228576667972125858e+08 1.470215477399591506e+08 1.453437554243924320e+08 7.719548583030700684e+01 3.338000000000000000e+03 0.000000000000000000e+00
1.100000000000000000e+02 4.000000000000000000e+00 0.000000000000000000e+00 1.301525439896702170e+08 1.268097444174803644e+08 1.452614293110955954e+08 1.438106702778784037e+08 1.330410993099212646e+02 5.066000000000000000e+03 0.000000000000000000e+00
1.110000000000000000e+02 4.000000000000000000e+00 0.000000000000000000e+00 1.255110386832959205e+08 1.222036668972340077e+08 1.477808112942957878e+08 1.465195119280714989e+08 1.289703722000122070e+02 5.066000000000000000e+03 0.000000000000000000e+00
1.120000000000000000e+02 4.000000000000000000e+00 0.000000000000000000e+00 1.320582874231031835e+08 1.291573950674286187e+08 1.511037157004640698e+08 1.499001033644286394e+08 9.667459940910339355e+01 3.770000000000000000e+03 0.000000000000000000e+00
1.130000000000000000e+02 4.000000000000000000e+00 0.000000000000000000e+00 1.318845655078663081e+08 1.281392949519309998e+08 1.449136100892896354e+08 1.432269229695796669e+08 8.381810116767883301e+01 3.050000000000000000e+03 0.000000000000000000e+00
1.140000000000000000e+02 4.000000000000000000e+00 0.000000000000000000e+00 1.392416484808222353e+08 1.362028815395839810e+08 1.475626733405013978e+08 1.458238074684916437e+08 1.001651437282562256e+02 2.906000000000000000e+03 0.000000000000000000e+00
1.150000000000000000e+02 4.000000000000000000e+00 0.000000000000000000e+00 1.312463424549673647e+08 1.277575264668971449e+08 1.464053925564134419e+08 1.447369550734170079e+08 1.494031083583831787e+02 6.506000000000000000e+03 0.000000000000000000e+00
1.160000000000000000e+02 4.000000000000000000e+00 0.000000000000000000e+00 1.376593591382527947e+08 1.342615235650044084e+08 1.453227110870496929e+08 1.430675478110767603e+08 9.215277791023254395e+01 3.914000000000000000e+03 0.000000000000000000e+00
1.170000000000000000e+02 4.000000000000000000e+00 0.000000000000000000e+00 1.307424583985208720e+08 1.268097270343438089e+08 1.482335922763464451e+08 1.470894193818069100e+08 1.209684050083160400e+02 5.786000000000000000e+03 0.000000000000000000e+00
1.180000000000000000e+02 4.000000000000000000e+00 0.000000000000000000e+00 1.328921552193457782e+08 1.294490967022989392e+08 1.502888837837730944e+08 1.492610697694106102e+08 7.747926163673400879e+01 3.050000000000000000e+03 0.000000000000000000e+00
1.190000000000000000e+02 4.000000000000000000e+00 0.000000000000000000e+00 1.319104958265037388e+08 1.278360142272456288e+08 1.510753440715933442e+08 1.495752197974257171e+08 1.031946432590484619e+02 5.354000000000000000e+03 0.000000000000000000e+00
1.200000000000000000e+02 4.000000000000000000e+00 0.000000000000000000e+00 1.352454831283104420e+08 1.323702473464723676e+08 1.503610775254695714e+08 1.491169666755494475e+08 7.268690037727355957e+01 3.194000000000000000e+03 0.000000000000000000e+00
1.210000000000000000e+02 4.000000000000000000e+00 0.000000000000000000e+00 1.386058094152568579e+08 1.357777011473277807e+08 1.510853082414495647e+08 1.499094222226913273e+08 9.774292421340942383e+01 3.482000000000000000e+03 0.000000000000000000e+00
1.220000000000000000e+02 4.000000000000000000e+00 0.000000000000000000e+00 1.326341566949841231e+08 1.292193302329077870e+08 1.464797001668495536e+08 1.447282096996736526e+08 1.096474320888519287e+02 3.914000000000000000e+03 0.000000000000000000e+00
1.230000000000000000e+02 4.000000000000000000e+00 0.000000000000000000e+00 1.349020795751671791e+08 1.320410483478366435e+08 1.476896193817575574e+08 1.461881605981779695e+08 1.055977513790130615e+02 3.626000000000000000e+03 0.000000000000000000e+00
1.240000000000000000e+02 4.000000000000000000e+00 0.000000000000000000e+00 1.274209313225800842e+08 1.236167188428712934e+08 1.448073604786275625e+08 1.430111183390403092e+08 1.254008388519287109e+02 5.066000000000000000e+03 0.000000000000000000e+00
1.250000000000000000e+02 4.000000000000000000e+00 0.000000000000000000e+00 1.345124453044435084e+08 1.314605606249105483e+08 1.460389238889088333e+08 1.442634214493423402e+08 8.469787740707397461e+01 3.050000000000000000e+03 0.000000000000000000e+00
1.260000000000000000e+02 4.000000000000000000e+00 0.000000000000000000e+00 1.329330884021826386e+08 1.297404351746588796e+08 1.461256260072744787e+08 1.439506809638743401e+08 7.323151540756225586e+01 3.194000000000000000e+03 0.000000000000000000e+00
1.270000000000000000e+02 4.000000000000000000e+00 0.000000000000000000e+00 1.331785428026375771e+08 1.292295163240787685e+08 1.500979089171198308e+08 1.490132746560302675e+08 9.238308000564575195e+01 3.194000000000000000e+03 0.000000000000000000e+00
1.280000000000000000e+02 4.000000000000000000e+00 0.000000000000000000e+00 1.319931217840459049e+08 1.285351816166117340e+08 1.523704414088208377e+08 1.514663295837407112e+08 1.517144362926483154e+02 5.786000000000000000e+03 0.000000000000000000e+00
1.290000000000000000e+02 4.000000000000000000e+00 0.000000000000000000e+00 1.337889836057432443e+08 1.304138287387511879e+08 1.476495523114697933e+08 1.457984891758727133e+08 8.844333505630493164e+01 3.482000000000000000e+03 0.000000000000000000e+00
1.300000000000000000e+02 4.000000000000000000e+00 0.000000000000000000e+00 1.301831440277141184e+08 1.267090532417346388e+08 1.501166717343047261e+08 1.489970221299856007e+08 8.239756584167480469e+01 3.626000000000000000e+03 0.000000000000000000e+00
1.310000000000000000e+02 4.000000000000000000e+00 0.000000000000000000e+00 1.298265355462509543e+08 1.262849810713087618e+08 1.439854792182905376e+08 1.419547612331414521e+08 8.985912919044494629e+01 3.626000000000000000e+03 0.000000000000000000e+00
1.320000000000000000e+02 4.000000000000000000e+00 0.000000000000000000e+00 1.310648652072560042e+08 1.274222254181536883e+08 1.493484702887404859e+08 1.482662694867413044e+08 1.086653122901916504e+02 3.626000000000000000e+03 0.000000000000000000e+00
1.330000000000000000e+02 4.000000000000000000e+00 0.000000000000000000e+00 1.316909875764917135e+08 1.287559716060975641e+08 1.482176680566521585e+08 1.469979986835719347e+08 1.896754229068756104e+02 5.642000000000000000e+03 0.000000000000000000e+00
1.340000000000000000e+02 4.000000000000000000e+00 0.000000000000000000e+00 1.298721255001296848e+08 1.271949912333059758e+08 1.520062940353664756e+08 1.507034298354510665e+08 1.092428812980651855e+02 3.194000000000000000e+03 0.000000000000000000e+00
1.350000000000000000e+02 4.000000000000000000e+00 0.000000000000000000e+00 1.389890776512194872e+08 1.357784447666830122e+08 1.538911200753107965e+08 1.531159156485039294e+08 9.084350180625915527e+01 3.770000000000000000e+03 0.000000000000000000e+00
1.360000000000000000e+02 4.000000000000000000e+00 0.000000000000000000e+00 1.353349706402064562e+08 1.315574780328373909e+08 1.458362355411830842e+08 1.442181065522463024e+08 5.861202836036682129e+01 3.050000000000000000e+03 0.000000000000000000e+00
1.370000000000000000e+02 4.000000000000000000e+00 0.000000000000000000e+00 1.385122962383866608e+08 1.353376567468148470e+08 1.451607994941862524e+08 1.433613783977169394e+08 8.892378401756286621e+01 4.346000000000000000e+03 0.000000000000000000e+00
1.380000000000000000e+02 4.000000000000000000e+00 0.000000000000000000e+00 1.372785942951092124e+08 1.340645638341897279e+08 1.506349884002842903e+08 1.493221579593267739e+08 7.081023216247558594e+01 3.194000000000000000e+03 0.000000000000000000e+00
1.390000000000000000e+02 4.000000000000000000e+00 0.000000000000000000e+00 1.353705365736685693e+08 1.318813800750512928e+08 1.475671216347945631e+08 1.463842759074286520e+08 9.289489078521728516e+01 3.914000000000000000e+03 0.000000000000000000e+00
1.400000000000000000e+02 4.000000000000000000e+00 0.000000000000000000e+00 1.266953624614799321e+08 1.235388866674951166e+08 1.435870258598240316e+08 1.416639384898537993e+08 6.599038219451904297e+01 3.194000000000000000e+03 0.000000000000000000e+00
1.410000000000000000e+02 4.000000000000000000e+00 0.000000000000000000e+00 1.351308722353185415e+08 1.324688664955751747e+08 1.457231664104077518e+08 1.436202893473280966e+08 8.339592003822326660e+01 3.770000000000000000e+03 0.000000000000000000e+00
1.420000000000000000e+02 4.000000000000000000e+00 0.000000000000000000e+00 1.297948837385722697e+08 1.259919461916183680e+08 1.489517223624817133e+08 1.477538896515327394e+08 1.099753837585449219e+02 4.634000000000000000e+03 0.000000000000000000e+00
1.430000000000000000e+02 4.000000000000000000e+00 0.000000000000000000e+00 1.326457713682029694e+08 1.299778656034142226e+08 1.472040205063446164e+08 1.457521112206648886e+08 1.320845291614532471e+02 5.930000000000000000e+03 0.000000000000000000e+00
1.440000000000000000e+02 4.000000000000000000e+00 0.000000000000000000e+00 1.353243170608976185e+08 1.320743077784006000e+08 1.493230252632079720e+08 1.476094773646924794e+08 6.473470258712768555e+01 3.338000000000000000e+03 0.000000000000000000e+00
1.450000000000000000e+02 4.000000000000000000e+00 0.000000000000000000e+00 1.309283268774675280e+08 1.267446712890701145e+08 1.469695603817517757e+08 1.451753853897169828e+08 1.131942014694213867e+02 5.210000000000000000e+03 0.000000000000000000e+00
1.460000000000000000e+02 4.000000000000000000e+00 0.000000000000000000e+00 1.385528256829730868e+08 1.355866548056225181e+08 1.483694825433812141e+08 1.469620640974138081e+08 6.176736617088317871e+01 3.050000000000000000e+03 0.000000000000000000e+00
1.470000000000000000e+02 4.000000000000000000e+00 0.000000000000000000e+00 1.353229592535512447e+08 1.322239720407845229e+08 1.495933852833149135e+08 1.485774685703284740e+08 6.665218663215637207e+01 3.338000000000000000e+03 0.000000000000000000e+00
1.480000000000000000e+02 4.000000000000000000e+00 0.000000000000000000e+00 1.306738034041632116e+08 1.271864181132590175e+08 1.532779962825562060e+08 1.526769108964331746e+08 8.068889951705932617e+01 3.626000000000000000e+03 0.000000000000000000e+00
1.490000000000000000e+02 4.000000000000000000e+00 0.000000000000000000e+00 1.358743403586485982e+08 1.324456227276572585e+08 1.494966057830373645e+08 1.481574049289669394e+08 6.661103224754333496e+01 3.338000000000000000e+03 0.000000000000000000e+00
1.500000000000000000e+02 4.000000000000000000e+00 0.000000000000000000e+00 1.291638532350776941e+08 1.256415158669994026e+08 1.439124381107656956e+08 1.419798122216338217e+08 8.065013146400451660e+01 3.626000000000000000e+03 0.000000000000000000e+00
1.510000000000000000e+02 4.000000000000000000e+00 0.000000000000000000e+00 1.299426729732497633e+08 1.264631584616346508e+08 1.503504382553768456e+08 1.491997117195678651e+08 8.644642257690429688e+01 4.202000000000000000e+03 0.000000000000000000e+00
1.520000000000000000e+02 4.000000000000000000e+00 0.000000000000000000e+00 1.346188495213094652e+08 1.312933701204910874e+08 1.463027757408786714e+08 1.448770832572470605e+08 8.880286931991577148e+01 4.490000000000000000e+03 0.000000000000000000e+00
1.530000000000000000e+02 4.000000000000000000e+00 0.000000000000000000e+00 1.308182241112786233e+08 1.271575083880889565e+08 1.503622768286597729e+08 1.488961361329148114e+08 8.093336558341979980e+01 3.770000000000000000e+03 0.000000000000000000e+00
1.540000000000000000e+02 4.000000000000000000e+00 0.000000000000000000e+00 1.277813759119561464e+08 1.237657298099511713e+08 1.480127542647667527e+08 1.463583609296658933e+08 9.393926882743835449e+01 4.346000000000000000e+03 0.000000000000000000e+00
1.550000000000000000e+02 4.000000000000000000e+00 0.000000000000000000e+00 1.283867986945145130e+08 1.245045783316875398e+08 1.477318387099618912e+08 1.460014729009130001e+08 8.930707502365112305e+01 3.770000000000000000e+03 0.000000000000000000e+00
1.560000000000000000e+02 4.000000000000000000e+00 0.000000000000000000e+00 1.375567997210558355e+08 1.340892901269241720e+08 1.420675596052591205e+08 1.392333761502884924e+08 5.168851637840270996e+01 2.474000000000000000e+03 0.000000000000000000e+00
1.570000000000000000e+02 4.000000000000000000e+00 0.000000000000000000e+00 1.346149879304089844e+08 1.311807613903281093e+08 1.490982738986040354e+08 1.478459256300062835e+08 8.713086152076721191e+01 4.202000000000000000e+03 0.000000000000000000e+00
1.580000000000000000e+02 4.000000000000000000e+00 0.000000000000000000e+00 1.339697423094197512e+08 1.307259818774703294e+08 1.460149511009092033e+08 1.440943046042810380e+08 6.005355572700500488e+01 2.906000000000000000e+03 0.000000000000000000e+00
1.590000000000000000e+02 4.000000000000000000e+00 0.000000000000000000e+00 1.313628887681153566e+08 1.282469118512249291e+08 1.451025563376958966e+08 1.437064383336883187e+08 1.377758293151855469e+02 5.498000000000000000e+03 0.000000000000000000e+00
1.600000000000000000e+02 4.000000000000000000e+00 0.000000000000000000e+00 1.358427624840905964e+08 1.327559046957123727e+08 1.471197792331950068e+08 1.453974018671526313e+08 7.435023331642150879e+01 3.338000000000000000e+03 0.000000000000000000e+00
1.610000000000000000e+02 4.000000000000000000e+00 0.000000000000000000e+00 1.349465323942066133e+08 1.317008579057583213e+08 1.453695796040739715e+08 1.439515222169027925e+08 6.425452780723571777e+01 3.338000000000000000e+03 0.000000000000000000e+00
1.620000000000000000e+02 4.000000000000000000e+00 0.000000000000000000e+00 1.351669044780291021e+08 1.318133577125992924e+08 1.497235573392039239e+08 1.484497281637727916e+08 8.938123631477355957e+01 3.626000000000000000e+03 0.000000000000000000e+00
1.630000000000000000e+02 4.000000000000000000e+00 0.000000000000000000e+00 1.356704357654166222e+08 1.322452085072860122e+08 1.438851184954695404e+08 1.419962444449393451e+08 7.170824217796325684e+01 3.914000000000000000e+03 0.000000000000000000e+00
1.640000000000000000e+02 4.000000000000000000e+00 0.000000000000000000e+00 1.339417432676359862e+08 1.302164255339496732e+08 1.397291962948890626e+08 1.370256319511035681e+08 3.349751567840576172e+01 1.898000000000000000e+03 0.000000000000000000e+00
1.650000000000000000e+02 4.000000000000000000e+00 0.000000000000000000e+00 1.302123408804478049e+08 1.268925836398592591e+08 1.437756310428611934e+08 1.413276384366673827e+08 5.945442581176757812e+01 2.474000000000000000e+03 0.000000000000000000e+00
1.660000000000000000e+02 4.000000000000000000e+00 0.000000000000000000e+00 1.378164837518388331e+08 1.348774454110645950e+08 1.455744009650150836e+08 1.435611591728094518e+08 7.920617842674255371e+01 3.338000000000000000e+03 0.000000000000000000e+00
1.670000000000000000e+02 4.000000000000000000e+00 0.000000000000000000e+00 1.391201521791888475e+08 1.354079883265502453e+08 1.508162261255602837e+08 1.495305697950258255e+08 7.932100391387939453e+01 3.626000000000000000e+03 0.000000000000000000e+00
1.680000000000000000e+02 4.000000000000000000e+00 0.000000000000000000e+00 1.370383605332236588e+08 1.342044894145582616e+08 1.537752965907317698e+08 1.527200810860383809e+08 5.263052725791931152e+01 2.762000000000000000e+03 0.000000000000000000e+00
1.690000000000000000e+02 4.000000000000000000e+00 0.000000000000000000e+00 1.339648299206013680e+08 1.310169935057909787e+08 1.485132619154469073e+08 1.472719211076329648e+08 1.180391302108764648e+02 5.642000000000000000e+03 0.000000000000000000e+00
1.700000000000000000e+02 4.000000000000000000e+00 0.000000000000000000e+00 1.320081350072259158e+08 1.282748757755805850e+08 1.457989786152634621e+08 1.438464976456563175e+08 7.643632817268371582e+01 3.482000000000000000e+03 0.000000000000000000e+00
1.710000000000000000e+02 4.000000000000000000e+00 0.000000000000000000e+00 1.316644429487310648e+08 1.274468705106872618e+08 1.478766677177079618e+08 1.466606295653750002e+08 7.927565288543701172e+01 3.194000000000000000e+03 0.000000000000000000e+00
1.720000000000000000e+02 4.000000000000000000e+00 0.000000000000000000e+00 1.310869669171548635e+08 1.274085332532860488e+08 1.529204822365977466e+08 1.518157352809571624e+08 1.019981317520141602e+02 4.202000000000000000e+03 0.000000000000000000e+00
1.730000000000000000e+02 4.000000000000000000e+00 0.000000000000000000e+00 1.358186472407015860e+08 1.331639264796053022e+08 1.469888508967295885e+08 1.452250865769564211e+08 1.284657201766967773e+02 4.778000000000000000e+03 0.000000000000000000e+00
1.740000000000000000e+02 4.000000000000000000e+00 0.000000000000000000e+00 1.322704885858948678e+08 1.284972053113610893e+08 1.422501991111048758e+08 1.401170905902885497e+08 4.584163928031921387e+01 2.042000000000000000e+03 0.000000000000000000e+00
1.750000000000000000e+02 4.000000000000000000e+00 0.000000000000000000e+00 1.362373958252031505e+08 1.323440279318889380e+08 1.519887650319087505e+08 1.507748669489494562e+08 6.768117117881774902e+01 3.050000000000000000e+03 0.000000000000000000e+00
1.760000000000000000e+02 4.000000000000000000e+00 0.000000000000000000e+00 1.385720808672430217e+08 1.356335378993643820e+08 1.468014662760091722e+08 1.451236805922338665e+08 7.230626058578491211e+01 3.626000000000000000e+03 0.000000000000000000e+00
1.770000000000000000e+02 4.000000000000000000e+00 0.000000000000000000e+00 1.344264619193051159e+08 1.317155757232834548e+08 1.460290725028339624e+08 1.443914252866206765e+08 1.153838989734649658e+02 4.346000000000000000e+03 0.000000000000000000e+00
1.780000000000000000e+02 4.000000000000000000e+00 0.000000000000000000e+00 1.300749096319698244e+08 1.261177503420396596e+08 1.474276803405534327e+08 1.461363951847084463e+08 8.677280330657958984e+01 3.914000000000000000e+03 0.000000000000000000e+00
1.790000000000000000e+02 4.000000000000000000e+00 0.000000000000000000e+00 1.431642085749583244e+08 1.405355073592172563e+08 1.456612896366210580e+08 1.440515738082608879e+08 9.948982191085815430e+01 4.202000000000000000e+03 0.000000000000000000e+00
1.800000000000000000e+02 4.000000000000000000e+00 0.000000000000000000e+00 1.304874353687657565e+08 1.267600454372020364e+08 1.477138004590967000e+08 1.463457849725785255e+08 8.725759625434875488e+01 3.914000000000000000e+03 0.000000000000000000e+00
1.810000000000000000e+02 4.000000000000000000e+00 0.000000000000000000e+00 1.306054395714736134e+08 1.261943092608284354e+08 1.476897347996104658e+08 1.462397105620907545e+08 8.710528087615966797e+01 3.482000000000000000e+03 0.000000000000000000e+00
1.820000000000000000e+02 4.000000000000000000e+00 0.000000000000000000e+00 1.263903390280197412e+08 1.222644873991386145e+08 1.466996678291744292e+08 1.452898049542109370e+08 6.271180319786071777e+01 3.050000000000000000e+03 0.000000000000000000e+00
1.830000000000000000e+02 4.000000000000000000e+00 0.000000000000000000e+00 1.295113876219552606e+08 1.273131788982695937e+08 1.476579324928470552e+08 1.462823895328326225e+08 1.193706805706024170e+02 5.066000000000000000e+03 0.000000000000000000e+00
1.840000000000000000e+02 4.000000000000000000e+00 0.000000000000000000e+00 1.282206450261793882e+08 1.240649418035496473e+08 1.517238914871672988e+08 1.504997305890634358e+08 9.645384383201599121e+01 4.490000000000000000e+03 0.000000000000000000e+00
1.850000000000000000e+02 4.000000000000000000e+00 0.000000000000000000e+00 1.366445988168224394e+08 1.331612214166539907e+08 1.511483246138543785e+08 1.497226488002510071e+08 7.441633653640747070e+01 3.770000000000000000e+03 0.000000000000000000e+00
1.860000000000000000e+02 4.000000000000000000e+00 0.000000000000000000e+00 1.340615013679532409e+08 1.313270234975206405e+08 1.528800031159116030e+08 1.520736310427423418e+08 8.678561949729919434e+01 3.914000000000000000e+03 0.000000000000000000e+00
1.870000000000000000e+02 4.000000000000000000e+00 0.000000000000000000e+00 1.359624488424450755e+08 1.337172811522902250e+08 1.487568279257614017e+08 1.471746563049604893e+08 6.213476514816284180e+01 3.050000000000000000e+03 0.000000000000000000e+00
1.880000000000000000e+02 4.000000000000000000e+00 0.000000000000000000e+00 1.383514581734314561e+08 1.354951477159702778e+08 1.489186294594000578e+08 1.479361644067990780e+08 1.020310261249542236e+02 4.202000000000000000e+03 0.000000000000000000e+00
1.890000000000000000e+02 4.000000000000000000e+00 0.000000000000000000e+00 1.300956812684329450e+08 1.270318480825447291e+08 1.519015483129932582e+08 1.508581298316638172e+08 8.027856826782226562e+01 3.626000000000000000e+03 0.000000000000000000e+00
1.900000000000000000e+02 4.000000000000000000e+00 0.000000000000000000e+00 1.362862367533838153e+08 1.326169971016709507e+08 1.495611064150239527e+08 1.485317879661049843e+08 1.315196888446807861e+02 5.210000000000000000e+03 0.000000000000000000e+00
1.910000000000000000e+02 4.000000000000000000e+00 0.000000000000000000e+00 1.395101989850926101e+08 1.367630960348900259e+08 1.448025472875981629e+08 1.429495225716175437e+08 1.386516742706298828e+02 5.642000000000000000e+03 0.000000000000000000e+00
1.920000000000000000e+02 4.000000000000000000e+00 0.000000000000000000e+00 1.369210407776005864e+08 1.331673938961216360e+08 1.513866107642326355e+08 1.500086769620953500e+08 9.404872870445251465e+01 3.914000000000000000e+03 0.000000000000000000e+00
1.930000000000000000e+02 4.000000000000000000e+00 0.000000000000000000e+00 1.336149544718065709e+08 1.304449839703394175e+08 1.484446859256111383e+08 1.470957379866988063e+08 9.977954125404357910e+01 4.346000000000000000e+03 0.000000000000000000e+00
1.940000000000000000e+02 4.000000000000000000e+00 0.000000000000000000e+00 1.321820889305636883e+08 1.287806536350761652e+08 1.490084499098919928e+08 1.470729643541345894e+08 5.630563616752624512e+01 2.618000000000000000e+03 0.000000000000000000e+00
1.950000000000000000e+02 4.000000000000000000e+00 0.000000000000000000e+00 1.290869089170382917e+08 1.240644921167303920e+08 1.475471074696327746e+08 1.463604506433765292e+08 1.272186474800109863e+02 5.498000000000000000e+03 0.000000000000000000e+00
1.960000000000000000e+02 4.000000000000000000e+00 0.000000000000000000e+00 1.334204806173361987e+08 1.305980623523809910e+08 1.430405968788787425e+08 1.412197873596174419e+08 1.550474450588226318e+02 5.498000000000000000e+03 0.000000000000000000e+00
1.970000000000000000e+02 4.000000000000000000e+00 0.000000000000000000e+00 1.312492885018190444e+08 1.274474261338708252e+08 1.466681720889385343e+08 1.445980992574246824e+08 1.289900755882263184e+02 4.778000000000000000e+03 0.000000000000000000e+00
1.980000000000000000e+02 4.000000000000000000e+00 0.000000000000000000e+00 1.346866344970670342e+08 1.315323683121230453e+08 1.453596272484635413e+08 1.434312685875452161e+08 6.507423615455627441e+01 2.762000000000000000e+03 0.000000000000000000e+00
1.990000000000000000e+02 4.000000000000000000e+00 0.000000000000000000e+00 1.261193055716100335e+08 1.222156038406620622e+08 1.410011260520766675e+08 1.388719687131594419e+08 5.475004506111145020e+01 2.762000000000000000e+03 0.000000000000000000e+00
