# # run number, ti calc, ti opt, aep init calc (kW), aep init opt (kW), aep run calc (kW), aep run opt (kW), run time (s), obj func calls, sens func calls
0.000000000000000000e+00 4.000000000000000000e+00 0.000000000000000000e+00 1.363191287084318697e+08 1.348869554677138031e+08 1.461091727879538238e+08 1.459928056569845676e+08 7.453263759613037109e+01 1.960000000000000000e+02 1.210000000000000000e+02
1.000000000000000000e+00 4.000000000000000000e+00 0.000000000000000000e+00 1.160589832361748070e+08 1.134121769487068653e+08 1.397226448025254607e+08 1.395662497859385312e+08 2.274981467723846436e+02 4.550000000000000000e+02 3.800000000000000000e+02
2.000000000000000000e+00 4.000000000000000000e+00 0.000000000000000000e+00 1.152728505336852521e+08 1.119861857430195212e+08 1.407826856646617353e+08 1.405722695209090412e+08 1.574232592582702637e+02 3.320000000000000000e+02 2.570000000000000000e+02
3.000000000000000000e+00 4.000000000000000000e+00 0.000000000000000000e+00 1.224868210774635226e+08 1.204676812057225108e+08 1.417126688522064388e+08 1.413713010597507060e+08 6.407778184413909912e+02 1.160000000000000000e+03 1.085000000000000000e+03
4.000000000000000000e+00 4.000000000000000000e+00 0.000000000000000000e+00 1.214558056448727697e+08 1.186237057776617855e+08 1.395355028485061228e+08 1.390464860335667431e+08 1.370080518722534180e+02 3.010000000000000000e+02 2.260000000000000000e+02
5.000000000000000000e+00 4.000000000000000000e+00 0.000000000000000000e+00 1.177376480127993971e+08 1.150938353834408522e+08 1.426312131268183887e+08 1.425968020284270346e+08 9.950529026985168457e+01 2.290000000000000000e+02 1.540000000000000000e+02
6.000000000000000000e+00 4.000000000000000000e+00 0.000000000000000000e+00 1.174956620314572155e+08 1.141454273397639692e+08 1.400238435094719827e+08 1.397976708853531480e+08 4.101466884613037109e+02 7.140000000000000000e+02 6.390000000000000000e+02
7.000000000000000000e+00 4.000000000000000000e+00 0.000000000000000000e+00 1.192665743079108149e+08 1.172812743370280117e+08 1.420339677373886108e+08 1.418909785670326352e+08 1.352010965347290039e+02 2.250000000000000000e+02 1.500000000000000000e+02
8.000000000000000000e+00 4.000000000000000000e+00 0.000000000000000000e+00 1.179963619219451547e+08 1.152704670926717669e+08 1.415660502718180716e+08 1.414302492341744304e+08 1.507689611911773682e+02 2.410000000000000000e+02 1.660000000000000000e+02
9.000000000000000000e+00 4.000000000000000000e+00 0.000000000000000000e+00 1.165087618153645545e+08 1.137352613994004875e+08 1.428634942229487002e+08 1.429235050300176740e+08 1.070431985855102539e+02 2.160000000000000000e+02 1.410000000000000000e+02
1.000000000000000000e+01 4.000000000000000000e+00 0.000000000000000000e+00 1.209083226474714428e+08 1.184896343380445987e+08 1.429304409056774080e+08 1.431068493303855956e+08 2.400977904796600342e+02 3.040000000000000000e+02 2.290000000000000000e+02
1.100000000000000000e+01 4.000000000000000000e+00 0.000000000000000000e+00 1.162186363654112518e+08 1.130898933108959794e+08 1.400452059598448277e+08 1.398548073217985332e+08 2.941528780460357666e+02 3.430000000000000000e+02 2.680000000000000000e+02
1.200000000000000000e+01 4.000000000000000000e+00 0.000000000000000000e+00 1.206009176736829728e+08 1.179179883024206161e+08 1.394426090161581039e+08 1.388924367546488941e+08 9.704104406833648682e+02 8.410000000000000000e+02 7.660000000000000000e+02
1.300000000000000000e+01 4.000000000000000000e+00 0.000000000000000000e+00 1.130375508120246530e+08 1.103670392556554228e+08 1.424334767979964316e+08 1.423565265572933555e+08 4.356385104656219482e+02 4.430000000000000000e+02 3.680000000000000000e+02
1.400000000000000000e+01 4.000000000000000000e+00 0.000000000000000000e+00 1.156763752695200443e+08 1.126206952463330477e+08 1.420295004969103932e+08 1.417924197298796177e+08 1.322261238098144531e+02 3.090000000000000000e+02 2.340000000000000000e+02
1.500000000000000000e+01 4.000000000000000000e+00 0.000000000000000000e+00 1.157075838136378974e+08 1.130299939795797765e+08 1.393764854117219448e+08 1.389891974447122812e+08 8.867099499702453613e+01 2.250000000000000000e+02 1.500000000000000000e+02
1.600000000000000000e+01 4.000000000000000000e+00 0.000000000000000000e+00 1.216282312909019440e+08 1.191529106153636426e+08 1.418235662293912172e+08 1.418403996109141409e+08 1.477344954013824463e+02 3.160000000000000000e+02 2.410000000000000000e+02
1.700000000000000000e+01 4.000000000000000000e+00 0.000000000000000000e+00 1.173971785318886042e+08 1.148359025066336691e+08 1.385875074277738929e+08 1.382183490302112103e+08 9.845489144325256348e+01 2.380000000000000000e+02 1.630000000000000000e+02
1.800000000000000000e+01 4.000000000000000000e+00 0.000000000000000000e+00 1.142464798539170325e+08 1.113168512674874663e+08 1.406758769533941150e+08 1.404503253908304274e+08 1.006190834045410156e+02 2.420000000000000000e+02 1.670000000000000000e+02
1.900000000000000000e+01 4.000000000000000000e+00 0.000000000000000000e+00 1.239910072816273868e+08 1.217068790154737234e+08 1.415760502676203251e+08 1.415909150017867982e+08 1.279215118885040283e+02 2.800000000000000000e+02 2.050000000000000000e+02
2.000000000000000000e+01 4.000000000000000000e+00 0.000000000000000000e+00 1.197793920179427415e+08 1.166073534290035218e+08 1.418306675140038729e+08 1.419012906252864599e+08 1.101507883071899414e+02 2.530000000000000000e+02 1.780000000000000000e+02
2.100000000000000000e+01 4.000000000000000000e+00 0.000000000000000000e+00 1.190095503457855731e+08 1.156612520368937254e+08 1.428568425661091208e+08 1.428152226437474191e+08 2.758587181568145752e+02 5.300000000000000000e+02 4.550000000000000000e+02
2.200000000000000000e+01 4.000000000000000000e+00 0.000000000000000000e+00 1.222355746808834523e+08 1.197515809861107767e+08 1.426525871942304373e+08 1.425874880227738619e+08 1.674494309425354004e+02 3.610000000000000000e+02 2.860000000000000000e+02
2.300000000000000000e+01 4.000000000000000000e+00 0.000000000000000000e+00 1.168563906570976228e+08 1.144219532635881752e+08 1.407885257541036308e+08 1.407845243830174804e+08 1.019938168525695801e+02 2.540000000000000000e+02 1.790000000000000000e+02
2.400000000000000000e+01 4.000000000000000000e+00 0.000000000000000000e+00 1.168547267911843359e+08 1.137940515242089033e+08 1.411498933861664832e+08 1.410844100068046153e+08 1.722303187847137451e+02 3.660000000000000000e+02 2.910000000000000000e+02
2.500000000000000000e+01 4.000000000000000000e+00 0.000000000000000000e+00 1.169711529779352993e+08 1.137650572351980805e+08 1.399339664505934715e+08 1.394706302984595299e+08 2.714090669155120850e+02 4.950000000000000000e+02 4.200000000000000000e+02
2.600000000000000000e+01 4.000000000000000000e+00 0.000000000000000000e+00 1.179427153240053207e+08 1.154763118216026425e+08 1.403586691922186911e+08 1.401547638904558420e+08 9.644833421707153320e+01 2.360000000000000000e+02 1.610000000000000000e+02
2.700000000000000000e+01 4.000000000000000000e+00 0.000000000000000000e+00 1.194214811773310751e+08 1.161265814497216344e+08 1.411613733700153828e+08 1.408747966014333665e+08 1.755605947971343994e+02 3.670000000000000000e+02 2.920000000000000000e+02
2.800000000000000000e+01 4.000000000000000000e+00 0.000000000000000000e+00 1.213614077471591234e+08 1.184365033066949099e+08 1.390344006834968626e+08 1.387801955485216975e+08 8.122903394699096680e+01 2.070000000000000000e+02 1.320000000000000000e+02
2.900000000000000000e+01 4.000000000000000000e+00 0.000000000000000000e+00 1.226433251956927031e+08 1.194561087502927780e+08 1.415482894057401121e+08 1.414999924858521521e+08 1.868793125152587891e+02 3.870000000000000000e+02 3.120000000000000000e+02
3.000000000000000000e+01 4.000000000000000000e+00 0.000000000000000000e+00 1.204770216116938293e+08 1.176877850655725002e+08 1.401688067919307649e+08 1.398976855051242709e+08 3.819264116287231445e+02 7.130000000000000000e+02 6.380000000000000000e+02
3.100000000000000000e+01 4.000000000000000000e+00 0.000000000000000000e+00 1.161167143920552135e+08 1.132491802890326381e+08 1.420695670482797027e+08 1.420267339340357482e+08 2.625965263843536377e+02 5.080000000000000000e+02 4.330000000000000000e+02
3.200000000000000000e+01 4.000000000000000000e+00 0.000000000000000000e+00 1.185277839725785404e+08 1.152038291754986495e+08 1.435580928305680752e+08 1.434103757815710604e+08 2.477805705070495605e+02 4.880000000000000000e+02 4.130000000000000000e+02
3.300000000000000000e+01 4.000000000000000000e+00 0.000000000000000000e+00 1.172703959801733047e+08 1.145947797102342993e+08 1.409013341541806757e+08 1.406831209328419864e+08 1.973913393020629883e+02 4.210000000000000000e+02 3.460000000000000000e+02
3.400000000000000000e+01 4.000000000000000000e+00 0.000000000000000000e+00 1.170923399853424430e+08 1.144114436080861688e+08 1.407442844169297814e+08 1.404427553515224755e+08 1.555436875820159912e+02 3.160000000000000000e+02 2.410000000000000000e+02
3.500000000000000000e+01 4.000000000000000000e+00 0.000000000000000000e+00 1.147881284559452683e+08 1.115834070338479429e+08 1.416211329960057437e+08 1.413851888667291701e+08 1.194982638359069824e+02 2.680000000000000000e+02 1.930000000000000000e+02
3.600000000000000000e+01 4.000000000000000000e+00 0.000000000000000000e+00 1.203257493500191271e+08 1.173533310690670013e+08 1.402864705518450737e+08 1.401013694440968037e+08 8.436339306831359863e+01 2.180000000000000000e+02 1.430000000000000000e+02
3.700000000000000000e+01 4.000000000000000000e+00 0.000000000000000000e+00 1.250872727072117925e+08 1.229410662897703648e+08 1.419921717188042998e+08 1.419780940928022563e+08 1.373447487354278564e+02 3.000000000000000000e+02 2.250000000000000000e+02
3.800000000000000000e+01 4.000000000000000000e+00 0.000000000000000000e+00 1.171419233686486036e+08 1.139656450281779617e+08 1.416754119909684658e+08 1.415996126399084926e+08 1.230466463565826416e+02 2.760000000000000000e+02 2.010000000000000000e+02
3.900000000000000000e+01 4.000000000000000000e+00 0.000000000000000000e+00 1.196939956558875740e+08 1.159477714326034635e+08 1.413464973397356570e+08 1.410128039444140792e+08 7.745914268493652344e+02 1.465000000000000000e+03 1.390000000000000000e+03
4.000000000000000000e+01 4.000000000000000000e+00 0.000000000000000000e+00 1.203302024143133014e+08 1.173656876176864207e+08 1.409314415901790559e+08 1.407483892244251966e+08 9.266581749916076660e+01 2.300000000000000000e+02 1.550000000000000000e+02
4.100000000000000000e+01 4.000000000000000000e+00 0.000000000000000000e+00 1.205568724314904660e+08 1.180272441500312537e+08 1.417458939804373085e+08 1.414961918696636856e+08 7.504782176017761230e+01 2.040000000000000000e+02 1.290000000000000000e+02
4.200000000000000000e+01 4.000000000000000000e+00 0.000000000000000000e+00 1.220630078225491345e+08 1.197278157591914684e+08 1.418258002313742936e+08 1.416985574368861914e+08 6.544824209213256836e+02 1.178000000000000000e+03 1.103000000000000000e+03
4.300000000000000000e+01 4.000000000000000000e+00 0.000000000000000000e+00 1.161973328082625717e+08 1.132802741305576116e+08 1.437536432084426880e+08 1.437259985107101500e+08 1.144307031631469727e+02 2.740000000000000000e+02 1.990000000000000000e+02
4.400000000000000000e+01 4.000000000000000000e+00 0.000000000000000000e+00 1.206841235591632873e+08 1.181493241112744063e+08 1.401634594456826448e+08 1.398587166667162776e+08 1.195597174167633057e+02 2.710000000000000000e+02 1.960000000000000000e+02
4.500000000000000000e+01 4.000000000000000000e+00 0.000000000000000000e+00 1.209011595004116148e+08 1.180680703624071181e+08 1.421042953631690443e+08 1.420325590628221035e+08 1.291220312118530273e+02 3.010000000000000000e+02 2.260000000000000000e+02
4.600000000000000000e+01 4.000000000000000000e+00 0.000000000000000000e+00 1.187832593949092627e+08 1.162117776309578866e+08 1.412233915459713638e+08 1.410698238293944001e+08 1.041849601268768311e+02 2.450000000000000000e+02 1.700000000000000000e+02
4.700000000000000000e+01 4.000000000000000000e+00 0.000000000000000000e+00 1.179519987081757039e+08 1.149556069605179429e+08 1.399895101873926818e+08 1.398303505791936815e+08 8.063651609420776367e+01 1.900000000000000000e+02 1.150000000000000000e+02
4.800000000000000000e+01 4.000000000000000000e+00 0.000000000000000000e+00 1.183162766846664250e+08 1.146089055823896378e+08 1.435681761374250948e+08 1.435586433851798773e+08 1.340755758285522461e+02 2.930000000000000000e+02 2.180000000000000000e+02
4.900000000000000000e+01 4.000000000000000000e+00 0.000000000000000000e+00 1.201159153145861179e+08 1.164388899418104291e+08 1.398236583336512446e+08 1.395030905349351764e+08 1.014595603942871094e+02 2.410000000000000000e+02 1.660000000000000000e+02
5.000000000000000000e+01 4.000000000000000000e+00 0.000000000000000000e+00 1.181800356249022037e+08 1.149243997281425744e+08 1.413762569199406207e+08 1.411913402762416899e+08 1.113891825675964355e+02 2.690000000000000000e+02 1.940000000000000000e+02
5.100000000000000000e+01 4.000000000000000000e+00 0.000000000000000000e+00 1.205739120040189177e+08 1.173816587645977736e+08 1.416164426649353802e+08 1.414555405905987620e+08 9.116326808929443359e+01 2.230000000000000000e+02 1.480000000000000000e+02
5.200000000000000000e+01 4.000000000000000000e+00 0.000000000000000000e+00 1.190556901301568151e+08 1.164249974083233923e+08 1.399836557765072584e+08 1.399468855784697533e+08 5.234172828197479248e+02 1.013000000000000000e+03 9.380000000000000000e+02
5.300000000000000000e+01 4.000000000000000000e+00 0.000000000000000000e+00 1.169423507332247794e+08 1.146444571310349107e+08 1.401401729188045263e+08 1.400446466245964170e+08 2.034756608009338379e+02 4.130000000000000000e+02 3.380000000000000000e+02
5.400000000000000000e+01 4.000000000000000000e+00 0.000000000000000000e+00 1.189702861059277207e+08 1.158314582432259321e+08 1.419550844065794051e+08 1.418665576437742710e+08 1.062326021194458008e+02 2.460000000000000000e+02 1.710000000000000000e+02
5.500000000000000000e+01 4.000000000000000000e+00 0.000000000000000000e+00 1.213641347543389946e+08 1.189663809641416818e+08 1.403380701570747793e+08 1.401664230863096118e+08 9.350941538810729980e+01 2.280000000000000000e+02 1.530000000000000000e+02
5.600000000000000000e+01 4.000000000000000000e+00 0.000000000000000000e+00 1.199424610162228048e+08 1.170553952991976142e+08 1.402600339348620176e+08 1.399421406094342172e+08 1.092587654590606689e+02 2.550000000000000000e+02 1.800000000000000000e+02
5.700000000000000000e+01 4.000000000000000000e+00 0.000000000000000000e+00 1.226411637961932421e+08 1.199976497570627928e+08 1.411730054334014356e+08 1.410807403036504388e+08 3.473281443119049072e+02 6.570000000000000000e+02 5.820000000000000000e+02
5.800000000000000000e+01 4.000000000000000000e+00 0.000000000000000000e+00 1.197903660725321174e+08 1.167791413574991524e+08 1.418886952293056548e+08 1.416922780066074431e+08 3.302274346351623535e+02 5.740000000000000000e+02 4.990000000000000000e+02
5.900000000000000000e+01 4.000000000000000000e+00 0.000000000000000000e+00 1.181087359792660177e+08 1.149413178644261211e+08 1.390167663407371342e+08 1.385952157190105915e+08 1.367304560661315918e+03 1.134000000000000000e+03 1.059000000000000000e+03
6.000000000000000000e+01 4.000000000000000000e+00 0.000000000000000000e+00 1.193498630042295903e+08 1.167112248076457232e+08 1.402725642619099915e+08 1.399719864172563255e+08 2.942347118854522705e+02 5.490000000000000000e+02 4.740000000000000000e+02
6.100000000000000000e+01 4.000000000000000000e+00 0.000000000000000000e+00 1.230816352904709131e+08 1.206899285126273483e+08 1.429617729489860833e+08 1.429362045886237323e+08 2.032561452388763428e+02 4.020000000000000000e+02 3.270000000000000000e+02
6.200000000000000000e+01 4.000000000000000000e+00 0.000000000000000000e+00 1.236435719022050053e+08 1.213562485017474592e+08 1.415718814585748613e+08 1.414146950041001737e+08 1.206423852443695068e+02 2.680000000000000000e+02 1.930000000000000000e+02
6.300000000000000000e+01 4.000000000000000000e+00 0.000000000000000000e+00 1.188904423810530901e+08 1.157047705853940696e+08 1.410371845577735007e+08 1.407220058984763026e+08 1.086210796833038330e+02 2.510000000000000000e+02 1.760000000000000000e+02
6.400000000000000000e+01 4.000000000000000000e+00 0.000000000000000000e+00 1.133801171485222280e+08 1.098560353725696355e+08 1.407552124997892678e+08 1.405075986682600379e+08 2.628466603755950928e+02 4.940000000000000000e+02 4.190000000000000000e+02
6.500000000000000000e+01 4.000000000000000000e+00 0.000000000000000000e+00 1.160862984161126614e+08 1.132578642926213294e+08 1.385537784921497107e+08 1.381593921435615420e+08 1.382905132770538330e+02 2.970000000000000000e+02 2.220000000000000000e+02
6.600000000000000000e+01 4.000000000000000000e+00 0.000000000000000000e+00 1.239384666918473989e+08 1.215193369040545821e+08 1.424356555569171011e+08 1.425124571820824146e+08 2.294890315532684326e+02 4.580000000000000000e+02 3.830000000000000000e+02
6.700000000000000000e+01 4.000000000000000000e+00 0.000000000000000000e+00 1.205635133326039910e+08 1.180171441028846651e+08 1.430829153937487304e+08 1.429375191766327918e+08 1.770710101127624512e+02 3.550000000000000000e+02 2.800000000000000000e+02
6.800000000000000000e+01 4.000000000000000000e+00 0.000000000000000000e+00 1.201542225536836088e+08 1.178886054928265214e+08 1.409251640147193372e+08 1.408021552235245705e+08 7.444820702075958252e+02 1.350000000000000000e+03 1.275000000000000000e+03
6.900000000000000000e+01 4.000000000000000000e+00 0.000000000000000000e+00 1.177010278731414378e+08 1.149614956446737945e+08 1.420423783566684425e+08 1.418579079653144181e+08 1.864938633441925049e+02 3.850000000000000000e+02 3.100000000000000000e+02
7.000000000000000000e+01 4.000000000000000000e+00 0.000000000000000000e+00 1.171380234589812607e+08 1.142489918008035272e+08 1.428598572170470655e+08 1.428210233356499672e+08 4.065061540603637695e+02 7.480000000000000000e+02 6.730000000000000000e+02
7.100000000000000000e+01 4.000000000000000000e+00 0.000000000000000000e+00 1.140844356824388057e+08 1.110174471430454850e+08 1.418739373752176464e+08 1.416564581829796731e+08 5.673653621673583984e+02 1.026000000000000000e+03 9.510000000000000000e+02
7.200000000000000000e+01 4.000000000000000000e+00 0.000000000000000000e+00 1.209752813559747487e+08 1.177623146868532002e+08 1.424082294979629517e+08 1.423002565896894336e+08 1.283559978008270264e+02 2.890000000000000000e+02 2.140000000000000000e+02
7.300000000000000000e+01 4.000000000000000000e+00 0.000000000000000000e+00 1.196330579485613704e+08 1.169379116433963925e+08 1.428987693112516999e+08 1.428956334662328660e+08 1.153787693977355957e+02 2.620000000000000000e+02 1.870000000000000000e+02
7.400000000000000000e+01 4.000000000000000000e+00 0.000000000000000000e+00 1.228054111310332119e+08 1.204606227505429685e+08 1.418796751095203161e+08 1.418166079311332107e+08 1.940652093887329102e+02 3.840000000000000000e+02 3.090000000000000000e+02
7.500000000000000000e+01 4.000000000000000000e+00 0.000000000000000000e+00 1.216614049152188599e+08 1.188117247890996188e+08 1.386900790748643577e+08 1.383752548502383232e+08 1.718545238971710205e+02 3.750000000000000000e+02 3.000000000000000000e+02
7.600000000000000000e+01 4.000000000000000000e+00 0.000000000000000000e+00 1.182995741594367623e+08 1.156645799993999302e+08 1.397982350443776548e+08 1.395164756564754844e+08 1.290605714321136475e+02 2.860000000000000000e+02 2.110000000000000000e+02
7.700000000000000000e+01 4.000000000000000000e+00 0.000000000000000000e+00 1.216194090298649520e+08 1.189097427256013900e+08 1.423747437719151676e+08 1.423155972994998097e+08 3.569796919822692871e+02 6.730000000000000000e+02 5.980000000000000000e+02
7.800000000000000000e+01 4.000000000000000000e+00 0.000000000000000000e+00 1.208970880111646652e+08 1.181170165222724974e+08 1.424031120429461300e+08 1.421477467801782489e+08 2.222123947143554688e+02 4.450000000000000000e+02 3.700000000000000000e+02
7.900000000000000000e+01 4.000000000000000000e+00 0.000000000000000000e+00 1.191465851955477297e+08 1.159226034326882362e+08 1.386516587836184800e+08 1.382470370506357253e+08 1.292711260318756104e+02 2.820000000000000000e+02 2.070000000000000000e+02
8.000000000000000000e+01 4.000000000000000000e+00 0.000000000000000000e+00 1.130237242704580277e+08 1.098049089101745188e+08 1.390462144031687975e+08 1.387959901649978161e+08 1.187398109436035156e+02 2.610000000000000000e+02 1.860000000000000000e+02
8.100000000000000000e+01 4.000000000000000000e+00 0.000000000000000000e+00 1.241502132887279689e+08 1.219576883146147579e+08 1.407928833176786900e+08 1.404243668033294976e+08 3.456514670848846436e+02 6.460000000000000000e+02 5.710000000000000000e+02
8.200000000000000000e+01 4.000000000000000000e+00 0.000000000000000000e+00 1.220620292472561151e+08 1.186539750361255854e+08 1.409545260512656271e+08 1.407427111610794961e+08 1.133168201446533203e+02 2.540000000000000000e+02 1.790000000000000000e+02
8.300000000000000000e+01 4.000000000000000000e+00 0.000000000000000000e+00 1.212008855730255842e+08 1.182981741151313335e+08 1.419422466165150702e+08 1.418058907474405468e+08 5.281824359893798828e+02 9.820000000000000000e+02 9.070000000000000000e+02
8.400000000000000000e+01 4.000000000000000000e+00 0.000000000000000000e+00 1.219246225269874632e+08 1.195969779456242621e+08 1.415386372268613875e+08 1.413993242475374043e+08 8.914830152988433838e+02 1.548000000000000000e+03 1.473000000000000000e+03
8.500000000000000000e+01 4.000000000000000000e+00 0.000000000000000000e+00 1.186353867070664614e+08 1.157350761707599610e+08 1.396297292024201751e+08 1.392965369855332971e+08 1.424684255123138428e+02 3.050000000000000000e+02 2.300000000000000000e+02
8.600000000000000000e+01 4.000000000000000000e+00 0.000000000000000000e+00 1.143020425953030139e+08 1.111465819555510283e+08 1.382772449942672849e+08 1.377041605873434246e+08 4.745750062465667725e+02 8.560000000000000000e+02 7.810000000000000000e+02
8.700000000000000000e+01 4.000000000000000000e+00 0.000000000000000000e+00 1.222178029107234329e+08 1.200369702534150630e+08 1.412628055806582868e+08 1.410110496164324582e+08 9.887961101531982422e+01 2.370000000000000000e+02 1.620000000000000000e+02
8.800000000000000000e+01 4.000000000000000000e+00 0.000000000000000000e+00 1.194552363562642187e+08 1.171520104239801764e+08 1.395347873618378043e+08 1.392894173573021591e+08 8.781773376464843750e+01 2.140000000000000000e+02 1.390000000000000000e+02
8.900000000000000000e+01 4.000000000000000000e+00 0.000000000000000000e+00 1.191753940657852590e+08 1.160244401691960841e+08 1.414026405558640957e+08 1.413220059407939017e+08 1.513709416389465332e+02 3.280000000000000000e+02 2.530000000000000000e+02
9.000000000000000000e+01 4.000000000000000000e+00 0.000000000000000000e+00 1.201253908833691627e+08 1.167572387645114064e+08 1.411827346552987993e+08 1.409061955367080569e+08 8.320492148399353027e+01 2.080000000000000000e+02 1.330000000000000000e+02
9.100000000000000000e+01 4.000000000000000000e+00 0.000000000000000000e+00 1.220557540165219158e+08 1.198771300610235780e+08 1.422593042994222343e+08 1.421865681930569112e+08 1.192911489009857178e+02 2.700000000000000000e+02 1.950000000000000000e+02
9.200000000000000000e+01 4.000000000000000000e+00 0.000000000000000000e+00 1.189048810485272855e+08 1.164036085540922433e+08 1.405793883195162416e+08 1.403612975906187594e+08 1.078145549297332764e+02 2.530000000000000000e+02 1.780000000000000000e+02
9.300000000000000000e+01 4.000000000000000000e+00 0.000000000000000000e+00 1.222878926984138191e+08 1.200391822522156388e+08 1.389516302135464251e+08 1.385926955212203562e+08 5.235918946266174316e+02 9.560000000000000000e+02 8.810000000000000000e+02
9.400000000000000000e+01 4.000000000000000000e+00 0.000000000000000000e+00 1.186441839311072826e+08 1.155547272382348925e+08 1.406127274047335684e+08 1.405045702985247374e+08 1.082559885978698730e+02 2.530000000000000000e+02 1.780000000000000000e+02
9.500000000000000000e+01 4.000000000000000000e+00 0.000000000000000000e+00 1.190276651137114912e+08 1.158288377425340563e+08 1.406976448432657123e+08 1.406752045765207112e+08 1.190602912902832031e+02 2.660000000000000000e+02 1.910000000000000000e+02
9.600000000000000000e+01 4.000000000000000000e+00 0.000000000000000000e+00 1.233306206047530919e+08 1.207997328884285390e+08 1.420618346212938726e+08 1.418682841016068757e+08 6.070706694126129150e+02 1.094000000000000000e+03 1.019000000000000000e+03
9.700000000000000000e+01 4.000000000000000000e+00 0.000000000000000000e+00 1.196910274058957249e+08 1.168952482464603931e+08 1.421438116227975190e+08 1.420275819386823177e+08 8.424528813362121582e+01 2.080000000000000000e+02 1.330000000000000000e+02
9.800000000000000000e+01 4.000000000000000000e+00 0.000000000000000000e+00 1.184673183120781779e+08 1.155211890820663720e+08 1.399553241452033222e+08 1.395721428278441131e+08 1.638551890850067139e+02 3.390000000000000000e+02 2.640000000000000000e+02
9.900000000000000000e+01 4.000000000000000000e+00 0.000000000000000000e+00 1.222597329422503561e+08 1.200729490868938267e+08 1.404023544648235142e+08 1.401528667956759334e+08 1.349639174938201904e+02 2.910000000000000000e+02 2.160000000000000000e+02
1.000000000000000000e+02 4.000000000000000000e+00 0.000000000000000000e+00 1.219402136118383110e+08 1.194600938436413854e+08 1.414154161447430551e+08 1.410821678230125606e+08 6.029125280380249023e+02 1.095000000000000000e+03 1.020000000000000000e+03
1.010000000000000000e+02 4.000000000000000000e+00 0.000000000000000000e+00 1.205672221357106715e+08 1.177541142045978457e+08 1.409400908504820466e+08 1.406264241286003590e+08 2.277075440883636475e+02 4.420000000000000000e+02 3.670000000000000000e+02
1.020000000000000000e+02 4.000000000000000000e+00 0.000000000000000000e+00 1.198566520931685120e+08 1.171472824126399308e+08 1.393049011811563671e+08 1.387980284840390384e+08 1.053609564304351807e+02 2.530000000000000000e+02 1.780000000000000000e+02
1.030000000000000000e+02 4.000000000000000000e+00 0.000000000000000000e+00 1.150069406549099982e+08 1.120649243790149689e+08 1.409633216737807691e+08 1.409268070311889648e+08 2.394352107048034668e+02 4.750000000000000000e+02 4.000000000000000000e+02
1.040000000000000000e+02 4.000000000000000000e+00 0.000000000000000000e+00 1.239345212601834536e+08 1.215449258686957359e+08 1.414608534235491455e+08 1.412988118104124069e+08 8.322762870788574219e+01 2.110000000000000000e+02 1.360000000000000000e+02
1.050000000000000000e+02 4.000000000000000000e+00 0.000000000000000000e+00 1.225904382124569416e+08 1.201940777948826253e+08 1.415145984391715229e+08 1.413159392551060915e+08 9.714593935012817383e+01 2.270000000000000000e+02 1.520000000000000000e+02
1.060000000000000000e+02 4.000000000000000000e+00 0.000000000000000000e+00 1.139497229842692763e+08 1.111013903293977827e+08 1.424564021291604936e+08 1.423309127623859346e+08 1.777131915092468262e+02 3.760000000000000000e+02 3.010000000000000000e+02
1.070000000000000000e+02 4.000000000000000000e+00 0.000000000000000000e+00 1.208982473076333553e+08 1.190509880546288639e+08 1.398914286064578593e+08 1.396432314653852284e+08 9.024250173568725586e+02 1.291000000000000000e+03 1.216000000000000000e+03
1.080000000000000000e+02 4.000000000000000000e+00 0.000000000000000000e+00 1.210260044784879386e+08 1.187937299358822405e+08 1.419994544000806212e+08 1.419683390156448781e+08 1.114576516151428223e+02 2.560000000000000000e+02 1.810000000000000000e+02
1.090000000000000000e+02 4.000000000000000000e+00 0.000000000000000000e+00 1.138478747237821966e+08 1.106935352240980119e+08 1.417473113431363702e+08 1.416559644361944199e+08 1.297209763526916504e+02 2.730000000000000000e+02 1.980000000000000000e+02
1.100000000000000000e+02 4.000000000000000000e+00 0.000000000000000000e+00 1.170631187158143222e+08 1.141955194690497220e+08 1.399555448709526658e+08 1.396116027598851621e+08 2.430223779678344727e+02 4.620000000000000000e+02 3.870000000000000000e+02
1.110000000000000000e+02 4.000000000000000000e+00 0.000000000000000000e+00 1.132199099083912820e+08 1.104554530006140321e+08 1.401750390740989149e+08 1.399878535259900987e+08 1.774006941318511963e+02 3.890000000000000000e+02 3.140000000000000000e+02
1.120000000000000000e+02 4.000000000000000000e+00 0.000000000000000000e+00 1.186476486215769202e+08 1.161782772727406174e+08 1.424693725712894201e+08 1.424166421745920181e+08 7.779582691192626953e+01 1.960000000000000000e+02 1.210000000000000000e+02
1.130000000000000000e+02 4.000000000000000000e+00 0.000000000000000000e+00 1.182342188003809452e+08 1.150883078564030826e+08 1.415533293264062107e+08 1.411231006979947686e+08 1.011005384922027588e+02 2.510000000000000000e+02 1.760000000000000000e+02
1.140000000000000000e+02 4.000000000000000000e+00 0.000000000000000000e+00 1.246367443893969059e+08 1.220242136222185493e+08 1.415109740541346967e+08 1.411255945690561831e+08 7.756078319549560547e+02 1.295000000000000000e+03 1.220000000000000000e+03
1.150000000000000000e+02 4.000000000000000000e+00 0.000000000000000000e+00 1.178707016549749523e+08 1.151362301935879290e+08 1.373778344786501825e+08 1.368407269207180142e+08 1.633258211612701416e+02 3.440000000000000000e+02 2.690000000000000000e+02
1.160000000000000000e+02 4.000000000000000000e+00 0.000000000000000000e+00 1.230299875081211627e+08 1.202122500888118744e+08 1.409168029356436431e+08 1.407370278111829758e+08 9.462831511497497559e+02 1.674000000000000000e+03 1.599000000000000000e+03
1.170000000000000000e+02 4.000000000000000000e+00 0.000000000000000000e+00 1.173377651642466933e+08 1.141049785910378844e+08 1.403212586412443817e+08 1.400108531736903191e+08 1.324517183303833008e+02 2.830000000000000000e+02 2.080000000000000000e+02
1.180000000000000000e+02 4.000000000000000000e+00 0.000000000000000000e+00 1.191560226892329305e+08 1.163107407449365258e+08 1.401367397888770103e+08 1.399404660800696611e+08 5.232978839874267578e+02 9.440000000000000000e+02 8.690000000000000000e+02
1.190000000000000000e+02 4.000000000000000000e+00 0.000000000000000000e+00 1.183822247160789073e+08 1.150700925600226372e+08 1.403290595230470300e+08 1.399653296397822201e+08 3.508038179874420166e+02 6.640000000000000000e+02 5.890000000000000000e+02
1.200000000000000000e+02 4.000000000000000000e+00 0.000000000000000000e+00 1.210556318514104635e+08 1.186455580579077154e+08 1.416379391831882000e+08 1.415650534674817622e+08 3.710538687705993652e+02 6.710000000000000000e+02 5.960000000000000000e+02
1.210000000000000000e+02 4.000000000000000000e+00 0.000000000000000000e+00 1.240848224841356575e+08 1.216990232658866048e+08 1.399674888905314803e+08 1.397601466047745645e+08 1.317262582778930664e+02 2.930000000000000000e+02 2.180000000000000000e+02
1.220000000000000000e+02 4.000000000000000000e+00 0.000000000000000000e+00 1.186080770752414614e+08 1.157103892974726260e+08 1.420470665900457203e+08 1.419635191334274709e+08 1.233590662479400635e+02 2.790000000000000000e+02 2.040000000000000000e+02
1.230000000000000000e+02 4.000000000000000000e+00 0.000000000000000000e+00 1.206861774793272018e+08 1.182248126349793226e+08 1.430894687388190925e+08 1.429184064681019485e+08 1.492375729084014893e+02 3.210000000000000000e+02 2.460000000000000000e+02
1.240000000000000000e+02 4.000000000000000000e+00 0.000000000000000000e+00 1.146970045755814314e+08 1.115502038056139350e+08 1.419253429387628138e+08 1.419104351448813677e+08 1.242892825603485107e+02 2.780000000000000000e+02 2.030000000000000000e+02
1.250000000000000000e+02 4.000000000000000000e+00 0.000000000000000000e+00 1.205869977170698047e+08 1.179872518405674696e+08 1.405969881324097514e+08 1.403679176454850733e+08 7.360266208648681641e+01 1.930000000000000000e+02 1.180000000000000000e+02
1.260000000000000000e+02 4.000000000000000000e+00 0.000000000000000000e+00 1.192599714526050836e+08 1.164838618260228932e+08 1.419497598638782799e+08 1.418597353752754331e+08 4.800038084983825684e+02 8.190000000000000000e+02 7.440000000000000000e+02
1.270000000000000000e+02 4.000000000000000000e+00 0.000000000000000000e+00 1.191452238798424602e+08 1.158652903528271466e+08 1.415943471595129371e+08 1.415212442611941993e+08 1.245419154167175293e+02 2.700000000000000000e+02 1.950000000000000000e+02
1.280000000000000000e+02 4.000000000000000000e+00 0.000000000000000000e+00 1.183799645965072811e+08 1.155209824769771248e+08 1.395520750464357734e+08 1.392965989701733291e+08 2.315117423534393311e+02 4.530000000000000000e+02 3.780000000000000000e+02
1.290000000000000000e+02 4.000000000000000000e+00 0.000000000000000000e+00 1.198219741564679295e+08 1.171751272315275222e+08 1.393769851250726581e+08 1.389852180726430714e+08 5.152160844802856445e+02 9.050000000000000000e+02 8.300000000000000000e+02
1.300000000000000000e+02 4.000000000000000000e+00 0.000000000000000000e+00 1.166791731073065996e+08 1.138622349812304676e+08 1.408742086418835223e+08 1.407988941570099294e+08 1.220383150577545166e+02 2.690000000000000000e+02 1.940000000000000000e+02
1.310000000000000000e+02 4.000000000000000000e+00 0.000000000000000000e+00 1.166233489623053372e+08 1.137417576028722227e+08 1.413690404143055379e+08 1.410421115172384679e+08 2.258120598793029785e+02 4.530000000000000000e+02 3.780000000000000000e+02
1.320000000000000000e+02 4.000000000000000000e+00 0.000000000000000000e+00 1.177778551830388755e+08 1.147050755045470148e+08 1.410228304942378402e+08 1.408647580980800390e+08 4.221308121681213379e+02 7.750000000000000000e+02 7.000000000000000000e+02
1.330000000000000000e+02 4.000000000000000000e+00 0.000000000000000000e+00 1.181383904950680882e+08 1.156915761620980054e+08 1.398642147113370597e+08 1.395906721491896212e+08 1.205949292182922363e+02 2.750000000000000000e+02 2.000000000000000000e+02
1.340000000000000000e+02 4.000000000000000000e+00 0.000000000000000000e+00 1.167546194560986906e+08 1.143726347951952368e+08 1.404544422044645548e+08 1.400718491044111252e+08 1.221398279213905334e+04 2.064200000000000000e+04 2.056700000000000000e+04
1.350000000000000000e+02 4.000000000000000000e+00 0.000000000000000000e+00 1.240559603238440901e+08 1.213639695362544656e+08 1.423145762960102558e+08 1.420367878330631852e+08 3.718203706741333008e+02 6.780000000000000000e+02 6.030000000000000000e+02
1.360000000000000000e+02 4.000000000000000000e+00 0.000000000000000000e+00 1.209890537740435302e+08 1.178555143818641007e+08 1.395942192109942436e+08 1.392477302707691491e+08 1.086527442932128906e+02 2.510000000000000000e+02 1.760000000000000000e+02
1.370000000000000000e+02 4.000000000000000000e+00 0.000000000000000000e+00 1.237002794718523920e+08 1.210123933234268576e+08 1.403778266301526725e+08 1.401679991229149997e+08 9.655612134933471680e+01 2.310000000000000000e+02 1.560000000000000000e+02
1.380000000000000000e+02 4.000000000000000000e+00 0.000000000000000000e+00 1.228171161683970243e+08 1.200809839021661878e+08 1.408839814964029193e+08 1.407472696388342381e+08 1.141447083950042725e+02 2.550000000000000000e+02 1.800000000000000000e+02
1.390000000000000000e+02 4.000000000000000000e+00 0.000000000000000000e+00 1.209866611219286472e+08 1.181387320475348979e+08 1.394849768080189228e+08 1.392594946654990613e+08 1.008776853084564209e+02 2.360000000000000000e+02 1.610000000000000000e+02
1.400000000000000000e+02 4.000000000000000000e+00 0.000000000000000000e+00 1.140685093739218861e+08 1.113095011483957767e+08 1.408030339390619695e+08 1.405035679903432131e+08 2.552818362712860107e+02 5.020000000000000000e+02 4.270000000000000000e+02
1.410000000000000000e+02 4.000000000000000000e+00 0.000000000000000000e+00 1.212389966190214753e+08 1.188061566494309455e+08 1.415893679594043791e+08 1.414841269909059703e+08 6.001765687465667725e+02 1.040000000000000000e+03 9.650000000000000000e+02
1.420000000000000000e+02 4.000000000000000000e+00 0.000000000000000000e+00 1.163472253785354942e+08 1.131543766334618777e+08 1.404205852494989336e+08 1.402432595901223123e+08 9.561352539062500000e+01 2.280000000000000000e+02 1.530000000000000000e+02
1.430000000000000000e+02 4.000000000000000000e+00 0.000000000000000000e+00 1.190823231899220049e+08 1.167723671234869510e+08 1.411862030428408086e+08 1.410377361034500301e+08 1.872459247112274170e+02 3.860000000000000000e+02 3.110000000000000000e+02
1.440000000000000000e+02 4.000000000000000000e+00 0.000000000000000000e+00 1.210960147249080986e+08 1.184246047641372383e+08 1.429455764694929123e+08 1.428734190386979580e+08 3.685147202014923096e+02 7.070000000000000000e+02 6.320000000000000000e+02
1.450000000000000000e+02 4.000000000000000000e+00 0.000000000000000000e+00 1.174346517728855163e+08 1.142192507168860137e+08 1.380128808805199862e+08 1.375938653256241083e+08 8.208208632469177246e+01 2.060000000000000000e+02 1.310000000000000000e+02
1.460000000000000000e+02 4.000000000000000000e+00 0.000000000000000000e+00 1.237584476419135332e+08 1.212654228422895819e+08 1.407280308268274963e+08 1.405261557981834412e+08 1.008714864253997803e+02 2.410000000000000000e+02 1.660000000000000000e+02
1.470000000000000000e+02 4.000000000000000000e+00 0.000000000000000000e+00 1.212034051939961016e+08 1.186696261551572978e+08 1.392483829240191579e+08 1.391060515073481798e+08 8.334992933273315430e+01 2.010000000000000000e+02 1.260000000000000000e+02
1.480000000000000000e+02 4.000000000000000000e+00 0.000000000000000000e+00 1.173102346500528306e+08 1.145013744744850248e+08 1.409435791685026586e+08 1.407258579508215785e+08 1.770987503528594971e+02 3.640000000000000000e+02 2.890000000000000000e+02
1.490000000000000000e+02 4.000000000000000000e+00 0.000000000000000000e+00 1.216684133055167943e+08 1.187776749408922344e+08 1.418087184380854368e+08 1.417274458022176921e+08 4.237856047153472900e+02 7.640000000000000000e+02 6.890000000000000000e+02
1.500000000000000000e+02 4.000000000000000000e+00 0.000000000000000000e+00 1.160047573542069942e+08 1.128973844973137677e+08 1.403723941379478276e+08 1.401741562986580729e+08 2.727511487007141113e+02 5.160000000000000000e+02 4.410000000000000000e+02
1.510000000000000000e+02 4.000000000000000000e+00 0.000000000000000000e+00 1.163805546827609092e+08 1.135377197514365017e+08 1.390645361984350979e+08 1.385748949031542242e+08 1.009753138780593872e+03 1.832000000000000000e+03 1.757000000000000000e+03
1.520000000000000000e+02 4.000000000000000000e+00 0.000000000000000000e+00 1.205282124579640329e+08 1.177006911597668231e+08 1.427875878635396063e+08 1.427050827911768854e+08 1.373979537487030029e+02 2.890000000000000000e+02 2.140000000000000000e+02
1.530000000000000000e+02 4.000000000000000000e+00 0.000000000000000000e+00 1.173733864626026899e+08 1.143308900147269666e+08 1.404011990748434663e+08 1.402788705670353472e+08 5.376881289482116699e+02 1.014000000000000000e+03 9.390000000000000000e+02
1.540000000000000000e+02 4.000000000000000000e+00 0.000000000000000000e+00 1.145992805070645213e+08 1.114852621379461586e+08 1.415504096082448959e+08 1.413413581810187399e+08 2.266068160533905029e+02 4.540000000000000000e+02 3.790000000000000000e+02
1.550000000000000000e+02 4.000000000000000000e+00 0.000000000000000000e+00 1.154540036974821538e+08 1.123614784510578960e+08 1.409683982982960641e+08 1.408066370906146765e+08 1.148711764812469482e+02 2.730000000000000000e+02 1.980000000000000000e+02
1.560000000000000000e+02 4.000000000000000000e+00 0.000000000000000000e+00 1.229603242937217355e+08 1.201532389588920921e+08 1.421597175017337799e+08 1.420576294790723324e+08 1.064209807395935059e+03 1.859000000000000000e+03 1.784000000000000000e+03
1.570000000000000000e+02 4.000000000000000000e+00 0.000000000000000000e+00 1.207154878559442014e+08 1.178403347947752029e+08 1.404539229996496141e+08 1.401865737569532990e+08 1.244428050518035889e+02 2.840000000000000000e+02 2.090000000000000000e+02
1.580000000000000000e+02 4.000000000000000000e+00 0.000000000000000000e+00 1.199644734301365614e+08 1.173605410190148503e+08 1.420139292991798222e+08 1.419097609751375616e+08 7.714913153648376465e+01 1.990000000000000000e+02 1.240000000000000000e+02
1.590000000000000000e+02 4.000000000000000000e+00 0.000000000000000000e+00 1.176929988501926810e+08 1.150382222245957106e+08 1.420604722398572862e+08 1.419883889610616267e+08 8.393829813003540039e+02 1.503000000000000000e+03 1.428000000000000000e+03
1.600000000000000000e+02 4.000000000000000000e+00 0.000000000000000000e+00 1.218439272861769497e+08 1.190453496025157720e+08 1.420496722725375593e+08 1.419667385454052687e+08 1.272539126873016357e+02 2.850000000000000000e+02 2.100000000000000000e+02
1.610000000000000000e+02 4.000000000000000000e+00 0.000000000000000000e+00 1.210113688266441524e+08 1.185788900069469661e+08 1.414689273636882007e+08 1.412508800909186304e+08 1.887934288978576660e+02 4.050000000000000000e+02 3.300000000000000000e+02
1.620000000000000000e+02 4.000000000000000000e+00 0.000000000000000000e+00 1.211635626434620172e+08 1.181939522871953845e+08 1.406850309582780898e+08 1.404222801601705551e+08 2.786081092357635498e+02 5.310000000000000000e+02 4.560000000000000000e+02
1.630000000000000000e+02 4.000000000000000000e+00 0.000000000000000000e+00 1.213693840939247906e+08 1.185044607962597311e+08 1.389082319236928225e+08 1.386639378445370793e+08 1.181966464519500732e+02 2.710000000000000000e+02 1.960000000000000000e+02
1.640000000000000000e+02 4.000000000000000000e+00 0.000000000000000000e+00 1.199002434765802473e+08 1.167052048353690207e+08 1.422582228042374551e+08 1.420460298530202806e+08 1.364516191482543945e+02 2.920000000000000000e+02 2.170000000000000000e+02
1.650000000000000000e+02 4.000000000000000000e+00 0.000000000000000000e+00 1.167003711924169511e+08 1.140486693903011382e+08 1.390079336398399770e+08 1.387041962863849103e+08 4.372332668304443359e+02 8.060000000000000000e+02 7.310000000000000000e+02
1.660000000000000000e+02 4.000000000000000000e+00 0.000000000000000000e+00 1.232862417399222255e+08 1.208692838999606520e+08 1.427335007154585123e+08 1.425942871145220697e+08 1.899026627540588379e+02 3.840000000000000000e+02 3.090000000000000000e+02
1.670000000000000000e+02 4.000000000000000000e+00 0.000000000000000000e+00 1.241776041378154159e+08 1.211468653286188096e+08 1.412494222106446326e+08 1.410072153644140065e+08 1.415052475929260254e+02 2.890000000000000000e+02 2.140000000000000000e+02
1.680000000000000000e+02 4.000000000000000000e+00 0.000000000000000000e+00 1.227033053409477025e+08 1.203104685846500993e+08 1.423164834493828118e+08 1.422043390539185703e+08 1.300034837961196899e+03 2.266000000000000000e+03 2.191000000000000000e+03
1.690000000000000000e+02 4.000000000000000000e+00 0.000000000000000000e+00 1.200634990395224839e+08 1.176589359937293530e+08 1.419881295826262236e+08 1.417719692250751555e+08 1.235369384288787842e+02 2.750000000000000000e+02 2.000000000000000000e+02
1.700000000000000000e+02 4.000000000000000000e+00 0.000000000000000000e+00 1.183572647690374702e+08 1.153231321296917200e+08 1.400293498734318316e+08 1.396793908180892766e+08 1.217997913360595703e+02 2.780000000000000000e+02 2.030000000000000000e+02
1.710000000000000000e+02 4.000000000000000000e+00 0.000000000000000000e+00 1.179683363774658293e+08 1.144766323209941536e+08 1.412351029666772783e+08 1.410434298513470292e+08 1.824240439653396606e+03 3.145000000000000000e+03 3.070000000000000000e+03
1.720000000000000000e+02 4.000000000000000000e+00 0.000000000000000000e+00 1.176089189607021213e+08 1.147809609463514984e+08 1.402033673907558620e+08 1.399583186404486001e+08 2.272883439540863037e+03 3.950000000000000000e+03 3.875000000000000000e+03
1.730000000000000000e+02 4.000000000000000000e+00 0.000000000000000000e+00 1.215474996792711467e+08 1.193261523223399669e+08 1.435049651611021161e+08 1.435473298535887599e+08 7.191807012557983398e+02 1.257000000000000000e+03 1.182000000000000000e+03
1.740000000000000000e+02 4.000000000000000000e+00 0.000000000000000000e+00 1.185601656278178543e+08 1.155674127761963159e+08 1.406670410154812336e+08 1.405252619322077334e+08 3.342668659687042236e+02 6.200000000000000000e+02 5.450000000000000000e+02
1.750000000000000000e+02 4.000000000000000000e+00 0.000000000000000000e+00 1.219188095160874724e+08 1.187308940446303487e+08 1.383696626366524398e+08 1.379120801113399565e+08 8.862230086326599121e+01 2.110000000000000000e+02 1.360000000000000000e+02
1.760000000000000000e+02 4.000000000000000000e+00 0.000000000000000000e+00 1.238483404893861562e+08 1.213829196033338606e+08 1.402051780661351383e+08 1.398106023421729505e+08 2.255106642246246338e+02 4.230000000000000000e+02 3.480000000000000000e+02
1.770000000000000000e+02 4.000000000000000000e+00 0.000000000000000000e+00 1.206987019709386826e+08 1.183364295072146356e+08 1.403905789372443557e+08 1.400593127234298885e+08 8.155942916870117188e+01 2.130000000000000000e+02 1.380000000000000000e+02
1.780000000000000000e+02 4.000000000000000000e+00 0.000000000000000000e+00 1.166903034663755000e+08 1.135462347138421983e+08 1.390158293329202831e+08 1.388193134475824833e+08 9.199629330635070801e+01 2.270000000000000000e+02 1.520000000000000000e+02
1.790000000000000000e+02 4.000000000000000000e+00 0.000000000000000000e+00 1.276800358874487132e+08 1.254091105955453217e+08 1.421417971535228789e+08 1.420649053565637767e+08 2.896427757740020752e+02 5.550000000000000000e+02 4.800000000000000000e+02
1.800000000000000000e+02 4.000000000000000000e+00 0.000000000000000000e+00 1.170072367512550205e+08 1.137106725443340540e+08 1.429226998738853335e+08 1.429431416383194327e+08 1.155984928607940674e+02 2.650000000000000000e+02 1.900000000000000000e+02
1.810000000000000000e+02 4.000000000000000000e+00 0.000000000000000000e+00 1.171495016156133413e+08 1.135151729682860076e+08 1.412700951903898716e+08 1.412488785121966302e+08 9.179772925376892090e+01 2.250000000000000000e+02 1.500000000000000000e+02
1.820000000000000000e+02 4.000000000000000000e+00 0.000000000000000000e+00 1.136595941678050905e+08 1.102269155904802382e+08 1.402305166886495948e+08 1.400566038609681726e+08 3.441193997859954834e+02 6.430000000000000000e+02 5.680000000000000000e+02
1.830000000000000000e+02 4.000000000000000000e+00 0.000000000000000000e+00 1.164029630685531199e+08 1.144729545481015593e+08 1.411438470699532926e+08 1.408688542552672327e+08 1.124005191326141357e+02 2.600000000000000000e+02 1.850000000000000000e+02
1.840000000000000000e+02 4.000000000000000000e+00 0.000000000000000000e+00 1.150158769453933835e+08 1.118035922455002069e+08 1.382693365038312376e+08 1.378064354877012670e+08 6.199216527938842773e+02 1.105000000000000000e+03 1.030000000000000000e+03
1.850000000000000000e+02 4.000000000000000000e+00 0.000000000000000000e+00 1.223244713099845648e+08 1.195244330987832844e+08 1.410041088674379289e+08 1.408583250294380188e+08 1.319876205921173096e+02 2.890000000000000000e+02 2.140000000000000000e+02
1.860000000000000000e+02 4.000000000000000000e+00 0.000000000000000000e+00 1.202692504026642740e+08 1.179582436724771410e+08 1.410904865356412530e+08 1.409308455953340828e+08 9.906783041954040527e+02 1.673000000000000000e+03 1.598000000000000000e+03
1.870000000000000000e+02 4.000000000000000000e+00 0.000000000000000000e+00 1.219942713977428526e+08 1.200287454537721127e+08 1.416075487283611894e+08 1.413460001807472408e+08 1.552942986488342285e+02 3.230000000000000000e+02 2.480000000000000000e+02
1.880000000000000000e+02 4.000000000000000000e+00 0.000000000000000000e+00 1.236185772133392543e+08 1.212374760199173093e+08 1.429370507545671761e+08 1.430950720371514857e+08 1.446039283275604248e+02 3.150000000000000000e+02 2.400000000000000000e+02
1.890000000000000000e+02 4.000000000000000000e+00 0.000000000000000000e+00 1.169595748304386586e+08 1.143186209131622463e+08 1.425867880328799784e+08 1.425620872315723598e+08 2.244846673011779785e+02 4.710000000000000000e+02 3.960000000000000000e+02
1.900000000000000000e+02 4.000000000000000000e+00 0.000000000000000000e+00 1.219265297992273122e+08 1.188948856834920198e+08 1.425055246412838697e+08 1.424614188933539391e+08 7.646108460426330566e+01 1.980000000000000000e+02 1.230000000000000000e+02
1.910000000000000000e+02 4.000000000000000000e+00 0.000000000000000000e+00 1.247407600720278323e+08 1.223728970033461303e+08 1.423500809283622503e+08 1.423108424808003306e+08 2.340904643535614014e+02 4.260000000000000000e+02 3.510000000000000000e+02
1.920000000000000000e+02 4.000000000000000000e+00 0.000000000000000000e+00 1.224481327214225531e+08 1.193356250453431308e+08 1.420401617565257251e+08 1.419946103998502195e+08 1.197137196063995361e+02 2.640000000000000000e+02 1.890000000000000000e+02
1.930000000000000000e+02 4.000000000000000000e+00 0.000000000000000000e+00 1.199250688198767751e+08 1.171264010810054243e+08 1.384488889463358223e+08 1.380634479548459649e+08 1.203443744182586670e+02 2.730000000000000000e+02 1.980000000000000000e+02
1.940000000000000000e+02 4.000000000000000000e+00 0.000000000000000000e+00 1.184284577757850587e+08 1.156458411318236291e+08 1.416246479489065409e+08 1.414187757603667378e+08 2.467723205089569092e+02 4.870000000000000000e+02 4.120000000000000000e+02
1.950000000000000000e+02 4.000000000000000000e+00 0.000000000000000000e+00 1.157069424259777516e+08 1.118349067089391053e+08 1.419986132988875508e+08 1.416070425048859417e+08 3.840463809967041016e+02 7.200000000000000000e+02 6.450000000000000000e+02
1.960000000000000000e+02 4.000000000000000000e+00 0.000000000000000000e+00 1.196507656574690938e+08 1.171519684319982231e+08 1.406779690025510490e+08 1.405295891499865651e+08 7.904268288612365723e+02 1.410000000000000000e+03 1.335000000000000000e+03
1.970000000000000000e+02 4.000000000000000000e+00 0.000000000000000000e+00 1.177742756697550267e+08 1.147016945689562559e+08 1.416598958110820055e+08 1.417237908151829541e+08 1.267469653129577637e+03 2.249000000000000000e+03 2.174000000000000000e+03
1.980000000000000000e+02 4.000000000000000000e+00 0.000000000000000000e+00 1.206989142965474576e+08 1.179675013307126015e+08 1.424482060637881756e+08 1.422922406562664807e+08 1.154972190856933594e+02 2.620000000000000000e+02 1.870000000000000000e+02
1.990000000000000000e+02 4.000000000000000000e+00 0.000000000000000000e+00 1.134443990904317498e+08 1.100843526447852850e+08 1.399356452171305120e+08 1.396437661748496890e+08 1.531403696537017822e+02 3.240000000000000000e+02 2.490000000000000000e+02
