# # run number, ti calc, ti opt, aep init calc (kW), aep init opt (kW), aep run calc (kW), aep run opt (kW), run time (s), obj func calls, sens func calls
0.000000000000000000e+00 4.000000000000000000e+00 4.000000000000000000e+00 4.776905228281986713e+07 4.776905228281986713e+07 4.776905228281986713e+07 4.776905228281986713e+07 2.503862905502319336e+01 1.770000000000000000e+02 0.000000000000000000e+00
1.000000000000000000e+00 4.000000000000000000e+00 4.000000000000000000e+00 3.960721676399881393e+07 3.960721676399881393e+07 4.653419393429934233e+07 4.653419393429934233e+07 9.046080627441406250e+02 5.577000000000000000e+03 0.000000000000000000e+00
2.000000000000000000e+00 4.000000000000000000e+00 4.000000000000000000e+00 3.994971212798972428e+07 3.994971212798972428e+07 4.607411777502458543e+07 4.607411777502458543e+07 7.380212383270263672e+02 3.927000000000000000e+03 0.000000000000000000e+00
3.000000000000000000e+00 4.000000000000000000e+00 4.000000000000000000e+00 4.188610916027116030e+07 4.188610916027116030e+07 4.573844671971026063e+07 4.573844671971026063e+07 7.948590445518493652e+02 4.677000000000000000e+03 0.000000000000000000e+00
4.000000000000000000e+00 4.000000000000000000e+00 4.000000000000000000e+00 4.135387843687769771e+07 4.135387843687769771e+07 4.587172116170869768e+07 4.587172116170869768e+07 1.140469367265701294e+03 6.927000000000000000e+03 0.000000000000000000e+00
5.000000000000000000e+00 4.000000000000000000e+00 4.000000000000000000e+00 4.030923128348749876e+07 4.030923128348749876e+07 4.403961838350474834e+07 4.403961838350474834e+07 4.525226900577545166e+02 2.727000000000000000e+03 0.000000000000000000e+00
6.000000000000000000e+00 4.000000000000000000e+00 4.000000000000000000e+00 4.066691979808074981e+07 4.066691979808074981e+07 4.733704239404447377e+07 4.733704239404447377e+07 1.705308807849884033e+03 1.052700000000000000e+04 0.000000000000000000e+00
7.000000000000000000e+00 4.000000000000000000e+00 4.000000000000000000e+00 4.129840909884165227e+07 4.129840909884165227e+07 4.607114126114273071e+07 4.607114126114273071e+07 1.017495845794677734e+03 5.427000000000000000e+03 0.000000000000000000e+00
8.000000000000000000e+00 4.000000000000000000e+00 4.000000000000000000e+00 4.062396339337537438e+07 4.062396339337537438e+07 4.734981916223100573e+07 4.734981916223100573e+07 2.769179903984069824e+03 1.712700000000000000e+04 0.000000000000000000e+00
9.000000000000000000e+00 4.000000000000000000e+00 4.000000000000000000e+00 3.990748905552807450e+07 3.990748905552807450e+07 4.591834227802912891e+07 4.591834227802912891e+07 6.657036335468292236e+02 3.927000000000000000e+03 0.000000000000000000e+00
1.000000000000000000e+01 4.000000000000000000e+00 4.000000000000000000e+00 4.153078466625393927e+07 4.153078466625393927e+07 4.573373049737519026e+07 4.573373049737519026e+07 9.478357501029968262e+02 4.977000000000000000e+03 0.000000000000000000e+00
1.100000000000000000e+01 4.000000000000000000e+00 4.000000000000000000e+00 3.986677932224541903e+07 3.986677932224541903e+07 4.669931083973049372e+07 4.669931083973049372e+07 1.192392816305160522e+03 6.927000000000000000e+03 0.000000000000000000e+00
1.200000000000000000e+01 4.000000000000000000e+00 4.000000000000000000e+00 4.177310588150444627e+07 4.177310588150444627e+07 4.482711897071043402e+07 4.482711897071043402e+07 6.638397452831268311e+02 3.627000000000000000e+03 0.000000000000000000e+00
1.300000000000000000e+01 4.000000000000000000e+00 4.000000000000000000e+00 3.836966441584892571e+07 3.836966441584892571e+07 4.664697949101092666e+07 4.664697949101092666e+07 9.698678042888641357e+02 4.677000000000000000e+03 0.000000000000000000e+00
1.400000000000000000e+01 4.000000000000000000e+00 4.000000000000000000e+00 3.960890346273230016e+07 3.960890346273230016e+07 4.544956459690235555e+07 4.544956459690235555e+07 1.292033255338668823e+03 6.327000000000000000e+03 0.000000000000000000e+00
1.500000000000000000e+01 4.000000000000000000e+00 4.000000000000000000e+00 3.971241523008421063e+07 3.971241523008421063e+07 4.625415330264751613e+07 4.625415330264751613e+07 1.361581188917160034e+03 6.027000000000000000e+03 0.000000000000000000e+00
1.900000000000000000e+01 4.000000000000000000e+00 4.000000000000000000e+00 4.294534156750419736e+07 4.294534156750419736e+07 4.604988525544825941e+07 4.604988525544825941e+07 1.048332654714584351e+03 5.877000000000000000e+03 0.000000000000000000e+00
2.000000000000000000e+01 4.000000000000000000e+00 4.000000000000000000e+00 4.143207246404786408e+07 4.143207246404786408e+07 4.439082433932593465e+07 4.439082433932593465e+07 1.004250230312347412e+03 4.827000000000000000e+03 0.000000000000000000e+00
2.100000000000000000e+01 4.000000000000000000e+00 4.000000000000000000e+00 4.155719977908954024e+07 4.155719977908954024e+07 4.665083036722820997e+07 4.665083036722820997e+07 1.774626856327056885e+03 9.477000000000000000e+03 0.000000000000000000e+00
2.200000000000000000e+01 4.000000000000000000e+00 4.000000000000000000e+00 4.249226986544924229e+07 4.249226986544924229e+07 4.626830187998864800e+07 4.626830187998864800e+07 1.762058207511901855e+03 8.427000000000000000e+03 0.000000000000000000e+00
2.300000000000000000e+01 4.000000000000000000e+00 4.000000000000000000e+00 3.982238567030757666e+07 3.982238567030757666e+07 4.613001886602530628e+07 4.613001886602530628e+07 1.233419420480728149e+03 6.777000000000000000e+03 0.000000000000000000e+00
2.400000000000000000e+01 4.000000000000000000e+00 4.000000000000000000e+00 4.029766390052825212e+07 4.029766390052825212e+07 4.658628133498306572e+07 4.658628133498306572e+07 1.783745303869247437e+03 9.927000000000000000e+03 0.000000000000000000e+00
2.500000000000000000e+01 4.000000000000000000e+00 4.000000000000000000e+00 4.089335745085514337e+07 4.089335745085514337e+07 4.639581340828698128e+07 4.639581340828698128e+07 1.585242270231246948e+03 8.127000000000000000e+03 0.000000000000000000e+00
2.600000000000000000e+01 4.000000000000000000e+00 4.000000000000000000e+00 3.992338700819929689e+07 3.992338700819929689e+07 4.521471888915698230e+07 4.521471888915698230e+07 7.927617065906524658e+02 4.977000000000000000e+03 0.000000000000000000e+00
2.700000000000000000e+01 4.000000000000000000e+00 4.000000000000000000e+00 4.199553227923361212e+07 4.199553227923361212e+07 4.644929951191876829e+07 4.644929951191876829e+07 2.571401969909667969e+03 1.112700000000000000e+04 0.000000000000000000e+00
2.800000000000000000e+01 4.000000000000000000e+00 4.000000000000000000e+00 4.213250897254083306e+07 4.213250897254083306e+07 4.678376300089588761e+07 4.678376300089588761e+07 1.723827336549758911e+03 1.037700000000000000e+04 0.000000000000000000e+00
2.900000000000000000e+01 4.000000000000000000e+00 4.000000000000000000e+00 4.242665590809305012e+07 4.242665590809305012e+07 4.560028266243428737e+07 4.560028266243428737e+07 8.916907005310058594e+02 3.777000000000000000e+03 0.000000000000000000e+00
3.000000000000000000e+01 4.000000000000000000e+00 4.000000000000000000e+00 4.130256864759267122e+07 4.130256864759267122e+07 4.620852146468606591e+07 4.620852146468606591e+07 1.665465582132339478e+03 8.277000000000000000e+03 0.000000000000000000e+00
3.100000000000000000e+01 4.000000000000000000e+00 4.000000000000000000e+00 3.969471550134817511e+07 3.969471550134817511e+07 4.596556879753473401e+07 4.596556879753473401e+07 7.939726727008819580e+02 4.677000000000000000e+03 0.000000000000000000e+00
3.300000000000000000e+01 4.000000000000000000e+00 4.000000000000000000e+00 3.998813175518286228e+07 3.998813175518286228e+07 4.367442786682271212e+07 4.367442786682271212e+07 5.841993858814239502e+02 3.327000000000000000e+03 0.000000000000000000e+00
3.400000000000000000e+01 4.000000000000000000e+00 4.000000000000000000e+00 4.037750992701750994e+07 4.037750992701750994e+07 4.494184680370320380e+07 4.494184680370320380e+07 1.037741161346435547e+03 6.027000000000000000e+03 0.000000000000000000e+00
3.500000000000000000e+01 4.000000000000000000e+00 4.000000000000000000e+00 4.015685540613978356e+07 4.015685540613978356e+07 4.476151799575339258e+07 4.476151799575339258e+07 1.159424007892608643e+03 3.927000000000000000e+03 0.000000000000000000e+00
3.600000000000000000e+01 4.000000000000000000e+00 4.000000000000000000e+00 4.167080066350562125e+07 4.167080066350562125e+07 4.613601745416884124e+07 4.613601745416884124e+07 1.526470826387405396e+03 6.777000000000000000e+03 0.000000000000000000e+00
3.700000000000000000e+01 4.000000000000000000e+00 4.000000000000000000e+00 4.246790435834831744e+07 4.246790435834831744e+07 4.556177504927581549e+07 4.556177504927581549e+07 6.317270870208740234e+02 4.077000000000000000e+03 0.000000000000000000e+00
4.000000000000000000e+01 4.000000000000000000e+00 4.000000000000000000e+00 4.123605112834075093e+07 4.123605112834075093e+07 4.578488924048843980e+07 4.578488924048843980e+07 1.333491760253906250e+03 7.077000000000000000e+03 0.000000000000000000e+00
4.100000000000000000e+01 4.000000000000000000e+00 4.000000000000000000e+00 4.184581062665770948e+07 4.184581062665770948e+07 4.693833265077286214e+07 4.693833265077286214e+07 3.659948578834533691e+03 1.697700000000000000e+04 0.000000000000000000e+00
4.300000000000000000e+01 4.000000000000000000e+00 4.000000000000000000e+00 4.028338154978877306e+07 4.028338154978877306e+07 4.601849965888143331e+07 4.601849965888143331e+07 1.308484364032745361e+03 7.227000000000000000e+03 0.000000000000000000e+00
4.600000000000000000e+01 4.000000000000000000e+00 4.000000000000000000e+00 4.029799186982703209e+07 4.029799186982703209e+07 4.601206703293221444e+07 4.601206703293221444e+07 7.836701564788818359e+02 5.127000000000000000e+03 0.000000000000000000e+00
4.800000000000000000e+01 4.000000000000000000e+00 4.000000000000000000e+00 4.145041193597973138e+07 4.145041193597973138e+07 4.545028975792708993e+07 4.545028975792708993e+07 1.118670075416564941e+03 6.477000000000000000e+03 0.000000000000000000e+00
5.100000000000000000e+01 4.000000000000000000e+00 4.000000000000000000e+00 4.209231266366628557e+07 4.209231266366628557e+07 4.450688721344844997e+07 4.450688721344844997e+07 6.424282515048980713e+02 3.627000000000000000e+03 0.000000000000000000e+00
5.400000000000000000e+01 4.000000000000000000e+00 4.000000000000000000e+00 4.081745765709612519e+07 4.081745765709612519e+07 4.654210012590225786e+07 4.654210012590225786e+07 1.775772559642791748e+03 1.067700000000000000e+04 0.000000000000000000e+00
6.000000000000000000e+01 4.000000000000000000e+00 4.000000000000000000e+00 4.078130918719886988e+07 4.078130918719886988e+07 4.529388876049421728e+07 4.529388876049421728e+07 8.805755915641784668e+02 5.277000000000000000e+03 0.000000000000000000e+00
6.100000000000000000e+01 4.000000000000000000e+00 4.000000000000000000e+00 4.212466637943717837e+07 4.212466637943717837e+07 4.562407878136629611e+07 4.562407878136629611e+07 1.294926542282104492e+03 7.677000000000000000e+03 0.000000000000000000e+00
6.200000000000000000e+01 4.000000000000000000e+00 4.000000000000000000e+00 4.221767807491052896e+07 4.221767807491052896e+07 4.678308372440620512e+07 4.678308372440620512e+07 1.112022458791732788e+03 6.477000000000000000e+03 0.000000000000000000e+00
6.300000000000000000e+01 4.000000000000000000e+00 4.000000000000000000e+00 4.140506349515651911e+07 4.140506349515651911e+07 4.672127087269293517e+07 4.672127087269293517e+07 1.831281660079956055e+03 9.627000000000000000e+03 0.000000000000000000e+00
6.400000000000000000e+01 4.000000000000000000e+00 4.000000000000000000e+00 3.943490752518592030e+07 3.943490752518592030e+07 4.540028560081696510e+07 4.540028560081696510e+07 9.058132328987121582e+02 5.577000000000000000e+03 0.000000000000000000e+00
6.500000000000000000e+01 4.000000000000000000e+00 4.000000000000000000e+00 3.993781884460011870e+07 3.993781884460011870e+07 4.447625037714713812e+07 4.447625037714713812e+07 5.167788803577423096e+02 3.327000000000000000e+03 0.000000000000000000e+00
6.700000000000000000e+01 4.000000000000000000e+00 4.000000000000000000e+00 4.160929439828384668e+07 4.160929439828384668e+07 4.665087340085651726e+07 4.665087340085651726e+07 2.085518602609634399e+03 8.277000000000000000e+03 0.000000000000000000e+00
6.800000000000000000e+01 4.000000000000000000e+00 4.000000000000000000e+00 4.125597239978367090e+07 4.125597239978367090e+07 4.614172294840970635e+07 4.614172294840970635e+07 2.305593676805496216e+03 5.277000000000000000e+03 0.000000000000000000e+00
6.900000000000000000e+01 4.000000000000000000e+00 4.000000000000000000e+00 4.053218759687105566e+07 4.053218759687105566e+07 4.606440664011720568e+07 4.606440664011720568e+07 1.335204547166824341e+03 7.227000000000000000e+03 0.000000000000000000e+00
7.000000000000000000e+01 4.000000000000000000e+00 4.000000000000000000e+00 4.012857898273550719e+07 4.012857898273550719e+07 4.467137665197431296e+07 4.467137665197431296e+07 5.217943756580352783e+02 3.027000000000000000e+03 0.000000000000000000e+00
7.100000000000000000e+01 4.000000000000000000e+00 4.000000000000000000e+00 3.939790343873836100e+07 3.939790343873836100e+07 4.324571878152806312e+07 4.324571878152806312e+07 6.797980577945709229e+02 3.627000000000000000e+03 0.000000000000000000e+00
7.200000000000000000e+01 4.000000000000000000e+00 4.000000000000000000e+00 4.253280077811192721e+07 4.253280077811192721e+07 4.608975377798274159e+07 4.608975377798274159e+07 7.009284691810607910e+02 4.227000000000000000e+03 0.000000000000000000e+00
7.300000000000000000e+01 4.000000000000000000e+00 4.000000000000000000e+00 4.142065668612965196e+07 4.142065668612965196e+07 4.692599151115307212e+07 4.692599151115307212e+07 1.616027550458908081e+03 9.777000000000000000e+03 0.000000000000000000e+00
7.400000000000000000e+01 4.000000000000000000e+00 4.000000000000000000e+00 4.251483654591926187e+07 4.251483654591926187e+07 4.695795347842789441e+07 4.695795347842789441e+07 3.102092247724533081e+03 2.147700000000000000e+04 0.000000000000000000e+00
7.500000000000000000e+01 4.000000000000000000e+00 4.000000000000000000e+00 4.192025951385938376e+07 4.192025951385938376e+07 4.743725587440814078e+07 4.743725587440814078e+07 1.894605206727981567e+03 1.187700000000000000e+04 0.000000000000000000e+00
7.600000000000000000e+01 4.000000000000000000e+00 4.000000000000000000e+00 4.061537154806381464e+07 4.061537154806381464e+07 4.586934696340104192e+07 4.586934696340104192e+07 9.270466873645782471e+02 4.677000000000000000e+03 0.000000000000000000e+00
7.700000000000000000e+01 4.000000000000000000e+00 4.000000000000000000e+00 4.233147455147617310e+07 4.233147455147617310e+07 4.508529704002591968e+07 4.508529704002591968e+07 1.680061738491058350e+03 7.227000000000000000e+03 0.000000000000000000e+00
7.800000000000000000e+01 4.000000000000000000e+00 4.000000000000000000e+00 4.165320986014239490e+07 4.165320986014239490e+07 4.520534544031962007e+07 4.520534544031962007e+07 2.327151385545730591e+03 5.577000000000000000e+03 0.000000000000000000e+00
7.900000000000000000e+01 4.000000000000000000e+00 4.000000000000000000e+00 4.196581672301393002e+07 4.196581672301393002e+07 4.579724078134755790e+07 4.579724078134755790e+07 1.075702792644500732e+03 5.277000000000000000e+03 0.000000000000000000e+00
8.000000000000000000e+01 4.000000000000000000e+00 4.000000000000000000e+00 3.902221653949472308e+07 3.902221653949472308e+07 4.605024603122065961e+07 4.605024603122065961e+07 2.305298818111419678e+03 6.777000000000000000e+03 0.000000000000000000e+00
8.100000000000000000e+01 4.000000000000000000e+00 4.000000000000000000e+00 4.314823691950660199e+07 4.314823691950660199e+07 4.702893218596232682e+07 4.702893218596232682e+07 3.269780750036239624e+03 1.907700000000000000e+04 0.000000000000000000e+00
8.200000000000000000e+01 4.000000000000000000e+00 4.000000000000000000e+00 4.299087758079584688e+07 4.299087758079584688e+07 4.577952305157666653e+07 4.577952305157666653e+07 1.286621999263763428e+03 5.877000000000000000e+03 0.000000000000000000e+00
8.300000000000000000e+01 4.000000000000000000e+00 4.000000000000000000e+00 4.249224889239273965e+07 4.249224889239273965e+07 4.526811845651522279e+07 4.526811845651522279e+07 8.553982486724853516e+02 4.227000000000000000e+03 0.000000000000000000e+00
8.400000000000000000e+01 4.000000000000000000e+00 4.000000000000000000e+00 4.164976586924917251e+07 4.164976586924917251e+07 4.756523693159570545e+07 4.756523693159570545e+07 2.557630542755126953e+03 1.292700000000000000e+04 0.000000000000000000e+00
8.500000000000000000e+01 4.000000000000000000e+00 4.000000000000000000e+00 4.110300323639786243e+07 4.110300323639786243e+07 4.699841811542295665e+07 4.699841811542295665e+07 2.485565356492996216e+03 9.177000000000000000e+03 0.000000000000000000e+00
8.600000000000000000e+01 4.000000000000000000e+00 4.000000000000000000e+00 3.998133812244552374e+07 3.998133812244552374e+07 4.693316248441318423e+07 4.693316248441318423e+07 3.086198986768722534e+03 1.247700000000000000e+04 0.000000000000000000e+00
8.700000000000000000e+01 4.000000000000000000e+00 4.000000000000000000e+00 4.191271180561704189e+07 4.191271180561704189e+07 4.654669311610854417e+07 4.654669311610854417e+07 9.210413584709167480e+02 4.677000000000000000e+03 0.000000000000000000e+00
8.800000000000000000e+01 4.000000000000000000e+00 4.000000000000000000e+00 4.124306113956252486e+07 4.124306113956252486e+07 4.623761923147635162e+07 4.623761923147635162e+07 1.147793947458267212e+03 6.477000000000000000e+03 0.000000000000000000e+00
8.900000000000000000e+01 4.000000000000000000e+00 4.000000000000000000e+00 4.139936544837258011e+07 4.139936544837258011e+07 4.549433171268461645e+07 4.549433171268461645e+07 1.014538733482360840e+03 5.727000000000000000e+03 0.000000000000000000e+00
9.000000000000000000e+01 4.000000000000000000e+00 4.000000000000000000e+00 4.139185727235850692e+07 4.139185727235850692e+07 4.440725004569992423e+07 4.440725004569992423e+07 8.579435842037200928e+02 4.827000000000000000e+03 0.000000000000000000e+00
9.100000000000000000e+01 4.000000000000000000e+00 4.000000000000000000e+00 4.211200897743219882e+07 4.211200897743219882e+07 4.692331767959796637e+07 4.692331767959796637e+07 1.202919594049453735e+03 6.777000000000000000e+03 0.000000000000000000e+00
9.200000000000000000e+01 4.000000000000000000e+00 4.000000000000000000e+00 4.099649613827949762e+07 4.099649613827949762e+07 4.629569500137455761e+07 4.629569500137455761e+07 1.861032645702362061e+03 1.157700000000000000e+04 0.000000000000000000e+00
9.300000000000000000e+01 4.000000000000000000e+00 4.000000000000000000e+00 4.197375658878766745e+07 4.197375658878766745e+07 4.524264242266972363e+07 4.524264242266972363e+07 5.275336139202117920e+02 3.177000000000000000e+03 0.000000000000000000e+00
9.400000000000000000e+01 4.000000000000000000e+00 4.000000000000000000e+00 4.108432151778594404e+07 4.108432151778594404e+07 4.653694879250308126e+07 4.653694879250308126e+07 4.378213331699371338e+02 2.877000000000000000e+03 0.000000000000000000e+00
9.500000000000000000e+01 4.000000000000000000e+00 4.000000000000000000e+00 4.066503455153079331e+07 4.066503455153079331e+07 4.588169797705952078e+07 4.588169797705952078e+07 1.664214155197143555e+03 1.097700000000000000e+04 0.000000000000000000e+00
9.600000000000000000e+01 4.000000000000000000e+00 4.000000000000000000e+00 4.296724406424658746e+07 4.296724406424658746e+07 4.674399248768218607e+07 4.674399248768218607e+07 2.061684947013854980e+03 1.337700000000000000e+04 0.000000000000000000e+00
9.700000000000000000e+01 4.000000000000000000e+00 4.000000000000000000e+00 4.095743747361805290e+07 4.095743747361805290e+07 4.693308104982459545e+07 4.693308104982459545e+07 2.685006954431533813e+03 1.847700000000000000e+04 0.000000000000000000e+00
9.800000000000000000e+01 4.000000000000000000e+00 4.000000000000000000e+00 4.094929822222442925e+07 4.094929822222442925e+07 4.585914188323790580e+07 4.585914188323790580e+07 8.738382160663604736e+02 5.127000000000000000e+03 0.000000000000000000e+00
9.900000000000000000e+01 4.000000000000000000e+00 4.000000000000000000e+00 4.234747975609365106e+07 4.234747975609365106e+07 4.683099595902369916e+07 4.683099595902369916e+07 1.840828581571578979e+03 1.187700000000000000e+04 0.000000000000000000e+00
1.020000000000000000e+02 4.000000000000000000e+00 4.000000000000000000e+00 4.127558359627427906e+07 4.127558359627427906e+07 4.682112974094508588e+07 4.682112974094508588e+07 3.166032238960266113e+03 1.307700000000000000e+04 0.000000000000000000e+00
1.030000000000000000e+02 4.000000000000000000e+00 4.000000000000000000e+00 3.928921254795883596e+07 3.928921254795883596e+07 4.567683895478802919e+07 4.567683895478802919e+07 1.160498578548431396e+03 5.727000000000000000e+03 0.000000000000000000e+00
1.040000000000000000e+02 4.000000000000000000e+00 4.000000000000000000e+00 4.286201131304994226e+07 4.286201131304994226e+07 4.565375547921214998e+07 4.565375547921214998e+07 1.251683058738708496e+03 5.277000000000000000e+03 0.000000000000000000e+00
1.060000000000000000e+02 4.000000000000000000e+00 4.000000000000000000e+00 3.873263137792018056e+07 3.873263137792018056e+07 4.519587898542559147e+07 4.519587898542559147e+07 6.719422392845153809e+02 3.477000000000000000e+03 0.000000000000000000e+00
1.070000000000000000e+02 4.000000000000000000e+00 4.000000000000000000e+00 4.065300763730660081e+07 4.065300763730660081e+07 4.460769557089246809e+07 4.460769557089246809e+07 4.868183536529541016e+02 2.727000000000000000e+03 0.000000000000000000e+00
1.080000000000000000e+02 4.000000000000000000e+00 4.000000000000000000e+00 4.112594374939062446e+07 4.112594374939062446e+07 4.615341651168612391e+07 4.615341651168612391e+07 7.080970280170440674e+02 3.477000000000000000e+03 0.000000000000000000e+00
1.090000000000000000e+02 4.000000000000000000e+00 4.000000000000000000e+00 3.922021583242944628e+07 3.922021583242944628e+07 4.376476781920020282e+07 4.376476781920020282e+07 1.152485795974731445e+03 5.577000000000000000e+03 0.000000000000000000e+00
1.100000000000000000e+02 4.000000000000000000e+00 4.000000000000000000e+00 3.989472844090300798e+07 3.989472844090300798e+07 4.492793409289544076e+07 4.492793409289544076e+07 1.616714081048965454e+03 5.427000000000000000e+03 0.000000000000000000e+00
1.110000000000000000e+02 4.000000000000000000e+00 4.000000000000000000e+00 3.885307394526699185e+07 3.885307394526699185e+07 4.567557441653697193e+07 4.567557441653697193e+07 1.224207125902175903e+03 5.727000000000000000e+03 0.000000000000000000e+00
1.140000000000000000e+02 4.000000000000000000e+00 4.000000000000000000e+00 4.322155739459050447e+07 4.322155739459050447e+07 4.696529708271559328e+07 4.696529708271559328e+07 1.912068118572235107e+03 1.097700000000000000e+04 0.000000000000000000e+00
1.150000000000000000e+02 4.000000000000000000e+00 4.000000000000000000e+00 4.058585070436151326e+07 4.058585070436151326e+07 4.629377114336362481e+07 4.629377114336362481e+07 1.411774996757507324e+03 7.677000000000000000e+03 0.000000000000000000e+00
1.160000000000000000e+02 4.000000000000000000e+00 4.000000000000000000e+00 4.241980572520601004e+07 4.241980572520601004e+07 4.591279730564117432e+07 4.591279730564117432e+07 1.381211445331573486e+03 4.977000000000000000e+03 0.000000000000000000e+00
1.170000000000000000e+02 4.000000000000000000e+00 4.000000000000000000e+00 4.110961726861370355e+07 4.110961726861370355e+07 4.710265655469690263e+07 4.710265655469690263e+07 1.084039831399917603e+03 5.427000000000000000e+03 0.000000000000000000e+00
1.180000000000000000e+02 4.000000000000000000e+00 4.000000000000000000e+00 4.132481603153025359e+07 4.132481603153025359e+07 4.639526476245997846e+07 4.639526476245997846e+07 1.255553660154342651e+03 4.527000000000000000e+03 0.000000000000000000e+00
1.190000000000000000e+02 4.000000000000000000e+00 4.000000000000000000e+00 4.096482786421274394e+07 4.096482786421274394e+07 4.637512234597497433e+07 4.637512234597497433e+07 1.728497260570526123e+03 6.177000000000000000e+03 0.000000000000000000e+00
1.200000000000000000e+02 4.000000000000000000e+00 4.000000000000000000e+00 4.083333845534741133e+07 4.083333845534741133e+07 4.639746375363837183e+07 4.639746375363837183e+07 3.026883555173873901e+03 1.127700000000000000e+04 0.000000000000000000e+00
1.210000000000000000e+02 4.000000000000000000e+00 4.000000000000000000e+00 4.276449461979562044e+07 4.276449461979562044e+07 4.592730307017836720e+07 4.592730307017836720e+07 8.514690642356872559e+02 4.377000000000000000e+03 0.000000000000000000e+00
1.220000000000000000e+02 4.000000000000000000e+00 4.000000000000000000e+00 4.116028549994644523e+07 4.116028549994644523e+07 4.649132825623551756e+07 4.649132825623551756e+07 1.748032582521438599e+03 6.777000000000000000e+03 0.000000000000000000e+00
1.230000000000000000e+02 4.000000000000000000e+00 4.000000000000000000e+00 4.164207611290442199e+07 4.164207611290442199e+07 4.629527198936679959e+07 4.629527198936679959e+07 2.371157184362411499e+03 8.127000000000000000e+03 0.000000000000000000e+00
1.240000000000000000e+02 4.000000000000000000e+00 4.000000000000000000e+00 4.034179596647406369e+07 4.034179596647406369e+07 4.615537298250134289e+07 4.615537298250134289e+07 7.963306550979614258e+02 3.927000000000000000e+03 0.000000000000000000e+00
1.250000000000000000e+02 4.000000000000000000e+00 4.000000000000000000e+00 4.178260940653720498e+07 4.178260940653720498e+07 4.584122652802341431e+07 4.584122652802341431e+07 3.116597795963287354e+03 1.262700000000000000e+04 0.000000000000000000e+00
1.260000000000000000e+02 4.000000000000000000e+00 4.000000000000000000e+00 4.174219556800362468e+07 4.174219556800362468e+07 4.536532751184853911e+07 4.536532751184853911e+07 8.573798644542694092e+02 4.227000000000000000e+03 0.000000000000000000e+00
1.280000000000000000e+02 4.000000000000000000e+00 4.000000000000000000e+00 4.084966300321436673e+07 4.084966300321436673e+07 4.659232877699977905e+07 4.659232877699977905e+07 2.725386848449707031e+03 1.277700000000000000e+04 0.000000000000000000e+00
1.290000000000000000e+02 4.000000000000000000e+00 4.000000000000000000e+00 4.188163420253349841e+07 4.188163420253349841e+07 4.617791153703309596e+07 4.617791153703309596e+07 2.372597697019577026e+03 8.127000000000000000e+03 0.000000000000000000e+00
1.300000000000000000e+02 4.000000000000000000e+00 4.000000000000000000e+00 3.989556305980468541e+07 3.989556305980468541e+07 4.628471802466201037e+07 4.628471802466201037e+07 2.437141963720321655e+03 1.112700000000000000e+04 0.000000000000000000e+00
1.310000000000000000e+02 4.000000000000000000e+00 4.000000000000000000e+00 3.988831785027799755e+07 3.988831785027799755e+07 4.687839176425339282e+07 4.687839176425339282e+07 2.744403036594390869e+03 1.337700000000000000e+04 0.000000000000000000e+00
1.320000000000000000e+02 4.000000000000000000e+00 4.000000000000000000e+00 4.131848616940218955e+07 4.131848616940218955e+07 4.526479613537818193e+07 4.526479613537818193e+07 1.082888477563858032e+03 5.577000000000000000e+03 0.000000000000000000e+00
1.330000000000000000e+02 4.000000000000000000e+00 4.000000000000000000e+00 3.988403934687208384e+07 3.988403934687208384e+07 4.639938300438670069e+07 4.639938300438670069e+07 3.155716533184051514e+03 1.592700000000000000e+04 0.000000000000000000e+00
1.340000000000000000e+02 4.000000000000000000e+00 4.000000000000000000e+00 4.004879854610972852e+07 4.004879854610972852e+07 4.638505144365546852e+07 4.638505144365546852e+07 9.958883981704711914e+02 5.127000000000000000e+03 0.000000000000000000e+00
1.350000000000000000e+02 4.000000000000000000e+00 4.000000000000000000e+00 4.344990877903147787e+07 4.344990877903147787e+07 4.738751665262275934e+07 4.738751665262275934e+07 3.388787205219268799e+03 1.352700000000000000e+04 0.000000000000000000e+00
1.360000000000000000e+02 4.000000000000000000e+00 4.000000000000000000e+00 4.228762903203906119e+07 4.228762903203906119e+07 4.684549441288460791e+07 4.684549441288460791e+07 2.576527117967605591e+03 1.157700000000000000e+04 0.000000000000000000e+00
1.370000000000000000e+02 4.000000000000000000e+00 4.000000000000000000e+00 4.282088181129832566e+07 4.282088181129832566e+07 4.680422490363740921e+07 4.680422490363740921e+07 2.981984160184860229e+03 1.112700000000000000e+04 0.000000000000000000e+00
1.390000000000000000e+02 4.000000000000000000e+00 4.000000000000000000e+00 4.229604241236401349e+07 4.229604241236401349e+07 4.577722307463466376e+07 4.577722307463466376e+07 1.850502107143402100e+03 6.027000000000000000e+03 0.000000000000000000e+00
1.400000000000000000e+02 4.000000000000000000e+00 4.000000000000000000e+00 3.939483055812732875e+07 3.939483055812732875e+07 4.582312465412124991e+07 4.582312465412124991e+07 2.405125509023666382e+03 1.442700000000000000e+04 0.000000000000000000e+00
1.410000000000000000e+02 4.000000000000000000e+00 4.000000000000000000e+00 4.189191158002641797e+07 4.189191158002641797e+07 4.570271432043785602e+07 4.570271432043785602e+07 9.087836203575134277e+02 4.377000000000000000e+03 0.000000000000000000e+00
1.420000000000000000e+02 4.000000000000000000e+00 4.000000000000000000e+00 3.996775714914937317e+07 3.996775714914937317e+07 4.648098480342502147e+07 4.648098480342502147e+07 1.685698891639709473e+03 8.577000000000000000e+03 0.000000000000000000e+00
1.430000000000000000e+02 4.000000000000000000e+00 4.000000000000000000e+00 4.094568808679459989e+07 4.094568808679459989e+07 4.516084964388386160e+07 4.516084964388386160e+07 8.586982259750366211e+02 3.927000000000000000e+03 0.000000000000000000e+00
1.440000000000000000e+02 4.000000000000000000e+00 4.000000000000000000e+00 4.146797106168726832e+07 4.146797106168726832e+07 4.568741790109286457e+07 4.568741790109286457e+07 1.051675295114517212e+03 5.577000000000000000e+03 0.000000000000000000e+00
1.450000000000000000e+02 4.000000000000000000e+00 4.000000000000000000e+00 4.076927569567233324e+07 4.076927569567233324e+07 4.533275042638742179e+07 4.533275042638742179e+07 1.801109101533889771e+03 9.177000000000000000e+03 0.000000000000000000e+00
1.460000000000000000e+02 4.000000000000000000e+00 4.000000000000000000e+00 4.333233267897482961e+07 4.333233267897482961e+07 4.693613714283234626e+07 4.693613714283234626e+07 1.872645352840423584e+03 9.777000000000000000e+03 0.000000000000000000e+00
1.470000000000000000e+02 4.000000000000000000e+00 4.000000000000000000e+00 4.187066561921890080e+07 4.187066561921890080e+07 4.630761173911755532e+07 4.630761173911755532e+07 1.015913028717041016e+03 4.977000000000000000e+03 0.000000000000000000e+00
1.480000000000000000e+02 4.000000000000000000e+00 4.000000000000000000e+00 4.081714714167819172e+07 4.081714714167819172e+07 4.686209202282630652e+07 4.686209202282630652e+07 2.080878403902053833e+03 1.172700000000000000e+04 0.000000000000000000e+00
1.490000000000000000e+02 4.000000000000000000e+00 4.000000000000000000e+00 4.193172144900646061e+07 4.193172144900646061e+07 4.636071226004298031e+07 4.636071226004298031e+07 2.047361678361892700e+03 1.097700000000000000e+04 0.000000000000000000e+00
1.500000000000000000e+02 4.000000000000000000e+00 4.000000000000000000e+00 4.007577239874927700e+07 4.007577239874927700e+07 4.681256117242628336e+07 4.681256117242628336e+07 2.321685587167739868e+03 1.247700000000000000e+04 0.000000000000000000e+00
1.510000000000000000e+02 4.000000000000000000e+00 4.000000000000000000e+00 3.936096398520080000e+07 3.936096398520080000e+07 4.663291749068877846e+07 4.663291749068877846e+07 1.653885625839233398e+03 8.427000000000000000e+03 0.000000000000000000e+00
1.520000000000000000e+02 4.000000000000000000e+00 4.000000000000000000e+00 4.182253896792809665e+07 4.182253896792809665e+07 4.576065036927010119e+07 4.576065036927010119e+07 8.559138801097869873e+02 4.527000000000000000e+03 0.000000000000000000e+00
1.530000000000000000e+02 4.000000000000000000e+00 4.000000000000000000e+00 4.048929135997879505e+07 4.048929135997879505e+07 4.607662276899284869e+07 4.607662276899284869e+07 1.472581782579421997e+03 6.477000000000000000e+03 0.000000000000000000e+00
1.540000000000000000e+02 4.000000000000000000e+00 4.000000000000000000e+00 3.934403282821772993e+07 3.934403282821772993e+07 4.495132205966901779e+07 4.495132205966901779e+07 9.444113738536834717e+02 4.527000000000000000e+03 0.000000000000000000e+00
1.550000000000000000e+02 4.000000000000000000e+00 4.000000000000000000e+00 4.032617860785188526e+07 4.032617860785188526e+07 4.533707513398905098e+07 4.533707513398905098e+07 9.507621409893035889e+02 4.677000000000000000e+03 0.000000000000000000e+00
1.560000000000000000e+02 4.000000000000000000e+00 4.000000000000000000e+00 4.274249435903362185e+07 4.274249435903362185e+07 4.576627979943262786e+07 4.576627979943262786e+07 1.229414079189300537e+03 5.277000000000000000e+03 0.000000000000000000e+00
1.570000000000000000e+02 4.000000000000000000e+00 4.000000000000000000e+00 4.166250905364854634e+07 4.166250905364854634e+07 4.634436610108828545e+07 4.634436610108828545e+07 1.136461049318313599e+03 5.277000000000000000e+03 0.000000000000000000e+00
1.580000000000000000e+02 4.000000000000000000e+00 4.000000000000000000e+00 4.101990312417975813e+07 4.101990312417975813e+07 4.606672484369635582e+07 4.606672484369635582e+07 1.061285368442535400e+03 5.577000000000000000e+03 0.000000000000000000e+00
1.590000000000000000e+02 4.000000000000000000e+00 4.000000000000000000e+00 4.028860490056038648e+07 4.028860490056038648e+07 4.644912953917211294e+07 4.644912953917211294e+07 1.133383597850799561e+03 5.427000000000000000e+03 0.000000000000000000e+00
1.600000000000000000e+02 4.000000000000000000e+00 4.000000000000000000e+00 4.287084930029293895e+07 4.287084930029293895e+07 4.727193205021351576e+07 4.727193205021351576e+07 1.703404216527938843e+03 8.877000000000000000e+03 0.000000000000000000e+00
1.610000000000000000e+02 4.000000000000000000e+00 4.000000000000000000e+00 4.158431676982374489e+07 4.158431676982374489e+07 4.624035998785510659e+07 4.624035998785510659e+07 1.291142373561859131e+03 6.327000000000000000e+03 0.000000000000000000e+00
1.620000000000000000e+02 4.000000000000000000e+00 4.000000000000000000e+00 4.221716734099772573e+07 4.221716734099772573e+07 4.586966943452382088e+07 4.586966943452382088e+07 9.283496506214141846e+02 4.527000000000000000e+03 0.000000000000000000e+00
1.630000000000000000e+02 4.000000000000000000e+00 4.000000000000000000e+00 4.150744606655482948e+07 4.150744606655482948e+07 4.556195279642840475e+07 4.556195279642840475e+07 1.045247187614440918e+03 5.277000000000000000e+03 0.000000000000000000e+00
1.640000000000000000e+02 4.000000000000000000e+00 4.000000000000000000e+00 4.218619181539744884e+07 4.218619181539744884e+07 4.683613485101133585e+07 4.683613485101133585e+07 1.900211858749389648e+03 1.052700000000000000e+04 0.000000000000000000e+00
1.650000000000000000e+02 4.000000000000000000e+00 4.000000000000000000e+00 3.977939797597095370e+07 3.977939797597095370e+07 4.705930961012168229e+07 4.705930961012168229e+07 1.399491861343383789e+03 7.077000000000000000e+03 0.000000000000000000e+00
1.660000000000000000e+02 4.000000000000000000e+00 4.000000000000000000e+00 4.289760095028038323e+07 4.289760095028038323e+07 4.555165942439270020e+07 4.555165942439270020e+07 7.732830400466918945e+02 4.077000000000000000e+03 0.000000000000000000e+00
1.670000000000000000e+02 4.000000000000000000e+00 4.000000000000000000e+00 4.303894753808802366e+07 4.303894753808802366e+07 4.591868346885094047e+07 4.591868346885094047e+07 6.538113739490509033e+02 3.477000000000000000e+03 0.000000000000000000e+00
1.680000000000000000e+02 4.000000000000000000e+00 4.000000000000000000e+00 4.275663726254848391e+07 4.275663726254848391e+07 4.586399655158215761e+07 4.586399655158215761e+07 1.405962604999542236e+03 6.627000000000000000e+03 0.000000000000000000e+00
1.690000000000000000e+02 4.000000000000000000e+00 4.000000000000000000e+00 4.091359162441904843e+07 4.091359162441904843e+07 4.605472151657935977e+07 4.605472151657935977e+07 1.307599242448806763e+03 6.177000000000000000e+03 0.000000000000000000e+00
1.700000000000000000e+02 4.000000000000000000e+00 4.000000000000000000e+00 4.074968835664745420e+07 4.074968835664745420e+07 4.612317094205933064e+07 4.612317094205933064e+07 2.056761519193649292e+03 1.082700000000000000e+04 0.000000000000000000e+00
1.710000000000000000e+02 4.000000000000000000e+00 4.000000000000000000e+00 4.175251240590834618e+07 4.175251240590834618e+07 4.702594875398598611e+07 4.702594875398598611e+07 1.903256305456161499e+03 1.007700000000000000e+04 0.000000000000000000e+00
1.720000000000000000e+02 4.000000000000000000e+00 4.000000000000000000e+00 3.984870932591533661e+07 3.984870932591533661e+07 4.539063483631637692e+07 4.539063483631637692e+07 1.471422327280044556e+03 6.477000000000000000e+03 0.000000000000000000e+00
1.730000000000000000e+02 4.000000000000000000e+00 4.000000000000000000e+00 4.211146614364717901e+07 4.211146614364717901e+07 4.680101795599220693e+07 4.680101795599220693e+07 1.681948563575744629e+03 8.877000000000000000e+03 0.000000000000000000e+00
1.740000000000000000e+02 4.000000000000000000e+00 4.000000000000000000e+00 4.075514181989786029e+07 4.075514181989786029e+07 4.567692436401991546e+07 4.567692436401991546e+07 1.318405589103698730e+03 6.927000000000000000e+03 0.000000000000000000e+00
1.750000000000000000e+02 4.000000000000000000e+00 4.000000000000000000e+00 4.268474141068857163e+07 4.268474141068857163e+07 4.635464966219655424e+07 4.635464966219655424e+07 1.222019248247146606e+03 6.327000000000000000e+03 0.000000000000000000e+00
1.760000000000000000e+02 4.000000000000000000e+00 4.000000000000000000e+00 4.258287925829862058e+07 4.258287925829862058e+07 4.435524487843941897e+07 4.435524487843941897e+07 8.494643867015838623e+02 4.227000000000000000e+03 0.000000000000000000e+00
1.770000000000000000e+02 4.000000000000000000e+00 4.000000000000000000e+00 4.201825186121141911e+07 4.201825186121141911e+07 4.520899518509851396e+07 4.520899518509851396e+07 9.927467279434204102e+02 4.527000000000000000e+03 0.000000000000000000e+00
1.780000000000000000e+02 4.000000000000000000e+00 4.000000000000000000e+00 4.042620967630542815e+07 4.042620967630542815e+07 4.646889336003681272e+07 4.646889336003681272e+07 1.138755087375640869e+03 6.027000000000000000e+03 0.000000000000000000e+00
1.790000000000000000e+02 4.000000000000000000e+00 4.000000000000000000e+00 4.370069894988399744e+07 4.370069894988399744e+07 4.614149275505317748e+07 4.614149275505317748e+07 8.282646150588989258e+02 3.927000000000000000e+03 0.000000000000000000e+00
1.800000000000000000e+02 4.000000000000000000e+00 4.000000000000000000e+00 4.030213020895846933e+07 4.030213020895846933e+07 4.625536506886091828e+07 4.625536506886091828e+07 1.708588557958602905e+03 9.027000000000000000e+03 0.000000000000000000e+00
1.810000000000000000e+02 4.000000000000000000e+00 4.000000000000000000e+00 4.054559587628934532e+07 4.054559587628934532e+07 4.468116756300706416e+07 4.468116756300706416e+07 9.339668815135955811e+02 4.527000000000000000e+03 0.000000000000000000e+00
1.820000000000000000e+02 4.000000000000000000e+00 4.000000000000000000e+00 3.872788698584931344e+07 3.872788698584931344e+07 4.521854136670465767e+07 4.521854136670465767e+07 1.381498755693435669e+03 7.227000000000000000e+03 0.000000000000000000e+00
1.830000000000000000e+02 4.000000000000000000e+00 4.000000000000000000e+00 3.989391075091114640e+07 3.989391075091114640e+07 4.635720703313245624e+07 4.635720703313245624e+07 1.158908268213272095e+03 5.277000000000000000e+03 0.000000000000000000e+00
1.840000000000000000e+02 4.000000000000000000e+00 4.000000000000000000e+00 3.963264804225465655e+07 3.963264804225465655e+07 4.530240956176751107e+07 4.530240956176751107e+07 8.120891702175140381e+02 4.227000000000000000e+03 0.000000000000000000e+00
1.850000000000000000e+02 4.000000000000000000e+00 4.000000000000000000e+00 4.252304963808313012e+07 4.252304963808313012e+07 4.631231216719914973e+07 4.631231216719914973e+07 1.558399110794067383e+03 7.227000000000000000e+03 0.000000000000000000e+00
1.860000000000000000e+02 4.000000000000000000e+00 4.000000000000000000e+00 4.169673916140139848e+07 4.169673916140139848e+07 4.620684297214911133e+07 4.620684297214911133e+07 6.367489914894104004e+02 3.177000000000000000e+03 0.000000000000000000e+00
1.870000000000000000e+02 4.000000000000000000e+00 4.000000000000000000e+00 4.196737587956859916e+07 4.196737587956859916e+07 4.610369894916322082e+07 4.610369894916322082e+07 1.027383866786956787e+03 5.127000000000000000e+03 0.000000000000000000e+00
1.880000000000000000e+02 4.000000000000000000e+00 4.000000000000000000e+00 4.265690883219370246e+07 4.265690883219370246e+07 4.636419395354908705e+07 4.636419395354908705e+07 1.278972803354263306e+03 6.327000000000000000e+03 0.000000000000000000e+00
1.890000000000000000e+02 4.000000000000000000e+00 4.000000000000000000e+00 3.994739887854374945e+07 3.994739887854374945e+07 4.682285995586246252e+07 4.682285995586246252e+07 1.497530713796615601e+03 7.077000000000000000e+03 0.000000000000000000e+00
1.900000000000000000e+02 4.000000000000000000e+00 4.000000000000000000e+00 4.265330935247439146e+07 4.265330935247439146e+07 4.513783486701954901e+07 4.513783486701954901e+07 1.232200805425643921e+03 6.177000000000000000e+03 0.000000000000000000e+00
1.910000000000000000e+02 4.000000000000000000e+00 4.000000000000000000e+00 4.272450632847636938e+07 4.272450632847636938e+07 4.567521461340880394e+07 4.567521461340880394e+07 1.116488319635391235e+03 5.577000000000000000e+03 0.000000000000000000e+00
1.920000000000000000e+02 4.000000000000000000e+00 4.000000000000000000e+00 4.260234652457247674e+07 4.260234652457247674e+07 4.357078141655573994e+07 4.357078141655573994e+07 8.784142858982086182e+02 4.227000000000000000e+03 0.000000000000000000e+00
1.930000000000000000e+02 4.000000000000000000e+00 4.000000000000000000e+00 4.141898608301782608e+07 4.141898608301782608e+07 4.529979876161828637e+07 4.529979876161828637e+07 9.294948475360870361e+02 4.977000000000000000e+03 0.000000000000000000e+00
1.940000000000000000e+02 4.000000000000000000e+00 4.000000000000000000e+00 4.135498360915272683e+07 4.135498360915272683e+07 4.609233655178581923e+07 4.609233655178581923e+07 1.505966160774230957e+03 7.977000000000000000e+03 0.000000000000000000e+00
1.950000000000000000e+02 4.000000000000000000e+00 4.000000000000000000e+00 4.006347923287416995e+07 4.006347923287416995e+07 4.492547122026328743e+07 4.492547122026328743e+07 1.435532444000244141e+03 5.577000000000000000e+03 0.000000000000000000e+00
1.960000000000000000e+02 4.000000000000000000e+00 4.000000000000000000e+00 4.078829242409407347e+07 4.078829242409407347e+07 4.571782782896634936e+07 4.571782782896634936e+07 1.675852612733840942e+03 6.177000000000000000e+03 0.000000000000000000e+00
1.970000000000000000e+02 4.000000000000000000e+00 4.000000000000000000e+00 4.104933380893199891e+07 4.104933380893199891e+07 4.575338420657106489e+07 4.575338420657106489e+07 1.006371078968048096e+03 4.677000000000000000e+03 0.000000000000000000e+00
1.980000000000000000e+02 4.000000000000000000e+00 4.000000000000000000e+00 4.161946157508195192e+07 4.161946157508195192e+07 4.506421528292158246e+07 4.506421528292158246e+07 7.176823778152465820e+02 3.627000000000000000e+03 0.000000000000000000e+00
1.990000000000000000e+02 4.000000000000000000e+00 4.000000000000000000e+00 3.920372534664507210e+07 3.920372534664507210e+07 4.598314147114023566e+07 4.598314147114023566e+07 1.314636264085769653e+03 6.177000000000000000e+03 0.000000000000000000e+00
