# alpso wec results: id, AEP init (Whr), AEP final (Whr), fcalls total
0.000000000000000000e+00 1.533390139744620972e+11 1.659931708954008484e+11 2.646000000000000000e+04
1.000000000000000000e+00 1.295619299413524933e+11 1.624526075958749695e+11 2.646000000000000000e+04
2.000000000000000000e+00 1.285076507444450226e+11 1.629154531176685181e+11 2.646000000000000000e+04
3.000000000000000000e+00 1.370795951011385651e+11 1.631665955087291260e+11 2.646000000000000000e+04
4.000000000000000000e+00 1.360097631636491089e+11 1.634000843556784973e+11 2.646000000000000000e+04
5.000000000000000000e+00 1.314642500784345856e+11 1.640716230665623779e+11 2.646000000000000000e+04
6.000000000000000000e+00 1.311704942747435303e+11 1.628811238366239624e+11 2.646000000000000000e+04
7.000000000000000000e+00 1.331455594190173340e+11 1.629885663411272278e+11 2.646000000000000000e+04
8.000000000000000000e+00 1.317808626282849274e+11 1.598628700877304688e+11 2.646000000000000000e+04
9.000000000000000000e+00 1.300735607836976929e+11 1.619977026257769470e+11 2.646000000000000000e+04
1.000000000000000000e+01 1.352004367268597260e+11 1.646898058146719971e+11 2.646000000000000000e+04
1.100000000000000000e+01 1.295632032412664795e+11 1.630628431384859009e+11 2.646000000000000000e+04
1.200000000000000000e+01 1.346700166141996460e+11 1.630684711478369446e+11 2.646000000000000000e+04
1.300000000000000000e+01 1.258637070024488831e+11 1.623945289889858093e+11 2.646000000000000000e+04
1.400000000000000000e+01 1.291629060135164795e+11 1.639345520455010681e+11 2.646000000000000000e+04
1.500000000000000000e+01 1.291151882804242859e+11 1.639837250774862976e+11 2.646000000000000000e+04
1.600000000000000000e+01 1.359521151598657379e+11 1.631470033975442810e+11 2.646000000000000000e+04
1.700000000000000000e+01 1.311791844401716309e+11 1.615307230926722717e+11 2.646000000000000000e+04
1.800000000000000000e+01 1.273687011075628204e+11 1.627993175135834961e+11 2.646000000000000000e+04
1.900000000000000000e+01 1.387477968614086914e+11 1.638006406546361389e+11 2.646000000000000000e+04
2.000000000000000000e+01 1.339450092914439697e+11 1.632658550360556030e+11 2.646000000000000000e+04
2.100000000000000000e+01 1.330622974566752777e+11 1.625054924100735779e+11 2.646000000000000000e+04
2.200000000000000000e+01 1.368964821305337524e+11 1.623805124856799622e+11 2.646000000000000000e+04
2.300000000000000000e+01 1.304405570395938110e+11 1.634430477229823608e+11 2.646000000000000000e+04
2.400000000000000000e+01 1.303188152729832306e+11 1.637655247059424133e+11 2.646000000000000000e+04
2.500000000000000000e+01 1.305697724197355194e+11 1.642486070033280945e+11 2.646000000000000000e+04
2.600000000000000000e+01 1.318120665511827087e+11 1.629017818745533447e+11 2.646000000000000000e+04
2.700000000000000000e+01 1.333580535498808899e+11 1.625951652136431580e+11 2.646000000000000000e+04
2.800000000000000000e+01 1.358991776494616241e+11 1.627765580956489563e+11 2.646000000000000000e+04
2.900000000000000000e+01 1.373561241274532013e+11 1.645609613990937195e+11 2.646000000000000000e+04
3.000000000000000000e+01 1.348616969452922668e+11 1.629064037312846680e+11 2.646000000000000000e+04
3.100000000000000000e+01 1.295466536011721802e+11 1.641836847649904175e+11 2.646000000000000000e+04
3.200000000000000000e+01 1.324579887815756531e+11 1.639527527232521057e+11 2.646000000000000000e+04
3.300000000000000000e+01 1.309999882329913025e+11 1.626238280638171082e+11 2.646000000000000000e+04
3.400000000000000000e+01 1.307502185336024017e+11 1.630751340046400452e+11 2.646000000000000000e+04
3.500000000000000000e+01 1.279050686861706238e+11 1.623412334079609985e+11 2.646000000000000000e+04
3.600000000000000000e+01 1.345306585947497253e+11 1.632731466378215637e+11 2.646000000000000000e+04
3.700000000000000000e+01 1.400571842597610779e+11 1.623925969099312744e+11 2.646000000000000000e+04
3.800000000000000000e+01 1.306746989684546051e+11 1.645221233244727173e+11 2.646000000000000000e+04
3.900000000000000000e+01 1.339265670666113434e+11 1.623629795137052612e+11 2.646000000000000000e+04
4.000000000000000000e+01 1.347393267378887787e+11 1.621540943737857666e+11 2.646000000000000000e+04
4.100000000000000000e+01 1.347259026652666016e+11 1.625200157368431702e+11 2.646000000000000000e+04
4.200000000000000000e+01 1.366204699115237274e+11 1.633709569840139465e+11 2.646000000000000000e+04
4.300000000000000000e+01 1.296238951237811737e+11 1.630173765370974121e+11 2.646000000000000000e+04
4.400000000000000000e+01 1.349241215149185028e+11 1.636851636856162720e+11 2.646000000000000000e+04
4.500000000000000000e+01 1.352124852722090759e+11 1.627040163945370483e+11 2.646000000000000000e+04
4.600000000000000000e+01 1.326454032877826233e+11 1.624950290576774292e+11 2.646000000000000000e+04
4.700000000000000000e+01 1.318119624142631073e+11 1.625617168831977539e+11 2.646000000000000000e+04
4.800000000000000000e+01 1.322391893253500214e+11 1.614682122073256836e+11 2.646000000000000000e+04
4.900000000000000000e+01 1.343116764892688141e+11 1.632841370975396118e+11 2.646000000000000000e+04
5.000000000000000000e+01 1.320857980769679108e+11 1.630677423838400879e+11 2.646000000000000000e+04
5.100000000000000000e+01 1.349056836508889465e+11 1.636463622736327209e+11 2.646000000000000000e+04
5.200000000000000000e+01 1.329383190674436798e+11 1.633854519791513367e+11 2.646000000000000000e+04
5.300000000000000000e+01 1.303731735460772705e+11 1.638470818806533508e+11 2.646000000000000000e+04
5.400000000000000000e+01 1.328358677061952209e+11 1.627290074985988159e+11 2.646000000000000000e+04
5.500000000000000000e+01 1.357479575146516571e+11 1.622527961954567566e+11 2.646000000000000000e+04
5.600000000000000000e+01 1.341892256951734924e+11 1.636608375424173279e+11 2.646000000000000000e+04
5.700000000000000000e+01 1.372481865080830383e+11 1.630171072708067627e+11 2.646000000000000000e+04
5.800000000000000000e+01 1.337561347650076599e+11 1.632996770909786377e+11 2.646000000000000000e+04
5.900000000000000000e+01 1.320589562567523346e+11 1.626707363540794067e+11 2.646000000000000000e+04
6.000000000000000000e+01 1.334265982104864960e+11 1.629484819378429565e+11 2.646000000000000000e+04
6.100000000000000000e+01 1.376707775355710449e+11 1.632072018372428284e+11 2.646000000000000000e+04
6.200000000000000000e+01 1.385537248899561157e+11 1.636803113795172119e+11 2.646000000000000000e+04
6.300000000000000000e+01 1.328717204532525330e+11 1.625675800094589233e+11 2.646000000000000000e+04
6.400000000000000000e+01 1.264519693887743378e+11 1.629247940554555054e+11 2.646000000000000000e+04
6.500000000000000000e+01 1.295279465090803680e+11 1.631138537606569824e+11 2.646000000000000000e+04
6.600000000000000000e+01 1.386987713685267639e+11 1.628615208787101440e+11 2.646000000000000000e+04
6.700000000000000000e+01 1.348196124658019562e+11 1.624476446986568909e+11 2.646000000000000000e+04
6.800000000000000000e+01 1.341840323999063568e+11 1.620084280923720703e+11 2.646000000000000000e+04
6.900000000000000000e+01 1.314810741205542450e+11 1.619217361907367249e+11 2.646000000000000000e+04
7.000000000000000000e+01 1.307472314934651031e+11 1.625261524191737671e+11 2.646000000000000000e+04
7.100000000000000000e+01 1.271785389037184906e+11 1.623365924270592041e+11 2.646000000000000000e+04
7.200000000000000000e+01 1.353409121736965790e+11 1.633155477812343445e+11 2.646000000000000000e+04
7.300000000000000000e+01 1.337684194169633026e+11 1.620957712978013000e+11 2.646000000000000000e+04
7.400000000000000000e+01 1.373385797116086121e+11 1.625502060645258484e+11 2.646000000000000000e+04
7.500000000000000000e+01 1.360574994160883789e+11 1.637472101089567871e+11 2.646000000000000000e+04
7.600000000000000000e+01 1.321788306546945953e+11 1.638455494088114624e+11 2.646000000000000000e+04
7.700000000000000000e+01 1.360007501242707367e+11 1.638348339901981506e+11 2.646000000000000000e+04
7.800000000000000000e+01 1.350827815215594177e+11 1.632805081385808411e+11 2.646000000000000000e+04
7.900000000000000000e+01 1.331480252059898987e+11 1.625746965052674561e+11 2.646000000000000000e+04
8.000000000000000000e+01 1.260279221843246307e+11 1.623397480091852722e+11 2.646000000000000000e+04
8.100000000000000000e+01 1.389317411155026245e+11 1.641472353453070679e+11 2.646000000000000000e+04
8.200000000000000000e+01 1.366643819625511169e+11 1.625705507040486145e+11 2.646000000000000000e+04
8.300000000000000000e+01 1.354827744265988770e+11 1.619473990575170593e+11 2.646000000000000000e+04
8.400000000000000000e+01 1.363780303821896362e+11 1.615131150436330566e+11 2.646000000000000000e+04
8.500000000000000000e+01 1.324030754085644379e+11 1.630987167506883240e+11 2.646000000000000000e+04
8.600000000000000000e+01 1.275251189217265625e+11 1.647263323025905457e+11 2.646000000000000000e+04
8.700000000000000000e+01 1.367734071200947113e+11 1.627908067400913086e+11 2.646000000000000000e+04
8.800000000000000000e+01 1.334265963467357178e+11 1.634263246582740784e+11 2.646000000000000000e+04
8.900000000000000000e+01 1.331525450823083649e+11 1.634513891904103394e+11 2.646000000000000000e+04
9.000000000000000000e+01 1.343683348099146423e+11 1.626228879831000977e+11 2.646000000000000000e+04
9.100000000000000000e+01 1.364333697783539276e+11 1.627529099863010559e+11 2.646000000000000000e+04
9.200000000000000000e+01 1.329565497798619537e+11 1.632263299639387207e+11 2.646000000000000000e+04
9.300000000000000000e+01 1.367394850303303375e+11 1.637247027555276184e+11 2.646000000000000000e+04
9.400000000000000000e+01 1.326719694031057129e+11 1.624829601001507568e+11 2.646000000000000000e+04
9.500000000000000000e+01 1.330825264867765808e+11 1.634900952043489075e+11 2.646000000000000000e+04
9.600000000000000000e+01 1.379720127607906189e+11 1.642704513646335144e+11 2.646000000000000000e+04
9.700000000000000000e+01 1.337653779570225220e+11 1.626266270244785156e+11 2.646000000000000000e+04
9.800000000000000000e+01 1.323278085939794464e+11 1.615917656391683655e+11 2.646000000000000000e+04
9.900000000000000000e+01 1.367954413368946075e+11 1.624914292362593994e+11 2.646000000000000000e+04
1.000000000000000000e+02 1.364331891794251251e+11 1.631716966435371094e+11 2.646000000000000000e+04
1.010000000000000000e+02 1.348164408360273590e+11 1.635271113584088745e+11 2.646000000000000000e+04
1.020000000000000000e+02 1.339962749838096466e+11 1.634307357797603455e+11 2.646000000000000000e+04
1.030000000000000000e+02 1.282738044079990845e+11 1.629728951538896484e+11 2.646000000000000000e+04
1.040000000000000000e+02 1.386108539299563599e+11 1.631072504401716003e+11 2.646000000000000000e+04
1.050000000000000000e+02 1.372077872715809631e+11 1.627297903766683044e+11 2.646000000000000000e+04
1.060000000000000000e+02 1.268854580822440643e+11 1.613890106757208557e+11 2.646000000000000000e+04
1.070000000000000000e+02 1.350796261022532043e+11 1.628835848387251587e+11 2.646000000000000000e+04
1.080000000000000000e+02 1.352885808211193085e+11 1.625155830464961853e+11 2.646000000000000000e+04
1.090000000000000000e+02 1.269378984595021210e+11 1.610508596933733521e+11 2.646000000000000000e+04
1.100000000000000000e+02 1.305111787627122040e+11 1.622626694075527039e+11 2.646000000000000000e+04
1.110000000000000000e+02 1.259330020143000946e+11 1.637158489417979431e+11 2.646000000000000000e+04
1.120000000000000000e+02 1.323506466513163452e+11 1.628026152003612061e+11 2.646000000000000000e+04
1.130000000000000000e+02 1.321104039936306000e+11 1.633872451202916260e+11 2.646000000000000000e+04
1.140000000000000000e+02 1.395763372246738281e+11 1.636380744370029907e+11 2.646000000000000000e+04
1.150000000000000000e+02 1.315018047249899750e+11 1.639983199210545654e+11 2.646000000000000000e+04
1.160000000000000000e+02 1.377644111192908020e+11 1.626897863243072815e+11 2.646000000000000000e+04
1.170000000000000000e+02 1.310141917867961121e+11 1.626128949581005554e+11 2.646000000000000000e+04
1.180000000000000000e+02 1.331529434451057129e+11 1.624173458795263367e+11 2.646000000000000000e+04
1.190000000000000000e+02 1.322427284923307343e+11 1.635980358085812378e+11 2.646000000000000000e+04
1.200000000000000000e+02 1.354695729377106476e+11 1.631066366623981323e+11 2.646000000000000000e+04
1.210000000000000000e+02 1.389098024065226440e+11 1.637234755917173157e+11 2.646000000000000000e+04
1.220000000000000000e+02 1.326625710011562347e+11 1.631403855350709839e+11 2.646000000000000000e+04
1.230000000000000000e+02 1.350065032596589661e+11 1.627096022605880432e+11 2.646000000000000000e+04
1.240000000000000000e+02 1.278090170245954742e+11 1.625316016416244507e+11 2.646000000000000000e+04
1.250000000000000000e+02 1.348402867038979797e+11 1.622889910316236267e+11 2.646000000000000000e+04
1.260000000000000000e+02 1.332230320705039520e+11 1.629412289865368347e+11 2.646000000000000000e+04
1.270000000000000000e+02 1.332698609548356171e+11 1.626225659936478882e+11 2.646000000000000000e+04
1.280000000000000000e+02 1.323092500774390564e+11 1.636274319042405396e+11 2.646000000000000000e+04
1.290000000000000000e+02 1.339224734454903259e+11 1.634879194280664978e+11 2.646000000000000000e+04
1.300000000000000000e+02 1.303170074600643311e+11 1.633641778945218811e+11 2.646000000000000000e+04
1.310000000000000000e+02 1.301105278370649567e+11 1.630268046992208252e+11 2.646000000000000000e+04
1.320000000000000000e+02 1.313878795683342590e+11 1.631059022775888977e+11 2.646000000000000000e+04
1.330000000000000000e+02 1.318937808994181366e+11 1.633895124562374878e+11 2.646000000000000000e+04
1.340000000000000000e+02 1.301521630552962952e+11 1.623198279384202271e+11 2.646000000000000000e+04
1.350000000000000000e+02 1.390471799519575195e+11 1.635421102151923828e+11 2.646000000000000000e+04
1.360000000000000000e+02 1.354210975301354523e+11 1.628594658811627197e+11 2.646000000000000000e+04
1.370000000000000000e+02 1.385888269697278137e+11 1.632616441043598328e+11 2.646000000000000000e+04
1.380000000000000000e+02 1.373892899473571777e+11 1.619864408444608765e+11 2.646000000000000000e+04
1.390000000000000000e+02 1.353750007987733459e+11 1.623728462916390686e+11 2.646000000000000000e+04
1.400000000000000000e+02 1.270407122563885498e+11 1.627352199107835999e+11 2.646000000000000000e+04
1.410000000000000000e+02 1.355290570257217560e+11 1.646421740112432861e+11 2.646000000000000000e+04
1.420000000000000000e+02 1.299658987845369415e+11 1.630063382639727173e+11 2.646000000000000000e+04
1.430000000000000000e+02 1.329818647362211761e+11 1.631020878690742493e+11 2.646000000000000000e+04
1.440000000000000000e+02 1.354880133548166504e+11 1.635735800710163269e+11 2.646000000000000000e+04
1.450000000000000000e+02 1.311350881466673584e+11 1.629697262996214600e+11 2.646000000000000000e+04
1.460000000000000000e+02 1.385931020604154358e+11 1.622475815214550781e+11 2.646000000000000000e+04
1.470000000000000000e+02 1.354838215397365112e+11 1.612866542878988647e+11 2.646000000000000000e+04
1.480000000000000000e+02 1.309046391100168152e+11 1.641113898638561096e+11 2.646000000000000000e+04
1.490000000000000000e+02 1.361283005798567810e+11 1.633686082576275024e+11 2.646000000000000000e+04
1.500000000000000000e+02 1.294286504288313751e+11 1.640369423298202209e+11 2.646000000000000000e+04
1.510000000000000000e+02 1.300020237913912964e+11 1.628783633379400635e+11 2.646000000000000000e+04
1.520000000000000000e+02 1.348079978834531250e+11 1.648438799637678528e+11 2.646000000000000000e+04
1.530000000000000000e+02 1.309857623990257263e+11 1.628403930446249084e+11 2.646000000000000000e+04
1.540000000000000000e+02 1.279516252326561432e+11 1.631407962153055725e+11 2.646000000000000000e+04
1.550000000000000000e+02 1.286701623754239044e+11 1.628870732357049866e+11 2.646000000000000000e+04
1.560000000000000000e+02 1.376340078945332642e+11 1.627782381345811157e+11 2.646000000000000000e+04
1.570000000000000000e+02 1.348734184922113647e+11 1.631548194085761108e+11 2.646000000000000000e+04
1.580000000000000000e+02 1.341173720144850006e+11 1.628634813942957764e+11 2.646000000000000000e+04
1.590000000000000000e+02 1.315045753216224365e+11 1.628200871483425598e+11 2.646000000000000000e+04
1.600000000000000000e+02 1.361172923089963226e+11 1.631291834178037415e+11 2.646000000000000000e+04
1.610000000000000000e+02 1.352722782881089478e+11 1.648272541869630737e+11 2.646000000000000000e+04
1.620000000000000000e+02 1.355155636705131836e+11 1.634256400001060181e+11 2.646000000000000000e+04
1.630000000000000000e+02 1.358855407400818787e+11 1.632292879834318542e+11 2.646000000000000000e+04
1.640000000000000000e+02 1.340752268836639099e+11 1.624294490539503174e+11 2.646000000000000000e+04
1.650000000000000000e+02 1.303560679662277222e+11 1.617478057184371338e+11 2.646000000000000000e+04
1.660000000000000000e+02 1.379439392252698669e+11 1.651600678674699707e+11 2.646000000000000000e+04
1.670000000000000000e+02 1.391660313676660156e+11 1.638723277557137451e+11 2.646000000000000000e+04
1.680000000000000000e+02 1.372512749479860382e+11 1.635088012385210876e+11 2.646000000000000000e+04
1.690000000000000000e+02 1.342092194153587189e+11 1.619553138368600159e+11 2.646000000000000000e+04
1.700000000000000000e+02 1.323037488073294830e+11 1.616265976249873657e+11 2.646000000000000000e+04
1.710000000000000000e+02 1.318596224626245422e+11 1.635986740565726013e+11 2.646000000000000000e+04
1.720000000000000000e+02 1.313308665733533325e+11 1.634525952511672058e+11 2.646000000000000000e+04
1.730000000000000000e+02 1.359343647000352173e+11 1.631689905182606201e+11 2.646000000000000000e+04
1.740000000000000000e+02 1.324358727549350281e+11 1.625529803218038635e+11 2.646000000000000000e+04
1.750000000000000000e+02 1.364188805236315155e+11 1.639905944621299438e+11 2.646000000000000000e+04
1.760000000000000000e+02 1.386970751033601990e+11 1.623340205168961182e+11 2.646000000000000000e+04
1.770000000000000000e+02 1.347770035823042145e+11 1.624130320929183655e+11 2.646000000000000000e+04
1.780000000000000000e+02 1.303572757329550323e+11 1.615004466979617920e+11 2.646000000000000000e+04
1.790000000000000000e+02 1.432180931489332886e+11 1.628432486980117493e+11 2.646000000000000000e+04
1.800000000000000000e+02 1.307242710628466492e+11 1.622651689992897644e+11 2.646000000000000000e+04
1.810000000000000000e+02 1.309100065952627106e+11 1.613412229108679504e+11 2.646000000000000000e+04
1.820000000000000000e+02 1.267018463386579742e+11 1.630287258585486145e+11 2.646000000000000000e+04
1.830000000000000000e+02 1.297814346691154175e+11 1.635383693276010437e+11 2.646000000000000000e+04
1.840000000000000000e+02 1.283029952918147278e+11 1.619227126271135559e+11 2.646000000000000000e+04
1.850000000000000000e+02 1.367643146348867188e+11 1.640157277190964355e+11 2.646000000000000000e+04
1.860000000000000000e+02 1.343787766803866272e+11 1.616314257110610657e+11 2.646000000000000000e+04
1.870000000000000000e+02 1.363017059599454041e+11 1.624914720700129395e+11 2.646000000000000000e+04
1.880000000000000000e+02 1.384429876512281799e+11 1.632897198325002441e+11 2.646000000000000000e+04
1.890000000000000000e+02 1.305725326163370972e+11 1.641454094586773682e+11 2.646000000000000000e+04
1.900000000000000000e+02 1.364403074982991486e+11 1.639187115966083374e+11 2.646000000000000000e+04
1.910000000000000000e+02 1.396698323245532532e+11 1.634832492876522827e+11 2.646000000000000000e+04
1.920000000000000000e+02 1.371059501556020355e+11 1.634389584842070312e+11 2.646000000000000000e+04
1.930000000000000000e+02 1.340088141273106232e+11 1.633637928022698669e+11 2.646000000000000000e+04
1.940000000000000000e+02 1.322954799122371521e+11 1.630305695675406494e+11 2.646000000000000000e+04
1.950000000000000000e+02 1.292585083207575989e+11 1.626162145848773193e+11 2.646000000000000000e+04
1.960000000000000000e+02 1.337884775314143829e+11 1.636068859890376587e+11 2.646000000000000000e+04
1.970000000000000000e+02 1.315295499490680389e+11 1.640664051420006714e+11 2.646000000000000000e+04
1.980000000000000000e+02 1.349268647302432404e+11 1.623680341202138367e+11 2.646000000000000000e+04
1.990000000000000000e+02 1.265227613832430267e+11 1.638638231184689331e+11 2.646000000000000000e+04
