# # run number, ti calc, ti opt, aep init calc (kW), aep init opt (kW), aep run calc (kW), aep run opt (kW), run time (s), obj func calls, sens func calls
0.000000000000000000e+00 4.000000000000000000e+00 0.000000000000000000e+00 1.705522140679031909e+08 1.705522140679031909e+08 1.755814568291096091e+08 1.755814568291096091e+08 2.089563233852386475e+02 1.112200000000000000e+04 3.000000000000000000e+00
1.000000000000000000e+00 4.000000000000000000e+00 0.000000000000000000e+00 1.528169123118219972e+08 1.528169123118219972e+08 1.738800358105011284e+08 1.738800358105011284e+08 2.278258237838745117e+02 1.203800000000000000e+04 3.000000000000000000e+00
2.000000000000000000e+00 4.000000000000000000e+00 0.000000000000000000e+00 1.526984680786370039e+08 1.526984680786370039e+08 1.728581396387339234e+08 1.728581396387339234e+08 3.482539014816284180e+02 1.815900000000000000e+04 3.000000000000000000e+00
3.000000000000000000e+00 4.000000000000000000e+00 0.000000000000000000e+00 1.594347923376032710e+08 1.594347923376032710e+08 1.723378562211447060e+08 1.723378562211447060e+08 2.026770589351654053e+02 1.065500000000000000e+04 3.000000000000000000e+00
4.000000000000000000e+00 4.000000000000000000e+00 0.000000000000000000e+00 1.560946998573188484e+08 1.560946998573188484e+08 1.735710810383352339e+08 1.735710810383352339e+08 2.940979979038238525e+02 1.557900000000000000e+04 3.000000000000000000e+00
5.000000000000000000e+00 4.000000000000000000e+00 0.000000000000000000e+00 1.539389635307928622e+08 1.539389635307928622e+08 1.734142498378252685e+08 1.734142498378252685e+08 2.529747645854949951e+02 1.326600000000000000e+04 3.000000000000000000e+00
6.000000000000000000e+00 4.000000000000000000e+00 0.000000000000000000e+00 1.533818209047889411e+08 1.533818209047889411e+08 1.731943781945310831e+08 1.731943781945310831e+08 2.544276547431945801e+02 1.341900000000000000e+04 3.000000000000000000e+00
7.000000000000000000e+00 4.000000000000000000e+00 0.000000000000000000e+00 1.578492646410662234e+08 1.578492646410662234e+08 1.751465657980484366e+08 1.751465657980484366e+08 3.894473397731781006e+02 2.005700000000000000e+04 3.000000000000000000e+00
8.000000000000000000e+00 4.000000000000000000e+00 0.000000000000000000e+00 1.551605677903248966e+08 1.551605677903248966e+08 1.755034158455583155e+08 1.755034158455583155e+08 3.309346644878387451e+02 1.739200000000000000e+04 3.000000000000000000e+00
9.000000000000000000e+00 4.000000000000000000e+00 0.000000000000000000e+00 1.527760288411349356e+08 1.527760288411349356e+08 1.754190751938214302e+08 1.754190751938214302e+08 5.359636561870574951e+02 2.948500000000000000e+04 3.000000000000000000e+00
1.000000000000000000e+01 4.000000000000000000e+00 0.000000000000000000e+00 1.565678587564311028e+08 1.565678587564311028e+08 1.741410224347702563e+08 1.741410224347702563e+08 2.579757750034332275e+02 1.324900000000000000e+04 3.000000000000000000e+00
1.100000000000000000e+01 4.000000000000000000e+00 0.000000000000000000e+00 1.527977234488486052e+08 1.527977234488486052e+08 1.737772966282631457e+08 1.737772966282631457e+08 4.658344230651855469e+02 2.399300000000000000e+04 3.000000000000000000e+00
1.200000000000000000e+01 4.000000000000000000e+00 0.000000000000000000e+00 1.575825882870670259e+08 1.575825882870670259e+08 1.734365844378924668e+08 1.734365844378924668e+08 2.455815141201019287e+02 1.234100000000000000e+04 3.000000000000000000e+00
1.300000000000000000e+01 4.000000000000000000e+00 0.000000000000000000e+00 1.497775343155744076e+08 1.497775343155744076e+08 1.736840435806097090e+08 1.736840435806097090e+08 3.430943288803100586e+02 1.590700000000000000e+04 3.000000000000000000e+00
1.400000000000000000e+01 4.000000000000000000e+00 0.000000000000000000e+00 1.515505643165139854e+08 1.515505643165139854e+08 1.742035795291481018e+08 1.742035795291481018e+08 5.878328151702880859e+02 3.195700000000000000e+04 3.000000000000000000e+00
1.500000000000000000e+01 4.000000000000000000e+00 0.000000000000000000e+00 1.527078013594255745e+08 1.527078013594255745e+08 1.729203672057046294e+08 1.729203672057046294e+08 2.773884866237640381e+02 1.478300000000000000e+04 3.000000000000000000e+00
1.600000000000000000e+01 4.000000000000000000e+00 0.000000000000000000e+00 1.573642614358319938e+08 1.573642614358319938e+08 1.753071230227429867e+08 1.753071230227429867e+08 6.975613954067230225e+02 2.554000000000000000e+04 3.000000000000000000e+00
1.700000000000000000e+01 4.000000000000000000e+00 0.000000000000000000e+00 1.535046154444191754e+08 1.535046154444191754e+08 1.725671529406287670e+08 1.725671529406287670e+08 4.572091391086578369e+02 1.600600000000000000e+04 3.000000000000000000e+00
1.800000000000000000e+01 4.000000000000000000e+00 0.000000000000000000e+00 1.510487529499505758e+08 1.510487529499505758e+08 1.743481243221419156e+08 1.743481243221419156e+08 3.427329959869384766e+02 1.193800000000000000e+04 3.000000000000000000e+00
1.900000000000000000e+01 4.000000000000000000e+00 0.000000000000000000e+00 1.606506699360006452e+08 1.606506699360006452e+08 1.744662226419463158e+08 1.744662226419463158e+08 5.082722465991973877e+02 1.799800000000000000e+04 3.000000000000000000e+00
2.000000000000000000e+01 4.000000000000000000e+00 0.000000000000000000e+00 1.557331976904734671e+08 1.557331976904734671e+08 1.721203752152367234e+08 1.721203752152367234e+08 3.226035003662109375e+02 1.127100000000000000e+04 3.000000000000000000e+00
2.100000000000000000e+01 4.000000000000000000e+00 0.000000000000000000e+00 1.551304019115523398e+08 1.551304019115523398e+08 1.763043423009873033e+08 1.763043423009873033e+08 4.838386628627777100e+02 1.725600000000000000e+04 3.000000000000000000e+00
2.200000000000000000e+01 4.000000000000000000e+00 0.000000000000000000e+00 1.592508517951635420e+08 1.592508517951635420e+08 1.753729705450049937e+08 1.753729705450049937e+08 3.660933520793914795e+02 1.249500000000000000e+04 3.000000000000000000e+00
2.300000000000000000e+01 4.000000000000000000e+00 0.000000000000000000e+00 1.530430199628996253e+08 1.530430199628996253e+08 1.743302807838954329e+08 1.743302807838954329e+08 3.621430270671844482e+02 1.279600000000000000e+04 3.000000000000000000e+00
2.400000000000000000e+01 4.000000000000000000e+00 0.000000000000000000e+00 1.539034653255470097e+08 1.539034653255470097e+08 1.731055030290727019e+08 1.731055030290727019e+08 2.855252957344055176e+02 9.887000000000000000e+03 3.000000000000000000e+00
2.500000000000000000e+01 4.000000000000000000e+00 0.000000000000000000e+00 1.546004300255049467e+08 1.546004300255049467e+08 1.750421693969591260e+08 1.750421693969591260e+08 3.691138696670532227e+02 1.279200000000000000e+04 3.000000000000000000e+00
2.600000000000000000e+01 4.000000000000000000e+00 0.000000000000000000e+00 1.532400864671202004e+08 1.532400864671202004e+08 1.749697303852759302e+08 1.749697303852759302e+08 4.058174283504486084e+02 1.401400000000000000e+04 3.000000000000000000e+00
2.700000000000000000e+01 4.000000000000000000e+00 0.000000000000000000e+00 1.569884055352048576e+08 1.569884055352048576e+08 1.732462720137661695e+08 1.732462720137661695e+08 5.754140920639038086e+02 2.062800000000000000e+04 3.000000000000000000e+00
2.800000000000000000e+01 4.000000000000000000e+00 0.000000000000000000e+00 1.564037150422577262e+08 1.564037150422577262e+08 1.747984048017311394e+08 1.747984048017311394e+08 5.209465963840484619e+02 1.846000000000000000e+04 3.000000000000000000e+00
2.900000000000000000e+01 4.000000000000000000e+00 0.000000000000000000e+00 1.578196294806489348e+08 1.578196294806489348e+08 1.744603431169396639e+08 1.744603431169396639e+08 4.347428557872772217e+02 1.541700000000000000e+04 3.000000000000000000e+00
3.000000000000000000e+01 4.000000000000000000e+00 0.000000000000000000e+00 1.549540639836595953e+08 1.549540639836595953e+08 1.742405722451649904e+08 1.742405722451649904e+08 2.691434299945831299e+02 9.149000000000000000e+03 3.000000000000000000e+00
3.100000000000000000e+01 4.000000000000000000e+00 0.000000000000000000e+00 1.523710705630021095e+08 1.523710705630021095e+08 1.738806476085215509e+08 1.738806476085215509e+08 3.823813693523406982e+02 1.341700000000000000e+04 3.000000000000000000e+00
3.200000000000000000e+01 4.000000000000000000e+00 0.000000000000000000e+00 1.543053579266874492e+08 1.543053579266874492e+08 1.748160737899256349e+08 1.748160737899256349e+08 5.476787083148956299e+02 1.925400000000000000e+04 3.000000000000000000e+00
3.300000000000000000e+01 4.000000000000000000e+00 0.000000000000000000e+00 1.526886102150119543e+08 1.526886102150119543e+08 1.746983453354716897e+08 1.746983453354716897e+08 4.066405863761901855e+02 1.402200000000000000e+04 3.000000000000000000e+00
3.400000000000000000e+01 4.000000000000000000e+00 0.000000000000000000e+00 1.541338285304629207e+08 1.541338285304629207e+08 1.739935700315874517e+08 1.739935700315874517e+08 5.001223623752593994e+02 1.800100000000000000e+04 3.000000000000000000e+00
3.500000000000000000e+01 4.000000000000000000e+00 0.000000000000000000e+00 1.530631488876100481e+08 1.530631488876100481e+08 1.755744854233895838e+08 1.755744854233895838e+08 4.036111993789672852e+02 1.371000000000000000e+04 3.000000000000000000e+00
3.600000000000000000e+01 4.000000000000000000e+00 0.000000000000000000e+00 1.567607543683584332e+08 1.567607543683584332e+08 1.733723120117798448e+08 1.733723120117798448e+08 7.371577506065368652e+02 2.706200000000000000e+04 3.000000000000000000e+00
3.700000000000000000e+01 4.000000000000000000e+00 0.000000000000000000e+00 1.596129379441487491e+08 1.596129379441487491e+08 1.732551992740867138e+08 1.732551992740867138e+08 3.065777359008789062e+02 1.051200000000000000e+04 3.000000000000000000e+00
3.800000000000000000e+01 4.000000000000000000e+00 0.000000000000000000e+00 1.543113137261874378e+08 1.543113137261874378e+08 1.738130711834484339e+08 1.738130711834484339e+08 3.531408069133758545e+02 1.234000000000000000e+04 3.000000000000000000e+00
3.900000000000000000e+01 4.000000000000000000e+00 0.000000000000000000e+00 1.557202710091697872e+08 1.557202710091697872e+08 1.745538892679284811e+08 1.745538892679284811e+08 5.399104135036468506e+02 1.924400000000000000e+04 3.000000000000000000e+00
4.000000000000000000e+01 4.000000000000000000e+00 0.000000000000000000e+00 1.551905782573781312e+08 1.551905782573781312e+08 1.750754540990535915e+08 1.750754540990535915e+08 3.399627928733825684e+02 1.174000000000000000e+04 3.000000000000000000e+00
4.100000000000000000e+01 4.000000000000000000e+00 0.000000000000000000e+00 1.573126969370169044e+08 1.573126969370169044e+08 1.749528489359097779e+08 1.749528489359097779e+08 3.846173229217529297e+02 1.357900000000000000e+04 3.000000000000000000e+00
4.200000000000000000e+01 4.000000000000000000e+00 0.000000000000000000e+00 1.582563373481712043e+08 1.582563373481712043e+08 1.741563967463992834e+08 1.741563967463992834e+08 4.432420256137847900e+02 1.555400000000000000e+04 3.000000000000000000e+00
4.300000000000000000e+01 4.000000000000000000e+00 0.000000000000000000e+00 1.536621132556329668e+08 1.536621132556329668e+08 1.756818370399513245e+08 1.756818370399513245e+08 3.817802639007568359e+02 1.295200000000000000e+04 3.000000000000000000e+00
4.400000000000000000e+01 4.000000000000000000e+00 0.000000000000000000e+00 1.582757102450951338e+08 1.582757102450951338e+08 1.743350724917163551e+08 1.743350724917163551e+08 4.297080938816070557e+02 1.478400000000000000e+04 3.000000000000000000e+00
4.500000000000000000e+01 4.000000000000000000e+00 0.000000000000000000e+00 1.574680163544223011e+08 1.574680163544223011e+08 1.754151448111892343e+08 1.754151448111892343e+08 4.717494895458221436e+02 1.681800000000000000e+04 3.000000000000000000e+00
4.600000000000000000e+01 4.000000000000000000e+00 0.000000000000000000e+00 1.544021908907482028e+08 1.544021908907482028e+08 1.751677700514853895e+08 1.751677700514853895e+08 3.539797916412353516e+02 1.203800000000000000e+04 3.000000000000000000e+00
4.700000000000000000e+01 4.000000000000000000e+00 0.000000000000000000e+00 1.533141106247449219e+08 1.533141106247449219e+08 1.738302701410143077e+08 1.738302701410143077e+08 8.332182550430297852e+02 3.119400000000000000e+04 3.000000000000000000e+00
4.800000000000000000e+01 4.000000000000000000e+00 0.000000000000000000e+00 1.552303246609238386e+08 1.552303246609238386e+08 1.755335042760848105e+08 1.755335042760848105e+08 4.092369644641876221e+02 1.448200000000000000e+04 3.000000000000000000e+00
4.900000000000000000e+01 4.000000000000000000e+00 0.000000000000000000e+00 1.560556434618735611e+08 1.560556434618735611e+08 1.748837776186404228e+08 1.748837776186404228e+08 3.432054028511047363e+02 1.189400000000000000e+04 3.000000000000000000e+00
5.000000000000000000e+01 4.000000000000000000e+00 0.000000000000000000e+00 1.537442598629841506e+08 1.537442598629841506e+08 1.738376943724867702e+08 1.738376943724867702e+08 3.727241802215576172e+02 1.294900000000000000e+04 3.000000000000000000e+00
5.100000000000000000e+01 4.000000000000000000e+00 0.000000000000000000e+00 1.577688485882601440e+08 1.577688485882601440e+08 1.740302191556031704e+08 1.740302191556031704e+08 6.239058237075805664e+02 2.230600000000000000e+04 3.000000000000000000e+00
5.200000000000000000e+01 4.000000000000000000e+00 0.000000000000000000e+00 1.544245685030228496e+08 1.544245685030228496e+08 1.737871286592583358e+08 1.737871286592583358e+08 4.345665502548217773e+02 1.508400000000000000e+04 3.000000000000000000e+00
5.300000000000000000e+01 4.000000000000000000e+00 0.000000000000000000e+00 1.532638421423025727e+08 1.532638421423025727e+08 1.754539605331216156e+08 1.754539605331216156e+08 8.240616757869720459e+02 3.027400000000000000e+04 3.000000000000000000e+00
5.400000000000000000e+01 4.000000000000000000e+00 0.000000000000000000e+00 1.547430340341040194e+08 1.547430340341040194e+08 1.749944931939211786e+08 1.749944931939211786e+08 3.224388165473937988e+02 1.111400000000000000e+04 3.000000000000000000e+00
5.500000000000000000e+01 4.000000000000000000e+00 0.000000000000000000e+00 1.569267956015516222e+08 1.569267956015516222e+08 1.732175193212873936e+08 1.732175193212873936e+08 6.011868677139282227e+02 2.153600000000000000e+04 3.000000000000000000e+00
5.600000000000000000e+01 4.000000000000000000e+00 0.000000000000000000e+00 1.558131229618008435e+08 1.558131229618008435e+08 1.742651740712164342e+08 1.742651740712164342e+08 3.114071769714355469e+02 1.065500000000000000e+04 3.000000000000000000e+00
5.700000000000000000e+01 4.000000000000000000e+00 0.000000000000000000e+00 1.573450085996338725e+08 1.573450085996338725e+08 1.752760206886117756e+08 1.752760206886117756e+08 2.772670559883117676e+02 9.443000000000000000e+03 3.000000000000000000e+00
5.800000000000000000e+01 4.000000000000000000e+00 0.000000000000000000e+00 1.559272899919262230e+08 1.559272899919262230e+08 1.730084559092187881e+08 1.730084559092187881e+08 5.369911825656890869e+02 1.862400000000000000e+04 3.000000000000000000e+00
5.900000000000000000e+01 4.000000000000000000e+00 0.000000000000000000e+00 1.528419406884328425e+08 1.528419406884328425e+08 1.752371744961375296e+08 1.752371744961375296e+08 5.282693595886230469e+02 1.825000000000000000e+04 3.000000000000000000e+00
6.000000000000000000e+01 4.000000000000000000e+00 0.000000000000000000e+00 1.554128258005853295e+08 1.554128258005853295e+08 1.760559432332752347e+08 1.760559432332752347e+08 3.851341893672943115e+02 1.341000000000000000e+04 3.000000000000000000e+00
6.100000000000000000e+01 4.000000000000000000e+00 0.000000000000000000e+00 1.579720156058596373e+08 1.579720156058596373e+08 1.735939554139657915e+08 1.735939554139657915e+08 3.654404454231262207e+02 1.250800000000000000e+04 3.000000000000000000e+00
6.200000000000000000e+01 4.000000000000000000e+00 0.000000000000000000e+00 1.578530783873164952e+08 1.578530783873164952e+08 1.752439217374870181e+08 1.752439217374870181e+08 3.329667248725891113e+02 1.143700000000000000e+04 3.000000000000000000e+00
6.300000000000000000e+01 4.000000000000000000e+00 0.000000000000000000e+00 1.548066241586256027e+08 1.548066241586256027e+08 1.754909683834986091e+08 1.754909683834986091e+08 4.241240272521972656e+02 1.479500000000000000e+04 3.000000000000000000e+00
6.400000000000000000e+01 4.000000000000000000e+00 0.000000000000000000e+00 1.498531072229389548e+08 1.498531072229389548e+08 1.747530799880273044e+08 1.747530799880273044e+08 3.715037047863006592e+02 1.280300000000000000e+04 3.000000000000000000e+00
6.500000000000000000e+01 4.000000000000000000e+00 0.000000000000000000e+00 1.519941023927128613e+08 1.519941023927128613e+08 1.734482360914423466e+08 1.734482360914423466e+08 5.699728853702545166e+02 2.029700000000000000e+04 3.000000000000000000e+00
6.600000000000000000e+01 4.000000000000000000e+00 0.000000000000000000e+00 1.608217822127858996e+08 1.608217822127858996e+08 1.743942719395658076e+08 1.743942719395658076e+08 2.808905229568481445e+02 9.734000000000000000e+03 3.000000000000000000e+00
6.700000000000000000e+01 4.000000000000000000e+00 0.000000000000000000e+00 1.568034706889035702e+08 1.568034706889035702e+08 1.753201679008628726e+08 1.753201679008628726e+08 5.180965216159820557e+02 1.892700000000000000e+04 3.000000000000000000e+00
6.800000000000000000e+01 4.000000000000000000e+00 0.000000000000000000e+00 1.563893160991226137e+08 1.563893160991226137e+08 1.751875185525365472e+08 1.751875185525365472e+08 4.942003569602966309e+02 1.739000000000000000e+04 3.000000000000000000e+00
6.900000000000000000e+01 4.000000000000000000e+00 0.000000000000000000e+00 1.544804335196321011e+08 1.544804335196321011e+08 1.747269076259865761e+08 1.747269076259865761e+08 5.924964952468872070e+02 2.182500000000000000e+04 3.000000000000000000e+00
7.000000000000000000e+01 4.000000000000000000e+00 0.000000000000000000e+00 1.531556510001431108e+08 1.531556510001431108e+08 1.761912810740475655e+08 1.761912810740475655e+08 3.312022299766540527e+02 1.143000000000000000e+04 3.000000000000000000e+00
7.100000000000000000e+01 4.000000000000000000e+00 0.000000000000000000e+00 1.514442004512136281e+08 1.514442004512136281e+08 1.737538942062961757e+08 1.737538942062961757e+08 3.783813989162445068e+02 1.310500000000000000e+04 3.000000000000000000e+00
7.200000000000000000e+01 4.000000000000000000e+00 0.000000000000000000e+00 1.592963382214000225e+08 1.592963382214000225e+08 1.743531624583355486e+08 1.743531624583355486e+08 5.615081937313079834e+02 1.954500000000000000e+04 3.000000000000000000e+00
7.300000000000000000e+01 4.000000000000000000e+00 0.000000000000000000e+00 1.560072679210410118e+08 1.560072679210410118e+08 1.731584028893822730e+08 1.731584028893822730e+08 3.983775007724761963e+02 1.356800000000000000e+04 3.000000000000000000e+00
7.400000000000000000e+01 4.000000000000000000e+00 0.000000000000000000e+00 1.593564771183907688e+08 1.593564771183907688e+08 1.736028239300714135e+08 1.736028239300714135e+08 3.803704860210418701e+02 1.340100000000000000e+04 3.000000000000000000e+00
7.500000000000000000e+01 4.000000000000000000e+00 0.000000000000000000e+00 1.573353041642992496e+08 1.573353041642992496e+08 1.761161871095401347e+08 1.761161871095401347e+08 4.999905848503112793e+02 1.776200000000000000e+04 3.000000000000000000e+00
7.600000000000000000e+01 4.000000000000000000e+00 0.000000000000000000e+00 1.541379073933807015e+08 1.541379073933807015e+08 1.739918857428983748e+08 1.739918857428983748e+08 3.969282550811767578e+02 1.388300000000000000e+04 3.000000000000000000e+00
7.700000000000000000e+01 4.000000000000000000e+00 0.000000000000000000e+00 1.578775887634511888e+08 1.578775887634511888e+08 1.750054123788522184e+08 1.750054123788522184e+08 3.195135598182678223e+02 1.096800000000000000e+04 3.000000000000000000e+00
7.800000000000000000e+01 4.000000000000000000e+00 0.000000000000000000e+00 1.574344175324345529e+08 1.574344175324345529e+08 1.749232458260843754e+08 1.749232458260843754e+08 4.889888713359832764e+02 1.740100000000000000e+04 3.000000000000000000e+00
7.900000000000000000e+01 4.000000000000000000e+00 0.000000000000000000e+00 1.564512868449137509e+08 1.564512868449137509e+08 1.725606985543496609e+08 1.725606985543496609e+08 3.854050071239471436e+02 1.340700000000000000e+04 3.000000000000000000e+00
8.000000000000000000e+01 4.000000000000000000e+00 0.000000000000000000e+00 1.492060987504495084e+08 1.492060987504495084e+08 1.738140237354852259e+08 1.738140237354852259e+08 3.801472191810607910e+02 1.310500000000000000e+04 3.000000000000000000e+00
8.100000000000000000e+01 4.000000000000000000e+00 0.000000000000000000e+00 1.608069122621299624e+08 1.608069122621299624e+08 1.732109983686439991e+08 1.732109983686439991e+08 4.108068797588348389e+02 1.435000000000000000e+04 3.000000000000000000e+00
8.200000000000000000e+01 4.000000000000000000e+00 0.000000000000000000e+00 1.581655793915427923e+08 1.581655793915427923e+08 1.738290106104001701e+08 1.738290106104001701e+08 3.118537628650665283e+02 1.096500000000000000e+04 3.000000000000000000e+00
8.300000000000000000e+01 4.000000000000000000e+00 0.000000000000000000e+00 1.585052903921947479e+08 1.585052903921947479e+08 1.750249826832545996e+08 1.750249826832545996e+08 4.313456497192382812e+02 1.524600000000000000e+04 3.000000000000000000e+00
8.400000000000000000e+01 4.000000000000000000e+00 0.000000000000000000e+00 1.572090216206716895e+08 1.572090216206716895e+08 1.741771099291056097e+08 1.741771099291056097e+08 3.758053040504455566e+02 1.296500000000000000e+04 3.000000000000000000e+00
8.500000000000000000e+01 4.000000000000000000e+00 0.000000000000000000e+00 1.563162185517326593e+08 1.563162185517326593e+08 1.755449572072477043e+08 1.755449572072477043e+08 2.843647201061248779e+02 9.749000000000000000e+03 3.000000000000000000e+00
8.600000000000000000e+01 4.000000000000000000e+00 0.000000000000000000e+00 1.521546510268065929e+08 1.521546510268065929e+08 1.741544097939969599e+08 1.741544097939969599e+08 5.736969957351684570e+02 2.063100000000000000e+04 3.000000000000000000e+00
8.700000000000000000e+01 4.000000000000000000e+00 0.000000000000000000e+00 1.579448037832101583e+08 1.579448037832101583e+08 1.744411329144691527e+08 1.744411329144691527e+08 3.112168021202087402e+02 1.049900000000000000e+04 3.000000000000000000e+00
8.800000000000000000e+01 4.000000000000000000e+00 0.000000000000000000e+00 1.570167451977439225e+08 1.570167451977439225e+08 1.745233026027842462e+08 1.745233026027842462e+08 6.807340579032897949e+02 2.476900000000000000e+04 3.000000000000000000e+00
8.900000000000000000e+01 4.000000000000000000e+00 0.000000000000000000e+00 1.559694271984334886e+08 1.559694271984334886e+08 1.730967666920714378e+08 1.730967666920714378e+08 3.809964439868927002e+02 1.326000000000000000e+04 3.000000000000000000e+00
9.000000000000000000e+01 4.000000000000000000e+00 0.000000000000000000e+00 1.560294067968190014e+08 1.560294067968190014e+08 1.732888935160999596e+08 1.732888935160999596e+08 5.629686796665191650e+02 2.015100000000000000e+04 3.000000000000000000e+00
9.100000000000000000e+01 4.000000000000000000e+00 0.000000000000000000e+00 1.592573953270136714e+08 1.592573953270136714e+08 1.750694538283179104e+08 1.750694538283179104e+08 4.402914574146270752e+02 1.540100000000000000e+04 3.000000000000000000e+00
9.200000000000000000e+01 4.000000000000000000e+00 0.000000000000000000e+00 1.551657801991457641e+08 1.551657801991457641e+08 1.735152786458783448e+08 1.735152786458783448e+08 3.320967354774475098e+02 1.142800000000000000e+04 3.000000000000000000e+00
9.300000000000000000e+01 4.000000000000000000e+00 0.000000000000000000e+00 1.579853943918074369e+08 1.579853943918074369e+08 1.737247094723258018e+08 1.737247094723258018e+08 5.272194297313690186e+02 1.803900000000000000e+04 3.000000000000000000e+00
9.400000000000000000e+01 4.000000000000000000e+00 0.000000000000000000e+00 1.551611278025605083e+08 1.551611278025605083e+08 1.741076064175738394e+08 1.741076064175738394e+08 3.194764645099639893e+02 1.049600000000000000e+04 3.000000000000000000e+00
9.500000000000000000e+01 4.000000000000000000e+00 0.000000000000000000e+00 1.546691313291665912e+08 1.546691313291665912e+08 1.741017159483878016e+08 1.741017159483878016e+08 5.704411139488220215e+02 1.999600000000000000e+04 3.000000000000000000e+00
9.600000000000000000e+01 4.000000000000000000e+00 0.000000000000000000e+00 1.610354304652484059e+08 1.610354304652484059e+08 1.759830325094105005e+08 1.759830325094105005e+08 4.886252751350402832e+02 1.708300000000000000e+04 3.000000000000000000e+00
9.700000000000000000e+01 4.000000000000000000e+00 0.000000000000000000e+00 1.549108843682416379e+08 1.549108843682416379e+08 1.752847048244764805e+08 1.752847048244764805e+08 3.323278367519378662e+02 1.141400000000000000e+04 3.000000000000000000e+00
9.800000000000000000e+01 4.000000000000000000e+00 0.000000000000000000e+00 1.546529135527150631e+08 1.546529135527150631e+08 1.742167467089737654e+08 1.742167467089737654e+08 2.859393858909606934e+02 9.751000000000000000e+03 3.000000000000000000e+00
9.900000000000000000e+01 4.000000000000000000e+00 0.000000000000000000e+00 1.590592823084867597e+08 1.590592823084867597e+08 1.750141394862251878e+08 1.750141394862251878e+08 6.483744523525238037e+02 2.290700000000000000e+04 3.000000000000000000e+00
1.000000000000000000e+02 4.000000000000000000e+00 0.000000000000000000e+00 1.584060228292263150e+08 1.584060228292263150e+08 1.741583696695197225e+08 1.741583696695197225e+08 7.556734392642974854e+02 2.658200000000000000e+04 3.000000000000000000e+00
1.010000000000000000e+02 4.000000000000000000e+00 0.000000000000000000e+00 1.567956477004368603e+08 1.567956477004368603e+08 1.731185185352263153e+08 1.731185185352263153e+08 3.772180750370025635e+02 1.294600000000000000e+04 3.000000000000000000e+00
1.020000000000000000e+02 4.000000000000000000e+00 0.000000000000000000e+00 1.564741894187939167e+08 1.564741894187939167e+08 1.733511957097735107e+08 1.733511957097735107e+08 3.785160768032073975e+02 1.278800000000000000e+04 3.000000000000000000e+00
1.030000000000000000e+02 4.000000000000000000e+00 0.000000000000000000e+00 1.497835519175765216e+08 1.497835519175765216e+08 1.748379932502004802e+08 1.748379932502004802e+08 3.423952541351318359e+02 1.156800000000000000e+04 3.000000000000000000e+00
1.040000000000000000e+02 4.000000000000000000e+00 0.000000000000000000e+00 1.598559264727913439e+08 1.598559264727913439e+08 1.737254700775009096e+08 1.737254700775009096e+08 5.231722109317779541e+02 1.816100000000000000e+04 3.000000000000000000e+00
1.050000000000000000e+02 4.000000000000000000e+00 0.000000000000000000e+00 1.586642273087257147e+08 1.586642273087257147e+08 1.750152615249619186e+08 1.750152615249619186e+08 5.452387523651123047e+02 1.847000000000000000e+04 3.000000000000000000e+00
1.060000000000000000e+02 4.000000000000000000e+00 0.000000000000000000e+00 1.500582997442555428e+08 1.500582997442555428e+08 1.730080523071162999e+08 1.730080523071162999e+08 4.617131445407867432e+02 1.586100000000000000e+04 3.000000000000000000e+00
1.070000000000000000e+02 4.000000000000000000e+00 0.000000000000000000e+00 1.559748299413158596e+08 1.559748299413158596e+08 1.753370529792145193e+08 1.753370529792145193e+08 6.030462844371795654e+02 2.046500000000000000e+04 3.000000000000000000e+00
1.080000000000000000e+02 4.000000000000000000e+00 0.000000000000000000e+00 1.562101233251863718e+08 1.562101233251863718e+08 1.752292508562320173e+08 1.752292508562320173e+08 1.083980773210525513e+03 3.839600000000000000e+04 3.000000000000000000e+00
1.090000000000000000e+02 4.000000000000000000e+00 0.000000000000000000e+00 1.503427645191027820e+08 1.503427645191027820e+08 1.742633985430775285e+08 1.742633985430775285e+08 2.969214670658111572e+02 1.019700000000000000e+04 3.000000000000000000e+00
1.100000000000000000e+02 4.000000000000000000e+00 0.000000000000000000e+00 1.529861589869129658e+08 1.529861589869129658e+08 1.721296831460170150e+08 1.721296831460170150e+08 3.853490667343139648e+02 1.324500000000000000e+04 3.000000000000000000e+00
1.110000000000000000e+02 4.000000000000000000e+00 0.000000000000000000e+00 1.499841671262877584e+08 1.499841671262877584e+08 1.740682551820211411e+08 1.740682551820211411e+08 5.852394094467163086e+02 2.000800000000000000e+04 3.000000000000000000e+00
1.120000000000000000e+02 4.000000000000000000e+00 0.000000000000000000e+00 1.556341258736439049e+08 1.556341258736439049e+08 1.738402432595114112e+08 1.738402432595114112e+08 3.987571170330047607e+02 1.325200000000000000e+04 3.000000000000000000e+00
1.130000000000000000e+02 4.000000000000000000e+00 0.000000000000000000e+00 1.551695881866063476e+08 1.551695881866063476e+08 1.726430263566160202e+08 1.726430263566160202e+08 3.578313298225402832e+02 1.233300000000000000e+04 3.000000000000000000e+00
1.140000000000000000e+02 4.000000000000000000e+00 0.000000000000000000e+00 1.610094243210979998e+08 1.610094243210979998e+08 1.746585357513909638e+08 1.746585357513909638e+08 4.373847367763519287e+02 1.524700000000000000e+04 3.000000000000000000e+00
1.150000000000000000e+02 4.000000000000000000e+00 0.000000000000000000e+00 1.539937867216242552e+08 1.539937867216242552e+08 1.739039595977415740e+08 1.739039595977415740e+08 6.422404627799987793e+02 2.245500000000000000e+04 3.000000000000000000e+00
1.160000000000000000e+02 4.000000000000000000e+00 0.000000000000000000e+00 1.581788676922407746e+08 1.581788676922407746e+08 1.751999091259830892e+08 1.751999091259830892e+08 3.024795672893524170e+02 1.755800000000000000e+04 3.000000000000000000e+00
1.170000000000000000e+02 4.000000000000000000e+00 0.000000000000000000e+00 1.543895778126817942e+08 1.543895778126817942e+08 1.732352862665617764e+08 1.732352862665617764e+08 2.074635992050170898e+02 1.141900000000000000e+04 3.000000000000000000e+00
1.180000000000000000e+02 4.000000000000000000e+00 0.000000000000000000e+00 1.560490006699714363e+08 1.560490006699714363e+08 1.758185615308102965e+08 1.758185615308102965e+08 2.004143731594085693e+02 1.142000000000000000e+04 3.000000000000000000e+00
1.190000000000000000e+02 4.000000000000000000e+00 0.000000000000000000e+00 1.546836384908073246e+08 1.546836384908073246e+08 1.730944480524398983e+08 1.730944480524398983e+08 1.539172582626342773e+02 8.818000000000000000e+03 3.000000000000000000e+00
1.200000000000000000e+02 4.000000000000000000e+00 0.000000000000000000e+00 1.549841202587276101e+08 1.549841202587276101e+08 1.757518980149526298e+08 1.757518980149526298e+08 3.199799263477325439e+02 1.941100000000000000e+04 3.000000000000000000e+00
1.210000000000000000e+02 4.000000000000000000e+00 0.000000000000000000e+00 1.593201785142630339e+08 1.593201785142630339e+08 1.712535883123806119e+08 1.712535883123806119e+08 2.117879049777984619e+02 1.263700000000000000e+04 3.000000000000000000e+00
1.220000000000000000e+02 4.000000000000000000e+00 0.000000000000000000e+00 1.559819092712938488e+08 1.559819092712938488e+08 1.739852672420501113e+08 1.739852672420501113e+08 3.008103229999542236e+02 1.801200000000000000e+04 3.000000000000000000e+00
1.230000000000000000e+02 4.000000000000000000e+00 0.000000000000000000e+00 1.565394998131534457e+08 1.565394998131534457e+08 1.735469484667828977e+08 1.735469484667828977e+08 1.844413843154907227e+02 1.128100000000000000e+04 3.000000000000000000e+00
1.240000000000000000e+02 4.000000000000000000e+00 0.000000000000000000e+00 1.529280388264555931e+08 1.529280388264555931e+08 1.738035558936297894e+08 1.738035558936297894e+08 2.013891539573669434e+02 1.157000000000000000e+04 3.000000000000000000e+00
1.250000000000000000e+02 4.000000000000000000e+00 0.000000000000000000e+00 1.567190622869381905e+08 1.567190622869381905e+08 1.736261074427811205e+08 1.736261074427811205e+08 2.296154081821441650e+02 1.394600000000000000e+04 3.000000000000000000e+00
1.260000000000000000e+02 4.000000000000000000e+00 0.000000000000000000e+00 1.570838038689585030e+08 1.570838038689585030e+08 1.751117835356575549e+08 1.751117835356575549e+08 2.153378593921661377e+02 1.266500000000000000e+04 3.000000000000000000e+00
1.270000000000000000e+02 4.000000000000000000e+00 0.000000000000000000e+00 1.568419815724902451e+08 1.568419815724902451e+08 1.747044731109506190e+08 1.747044731109506190e+08 2.202056934833526611e+02 1.279400000000000000e+04 3.000000000000000000e+00
1.280000000000000000e+02 4.000000000000000000e+00 0.000000000000000000e+00 1.548521319329063296e+08 1.548521319329063296e+08 1.746168685959187746e+08 1.746168685959187746e+08 2.480982925891876221e+02 1.463800000000000000e+04 3.000000000000000000e+00
1.290000000000000000e+02 4.000000000000000000e+00 0.000000000000000000e+00 1.573888607555259466e+08 1.573888607555259466e+08 1.710703841154961288e+08 1.710703841154961288e+08 2.887842743396759033e+02 1.708200000000000000e+04 3.000000000000000000e+00
1.300000000000000000e+02 4.000000000000000000e+00 0.000000000000000000e+00 1.529684421676768661e+08 1.529684421676768661e+08 1.741997729042232931e+08 1.741997729042232931e+08 2.247341709136962891e+02 1.310400000000000000e+04 3.000000000000000000e+00
1.310000000000000000e+02 4.000000000000000000e+00 0.000000000000000000e+00 1.530489560424476564e+08 1.530489560424476564e+08 1.735600665000382960e+08 1.735600665000382960e+08 2.400592641830444336e+02 1.416700000000000000e+04 3.000000000000000000e+00
1.320000000000000000e+02 4.000000000000000000e+00 0.000000000000000000e+00 1.556516394280211329e+08 1.556516394280211329e+08 1.751673307936553359e+08 1.751673307936553359e+08 3.289818782806396484e+02 1.938700000000000000e+04 3.000000000000000000e+00
1.330000000000000000e+02 4.000000000000000000e+00 0.000000000000000000e+00 1.528980453626191318e+08 1.528980453626191318e+08 1.725110837384951413e+08 1.725110837384951413e+08 3.353492710590362549e+02 1.954900000000000000e+04 3.000000000000000000e+00
1.340000000000000000e+02 4.000000000000000000e+00 0.000000000000000000e+00 1.535344649651018381e+08 1.535344649651018381e+08 1.749847347071950138e+08 1.749847347071950138e+08 3.141513979434967041e+02 1.815800000000000000e+04 3.000000000000000000e+00
1.350000000000000000e+02 4.000000000000000000e+00 0.000000000000000000e+00 1.603434204071647823e+08 1.603434204071647823e+08 1.759519918778883219e+08 1.759519918778883219e+08 2.516680300235748291e+02 1.493800000000000000e+04 3.000000000000000000e+00
1.360000000000000000e+02 4.000000000000000000e+00 0.000000000000000000e+00 1.572025736206220090e+08 1.572025736206220090e+08 1.737318673182124496e+08 1.737318673182124496e+08 2.278389797210693359e+02 1.340300000000000000e+04 3.000000000000000000e+00
1.370000000000000000e+02 4.000000000000000000e+00 0.000000000000000000e+00 1.592772727075878680e+08 1.592772727075878680e+08 1.740725298638150394e+08 1.740725298638150394e+08 2.054239177703857422e+02 1.203800000000000000e+04 3.000000000000000000e+00
1.380000000000000000e+02 4.000000000000000000e+00 0.000000000000000000e+00 1.584284592025728226e+08 1.584284592025728226e+08 1.734874129822650254e+08 1.734874129822650254e+08 2.012927262783050537e+02 1.141900000000000000e+04 3.000000000000000000e+00
1.390000000000000000e+02 4.000000000000000000e+00 0.000000000000000000e+00 1.576397958137388527e+08 1.576397958137388527e+08 1.733590134430702627e+08 1.733590134430702627e+08 2.234417531490325928e+02 1.295600000000000000e+04 3.000000000000000000e+00
1.400000000000000000e+02 4.000000000000000000e+00 0.000000000000000000e+00 1.517728733384286165e+08 1.517728733384286165e+08 1.739343620738572776e+08 1.739343620738572776e+08 2.693352580070495605e+02 1.538800000000000000e+04 3.000000000000000000e+00
1.410000000000000000e+02 4.000000000000000000e+00 0.000000000000000000e+00 1.571621713182276785e+08 1.571621713182276785e+08 1.718128588721390665e+08 1.718128588721390665e+08 1.758241477012634277e+02 9.733000000000000000e+03 3.000000000000000000e+00
1.420000000000000000e+02 4.000000000000000000e+00 0.000000000000000000e+00 1.520588964677361548e+08 1.520588964677361548e+08 1.739199076871523857e+08 1.739199076871523857e+08 1.966347379684448242e+02 1.157600000000000000e+04 3.000000000000000000e+00
1.430000000000000000e+02 4.000000000000000000e+00 0.000000000000000000e+00 1.548282239387671947e+08 1.548282239387671947e+08 1.750921671668951213e+08 1.750921671668951213e+08 2.527567756175994873e+02 1.510900000000000000e+04 3.000000000000000000e+00
1.440000000000000000e+02 4.000000000000000000e+00 0.000000000000000000e+00 1.566317396531535983e+08 1.566317396531535983e+08 1.734152252957345545e+08 1.734152252957345545e+08 1.751345293521881104e+02 1.005400000000000000e+04 3.000000000000000000e+00
1.450000000000000000e+02 4.000000000000000000e+00 0.000000000000000000e+00 1.544895384736857116e+08 1.544895384736857116e+08 1.722074454124985933e+08 1.722074454124985933e+08 3.176351244449615479e+02 1.830100000000000000e+04 3.000000000000000000e+00
1.460000000000000000e+02 4.000000000000000000e+00 0.000000000000000000e+00 1.610925799672204554e+08 1.610925799672204554e+08 1.754001181400424540e+08 1.754001181400424540e+08 1.926122944355010986e+02 1.050600000000000000e+04 3.000000000000000000e+00
1.470000000000000000e+02 4.000000000000000000e+00 0.000000000000000000e+00 1.576976464621386826e+08 1.576976464621386826e+08 1.709603936564038694e+08 1.709603936564038694e+08 2.478061587810516357e+02 1.386800000000000000e+04 3.000000000000000000e+00
1.480000000000000000e+02 4.000000000000000000e+00 0.000000000000000000e+00 1.547961587015195191e+08 1.547961587015195191e+08 1.737590027250374556e+08 1.737590027250374556e+08 2.454895806312561035e+02 1.493700000000000000e+04 3.000000000000000000e+00
1.490000000000000000e+02 4.000000000000000000e+00 0.000000000000000000e+00 1.573665054395125508e+08 1.573665054395125508e+08 1.746745395290245116e+08 1.746745395290245116e+08 3.003100025653839111e+02 1.818600000000000000e+04 3.000000000000000000e+00
1.500000000000000000e+02 4.000000000000000000e+00 0.000000000000000000e+00 1.520794033498035371e+08 1.520794033498035371e+08 1.744312309242947400e+08 1.744312309242947400e+08 1.942886717319488525e+02 1.156800000000000000e+04 3.000000000000000000e+00
1.510000000000000000e+02 4.000000000000000000e+00 0.000000000000000000e+00 1.519081668657589555e+08 1.519081668657589555e+08 1.731548364382253289e+08 1.731548364382253289e+08 2.617854306697845459e+02 1.571400000000000000e+04 3.000000000000000000e+00
1.520000000000000000e+02 4.000000000000000000e+00 0.000000000000000000e+00 1.569519132407968640e+08 1.569519132407968640e+08 1.745906221902954578e+08 1.745906221902954578e+08 1.581491358280181885e+02 9.577000000000000000e+03 3.000000000000000000e+00
1.530000000000000000e+02 4.000000000000000000e+00 0.000000000000000000e+00 1.537865397700020969e+08 1.537865397700020969e+08 1.757320284951043427e+08 1.757320284951043427e+08 2.679991266727447510e+02 1.648200000000000000e+04 3.000000000000000000e+00
1.540000000000000000e+02 4.000000000000000000e+00 0.000000000000000000e+00 1.508464264990810752e+08 1.508464264990810752e+08 1.736042016731956303e+08 1.736042016731956303e+08 2.167704508304595947e+02 1.310400000000000000e+04 3.000000000000000000e+00
1.550000000000000000e+02 4.000000000000000000e+00 0.000000000000000000e+00 1.538145582575429976e+08 1.538145582575429976e+08 1.747008104777793288e+08 1.747008104777793288e+08 2.322081382274627686e+02 1.417100000000000000e+04 3.000000000000000000e+00
1.560000000000000000e+02 4.000000000000000000e+00 0.000000000000000000e+00 1.593862125737975836e+08 1.593862125737975836e+08 1.762324855767629147e+08 1.762324855767629147e+08 2.258372926712036133e+02 1.282200000000000000e+04 3.000000000000000000e+00
1.570000000000000000e+02 4.000000000000000000e+00 0.000000000000000000e+00 1.570287394480908215e+08 1.570287394480908215e+08 1.744367505126500428e+08 1.744367505126500428e+08 3.450323810577392578e+02 2.123700000000000000e+04 3.000000000000000000e+00
1.580000000000000000e+02 4.000000000000000000e+00 0.000000000000000000e+00 1.556955608862971663e+08 1.556955608862971663e+08 1.735460839271346927e+08 1.735460839271346927e+08 2.050816097259521484e+02 1.203600000000000000e+04 3.000000000000000000e+00
1.590000000000000000e+02 4.000000000000000000e+00 0.000000000000000000e+00 1.541364506479567587e+08 1.541364506479567587e+08 1.754585066747612953e+08 1.754585066747612953e+08 4.047120082378387451e+02 2.521300000000000000e+04 3.000000000000000000e+00
1.600000000000000000e+02 4.000000000000000000e+00 0.000000000000000000e+00 1.597987129684655070e+08 1.597987129684655070e+08 1.736223468449773192e+08 1.736223468449773192e+08 1.745218954086303711e+02 9.897000000000000000e+03 3.000000000000000000e+00
1.610000000000000000e+02 4.000000000000000000e+00 0.000000000000000000e+00 1.575111045334908664e+08 1.575111045334908664e+08 1.745226432075190842e+08 1.745226432075190842e+08 2.368171150684356689e+02 1.387500000000000000e+04 3.000000000000000000e+00
1.620000000000000000e+02 4.000000000000000000e+00 0.000000000000000000e+00 1.579615469701711833e+08 1.579615469701711833e+08 1.745077869559670985e+08 1.745077869559670985e+08 3.348187079429626465e+02 1.923300000000000000e+04 3.000000000000000000e+00
1.630000000000000000e+02 4.000000000000000000e+00 0.000000000000000000e+00 1.556605815675579906e+08 1.556605815675579906e+08 1.720103564512531161e+08 1.720103564512531161e+08 1.983714263439178467e+02 1.173800000000000000e+04 3.000000000000000000e+00
1.640000000000000000e+02 4.000000000000000000e+00 0.000000000000000000e+00 1.563614128387018740e+08 1.563614128387018740e+08 1.741132939719998837e+08 1.741132939719998837e+08 3.296481776237487793e+02 1.678100000000000000e+04 3.000000000000000000e+00
1.650000000000000000e+02 4.000000000000000000e+00 0.000000000000000000e+00 1.524569627386541069e+08 1.524569627386541069e+08 1.723834534623381793e+08 1.723834534623381793e+08 2.051530296802520752e+02 1.157100000000000000e+04 3.000000000000000000e+00
1.660000000000000000e+02 4.000000000000000000e+00 0.000000000000000000e+00 1.590205337727186084e+08 1.590205337727186084e+08 1.751488763244632483e+08 1.751488763244632483e+08 2.558555111885070801e+02 1.494000000000000000e+04 3.000000000000000000e+00
1.670000000000000000e+02 4.000000000000000000e+00 0.000000000000000000e+00 1.598979719197065234e+08 1.598979719197065234e+08 1.762363082255876362e+08 1.762363082255876362e+08 2.389200942516326904e+02 1.404500000000000000e+04 3.000000000000000000e+00
1.680000000000000000e+02 4.000000000000000000e+00 0.000000000000000000e+00 1.604552614223194122e+08 1.604552614223194122e+08 1.739711947029600441e+08 1.739711947029600441e+08 4.339794380664825439e+02 2.535700000000000000e+04 3.000000000000000000e+00
1.690000000000000000e+02 4.000000000000000000e+00 0.000000000000000000e+00 1.561025956167419255e+08 1.561025956167419255e+08 1.756502380654619932e+08 1.756502380654619932e+08 1.902472414970397949e+02 1.111300000000000000e+04 3.000000000000000000e+00
1.700000000000000000e+02 4.000000000000000000e+00 0.000000000000000000e+00 1.542623554211571217e+08 1.542623554211571217e+08 1.746184623055776656e+08 1.746184623055776656e+08 2.503742921352386475e+02 1.449700000000000000e+04 3.000000000000000000e+00
1.710000000000000000e+02 4.000000000000000000e+00 0.000000000000000000e+00 1.561470008091571331e+08 1.561470008091571331e+08 1.731285116749499440e+08 1.731285116749499440e+08 1.785970664024353027e+02 1.034900000000000000e+04 3.000000000000000000e+00
1.720000000000000000e+02 4.000000000000000000e+00 0.000000000000000000e+00 1.523651993607895076e+08 1.523651993607895076e+08 1.720789427989070117e+08 1.720789427989070117e+08 2.152935097217559814e+02 1.248700000000000000e+04 3.000000000000000000e+00
1.730000000000000000e+02 4.000000000000000000e+00 0.000000000000000000e+00 1.580394404391707778e+08 1.580394404391707778e+08 1.730368364691844583e+08 1.730368364691844583e+08 1.708421113491058350e+02 1.005500000000000000e+04 3.000000000000000000e+00
1.740000000000000000e+02 4.000000000000000000e+00 0.000000000000000000e+00 1.538838932959783077e+08 1.538838932959783077e+08 1.746693411052372158e+08 1.746693411052372158e+08 2.421868951320648193e+02 1.387500000000000000e+04 3.000000000000000000e+00
1.750000000000000000e+02 4.000000000000000000e+00 0.000000000000000000e+00 1.579401340289393067e+08 1.579401340289393067e+08 1.745413640791454613e+08 1.745413640791454613e+08 3.413020815849304199e+02 2.016000000000000000e+04 3.000000000000000000e+00
1.760000000000000000e+02 4.000000000000000000e+00 0.000000000000000000e+00 1.589419700388471782e+08 1.589419700388471782e+08 1.732221772055143416e+08 1.732221772055143416e+08 1.881415762901306152e+02 1.051100000000000000e+04 3.000000000000000000e+00
1.770000000000000000e+02 4.000000000000000000e+00 0.000000000000000000e+00 1.572685010235446692e+08 1.572685010235446692e+08 1.754191310834028721e+08 1.754191310834028721e+08 2.333636298179626465e+02 1.325500000000000000e+04 3.000000000000000000e+00
1.780000000000000000e+02 4.000000000000000000e+00 0.000000000000000000e+00 1.526665541043959856e+08 1.526665541043959856e+08 1.745066645380766392e+08 1.745066645380766392e+08 3.437432315349578857e+02 1.892300000000000000e+04 3.000000000000000000e+00
1.790000000000000000e+02 4.000000000000000000e+00 0.000000000000000000e+00 1.622887628002197742e+08 1.622887628002197742e+08 1.757096944246449172e+08 1.757096944246449172e+08 3.161843993663787842e+02 1.787200000000000000e+04 3.000000000000000000e+00
1.800000000000000000e+02 4.000000000000000000e+00 0.000000000000000000e+00 1.534729979024985731e+08 1.534729979024985731e+08 1.749722697512861192e+08 1.749722697512861192e+08 2.177526156902313232e+02 1.098600000000000000e+04 3.000000000000000000e+00
1.810000000000000000e+02 4.000000000000000000e+00 0.000000000000000000e+00 1.526334824550496340e+08 1.526334824550496340e+08 1.754137298505244255e+08 1.754137298505244255e+08 1.686528689861297607e+02 9.586000000000000000e+03 3.000000000000000000e+00
1.820000000000000000e+02 4.000000000000000000e+00 0.000000000000000000e+00 1.494046801679790318e+08 1.494046801679790318e+08 1.730561819888981283e+08 1.730561819888981283e+08 2.386450006961822510e+02 1.341500000000000000e+04 3.000000000000000000e+00
1.830000000000000000e+02 4.000000000000000000e+00 0.000000000000000000e+00 1.540680549735393524e+08 1.540680549735393524e+08 1.729874198478339911e+08 1.729874198478339911e+08 1.938333737850189209e+02 1.142300000000000000e+04 3.000000000000000000e+00
1.840000000000000000e+02 4.000000000000000000e+00 0.000000000000000000e+00 1.511775245408442914e+08 1.511775245408442914e+08 1.745905220561577976e+08 1.745905220561577976e+08 2.535220203399658203e+02 1.464500000000000000e+04 3.000000000000000000e+00
1.850000000000000000e+02 4.000000000000000000e+00 0.000000000000000000e+00 1.593756523189684451e+08 1.593756523189684451e+08 1.748980705980352163e+08 1.748980705980352163e+08 2.356927385330200195e+02 1.402000000000000000e+04 3.000000000000000000e+00
1.860000000000000000e+02 4.000000000000000000e+00 0.000000000000000000e+00 1.573629670390879214e+08 1.573629670390879214e+08 1.763905354009715021e+08 1.763905354009715021e+08 2.353318572044372559e+02 1.356100000000000000e+04 3.000000000000000000e+00
1.870000000000000000e+02 4.000000000000000000e+00 0.000000000000000000e+00 1.590183541143542528e+08 1.590183541143542528e+08 1.741636271049510837e+08 1.741636271049510837e+08 2.082171063423156738e+02 1.218400000000000000e+04 3.000000000000000000e+00
1.880000000000000000e+02 4.000000000000000000e+00 0.000000000000000000e+00 1.597437380203505456e+08 1.597437380203505456e+08 1.740457582541934252e+08 1.740457582541934252e+08 3.683829100131988525e+02 2.078300000000000000e+04 3.000000000000000000e+00
1.890000000000000000e+02 4.000000000000000000e+00 0.000000000000000000e+00 1.530790344337089062e+08 1.530790344337089062e+08 1.752019178291114569e+08 1.752019178291114569e+08 3.190776360034942627e+02 1.739500000000000000e+04 3.000000000000000000e+00
1.900000000000000000e+02 4.000000000000000000e+00 0.000000000000000000e+00 1.582485990316129327e+08 1.582485990316129327e+08 1.743379578118860126e+08 1.743379578118860126e+08 1.875320491790771484e+02 1.096100000000000000e+04 3.000000000000000000e+00
1.910000000000000000e+02 4.000000000000000000e+00 0.000000000000000000e+00 1.600428556124850512e+08 1.600428556124850512e+08 1.747929459210908413e+08 1.747929459210908413e+08 1.974234178066253662e+02 1.143900000000000000e+04 3.000000000000000000e+00
1.920000000000000000e+02 4.000000000000000000e+00 0.000000000000000000e+00 1.582493138673138618e+08 1.582493138673138618e+08 1.737794907137132585e+08 1.737794907137132585e+08 2.416433007717132568e+02 1.402400000000000000e+04 3.000000000000000000e+00
1.930000000000000000e+02 4.000000000000000000e+00 0.000000000000000000e+00 1.560611496382182240e+08 1.560611496382182240e+08 1.731687504515952170e+08 1.731687504515952170e+08 1.895760979652404785e+02 1.034500000000000000e+04 3.000000000000000000e+00
1.940000000000000000e+02 4.000000000000000000e+00 0.000000000000000000e+00 1.560368750391421020e+08 1.560368750391421020e+08 1.747724731731027663e+08 1.747724731731027663e+08 2.951383140087127686e+02 1.662800000000000000e+04 3.000000000000000000e+00
1.950000000000000000e+02 4.000000000000000000e+00 0.000000000000000000e+00 1.517560718817270994e+08 1.517560718817270994e+08 1.738383205970144868e+08 1.738383205970144868e+08 1.987580633163452148e+02 1.156700000000000000e+04 3.000000000000000000e+00
1.960000000000000000e+02 4.000000000000000000e+00 0.000000000000000000e+00 1.549544700729939044e+08 1.549544700729939044e+08 1.737228378306293786e+08 1.737228378306293786e+08 2.920566587448120117e+02 1.648900000000000000e+04 3.000000000000000000e+00
1.970000000000000000e+02 4.000000000000000000e+00 0.000000000000000000e+00 1.546720149834386110e+08 1.546720149834386110e+08 1.744594215112206638e+08 1.744594215112206638e+08 2.300448300838470459e+02 1.372400000000000000e+04 3.000000000000000000e+00
1.980000000000000000e+02 4.000000000000000000e+00 0.000000000000000000e+00 1.566430689677502215e+08 1.566430689677502215e+08 1.733818019442070425e+08 1.733818019442070425e+08 2.192764925956726074e+02 1.250600000000000000e+04 3.000000000000000000e+00
1.990000000000000000e+02 4.000000000000000000e+00 0.000000000000000000e+00 1.503578117048901021e+08 1.503578117048901021e+08 1.735646897145048082e+08 1.735646897145048082e+08 2.755762608051300049e+02 1.586200000000000000e+04 3.000000000000000000e+00
