# # run number, ti calc, ti opt, aep init calc (kW), aep init opt (kW), aep run calc (kW), aep run opt (kW), run time (s), obj func calls, sens func calls
0.000000000000000000e+00 1.000000000000000000e+00 4.000000000000000000e+00 0.000000000000000000e+00 1.176132539878531933e+09 1.176132539878531933e+09 1.263263892791404009e+09 1.263263892791404009e+09 2.269852540493011475e+02 0.000000000000000000e+00 0.000000000000000000e+00
1.000000000000000000e+00 1.000000000000000000e+00 4.000000000000000000e+00 0.000000000000000000e+00 1.022996896560549021e+09 1.022996896560549021e+09 1.203755770321226120e+09 1.203755770321226120e+09 5.457300698757171631e+02 0.000000000000000000e+00 0.000000000000000000e+00
2.000000000000000000e+00 1.000000000000000000e+00 4.000000000000000000e+00 0.000000000000000000e+00 1.010248840966399431e+09 1.010248840966399431e+09 1.238858978685289621e+09 1.238858978685289621e+09 4.657246389389038086e+02 0.000000000000000000e+00 0.000000000000000000e+00
3.000000000000000000e+00 1.000000000000000000e+00 4.000000000000000000e+00 0.000000000000000000e+00 1.079334171122294903e+09 1.079334171122294903e+09 1.210006109514935493e+09 1.210006109514935493e+09 3.248750650882720947e+02 0.000000000000000000e+00 0.000000000000000000e+00
4.000000000000000000e+00 1.000000000000000000e+00 4.000000000000000000e+00 0.000000000000000000e+00 1.062310477511350632e+09 1.062310477511350632e+09 1.225743874556895494e+09 1.225743874556895494e+09 2.728303239345550537e+02 0.000000000000000000e+00 0.000000000000000000e+00
5.000000000000000000e+00 1.000000000000000000e+00 4.000000000000000000e+00 0.000000000000000000e+00 1.033898921979199529e+09 1.033898921979199529e+09 1.222625059032536030e+09 1.222625059032536030e+09 3.813863031864166260e+02 0.000000000000000000e+00 0.000000000000000000e+00
6.000000000000000000e+00 1.000000000000000000e+00 4.000000000000000000e+00 0.000000000000000000e+00 1.030605412434645176e+09 1.030605412434645176e+09 1.227653614085345030e+09 1.227653614085345030e+09 5.412011950016021729e+02 0.000000000000000000e+00 0.000000000000000000e+00
7.000000000000000000e+00 1.000000000000000000e+00 4.000000000000000000e+00 0.000000000000000000e+00 1.046907387448827147e+09 1.046907387448827147e+09 1.254648908072418213e+09 1.254648908072418213e+09 2.286312639713287354e+02 0.000000000000000000e+00 0.000000000000000000e+00
8.000000000000000000e+00 1.000000000000000000e+00 4.000000000000000000e+00 0.000000000000000000e+00 1.028589181750032187e+09 1.028589181750032187e+09 1.239374491384104252e+09 1.239374491384104252e+09 4.968144471645355225e+02 0.000000000000000000e+00 0.000000000000000000e+00
9.000000000000000000e+00 1.000000000000000000e+00 4.000000000000000000e+00 0.000000000000000000e+00 1.028259057476377249e+09 1.028259057476377249e+09 1.242954944257655144e+09 1.242954944257655144e+09 4.589935481548309326e+02 0.000000000000000000e+00 0.000000000000000000e+00
1.000000000000000000e+01 1.000000000000000000e+00 4.000000000000000000e+00 0.000000000000000000e+00 1.055228152653512836e+09 1.055228152653512836e+09 1.237804263692055941e+09 1.237804263692055941e+09 3.535021159648895264e+02 0.000000000000000000e+00 0.000000000000000000e+00
1.100000000000000000e+01 1.000000000000000000e+00 4.000000000000000000e+00 0.000000000000000000e+00 1.016117127925176978e+09 1.016117127925176978e+09 1.232003174654664516e+09 1.232003174654664516e+09 6.924272010326385498e+02 0.000000000000000000e+00 0.000000000000000000e+00
1.200000000000000000e+01 1.000000000000000000e+00 4.000000000000000000e+00 0.000000000000000000e+00 1.057172380421028256e+09 1.057172380421028256e+09 1.229017642604309797e+09 1.229017642604309797e+09 5.081434199810028076e+02 0.000000000000000000e+00 0.000000000000000000e+00
1.300000000000000000e+01 1.000000000000000000e+00 4.000000000000000000e+00 0.000000000000000000e+00 1.002833823807201266e+09 1.002833823807201266e+09 1.238187310605623245e+09 1.238187310605623245e+09 8.694078969955444336e+02 0.000000000000000000e+00 0.000000000000000000e+00
1.400000000000000000e+01 1.000000000000000000e+00 4.000000000000000000e+00 0.000000000000000000e+00 1.024519183424947500e+09 1.024519183424947500e+09 1.225431332495296955e+09 1.225431332495296955e+09 3.866707479953765869e+02 0.000000000000000000e+00 0.000000000000000000e+00
1.500000000000000000e+01 1.000000000000000000e+00 4.000000000000000000e+00 0.000000000000000000e+00 1.015452947804068327e+09 1.015452947804068327e+09 1.238175990955312967e+09 1.238175990955312967e+09 6.072788929939270020e+02 0.000000000000000000e+00 0.000000000000000000e+00
1.600000000000000000e+01 1.000000000000000000e+00 4.000000000000000000e+00 0.000000000000000000e+00 1.060957089285525203e+09 1.060957089285525203e+09 1.241180944110429049e+09 1.241180944110429049e+09 7.803751509189605713e+02 0.000000000000000000e+00 0.000000000000000000e+00
1.700000000000000000e+01 1.000000000000000000e+00 4.000000000000000000e+00 0.000000000000000000e+00 1.031007084760995150e+09 1.031007084760995150e+09 1.217768486878560066e+09 1.217768486878560066e+09 6.968280358314514160e+02 0.000000000000000000e+00 0.000000000000000000e+00
1.800000000000000000e+01 1.000000000000000000e+00 4.000000000000000000e+00 0.000000000000000000e+00 1.007482918479536772e+09 1.007482918479536772e+09 1.244209359838104963e+09 1.244209359838104963e+09 5.052442681789398193e+02 0.000000000000000000e+00 0.000000000000000000e+00
1.900000000000000000e+01 1.000000000000000000e+00 4.000000000000000000e+00 0.000000000000000000e+00 1.075334988183492661e+09 1.075334988183492661e+09 1.229382769320699453e+09 1.229382769320699453e+09 3.983348419666290283e+02 0.000000000000000000e+00 0.000000000000000000e+00
2.000000000000000000e+01 1.000000000000000000e+00 4.000000000000000000e+00 0.000000000000000000e+00 1.039079909991903543e+09 1.039079909991903543e+09 1.227622586530437708e+09 1.227622586530437708e+09 5.122296819686889648e+02 0.000000000000000000e+00 0.000000000000000000e+00
2.100000000000000000e+01 1.000000000000000000e+00 4.000000000000000000e+00 0.000000000000000000e+00 1.047924252437562585e+09 1.047924252437562585e+09 1.237663631675196648e+09 1.237663631675196648e+09 6.675427658557891846e+02 0.000000000000000000e+00 0.000000000000000000e+00
2.200000000000000000e+01 1.000000000000000000e+00 4.000000000000000000e+00 0.000000000000000000e+00 1.069624836196023703e+09 1.069624836196023703e+09 1.236495201520554066e+09 1.236495201520554066e+09 3.949023778438568115e+02 0.000000000000000000e+00 0.000000000000000000e+00
2.300000000000000000e+01 1.000000000000000000e+00 4.000000000000000000e+00 0.000000000000000000e+00 1.029975528168740869e+09 1.029975528168740869e+09 1.244824419004531622e+09 1.244824419004531622e+09 5.094098949432373047e+02 0.000000000000000000e+00 0.000000000000000000e+00
2.400000000000000000e+01 1.000000000000000000e+00 4.000000000000000000e+00 0.000000000000000000e+00 1.023117644069554806e+09 1.023117644069554806e+09 1.241897182338133097e+09 1.241897182338133097e+09 6.260425999164581299e+02 0.000000000000000000e+00 0.000000000000000000e+00
2.500000000000000000e+01 1.000000000000000000e+00 4.000000000000000000e+00 0.000000000000000000e+00 1.017295847024683595e+09 1.017295847024683595e+09 1.243442062698273420e+09 1.243442062698273420e+09 4.356940128803253174e+02 0.000000000000000000e+00 0.000000000000000000e+00
2.600000000000000000e+01 1.000000000000000000e+00 4.000000000000000000e+00 0.000000000000000000e+00 1.047227150513504028e+09 1.047227150513504028e+09 1.229454768993799686e+09 1.229454768993799686e+09 3.333688068389892578e+02 0.000000000000000000e+00 0.000000000000000000e+00
2.700000000000000000e+01 1.000000000000000000e+00 4.000000000000000000e+00 0.000000000000000000e+00 1.036798476388862967e+09 1.036798476388862967e+09 1.235480695063853502e+09 1.235480695063853502e+09 3.395225341320037842e+02 0.000000000000000000e+00 0.000000000000000000e+00
2.800000000000000000e+01 1.000000000000000000e+00 4.000000000000000000e+00 0.000000000000000000e+00 1.061253480080991268e+09 1.061253480080991268e+09 1.237602037699830055e+09 1.237602037699830055e+09 5.134914752006530762e+03 0.000000000000000000e+00 0.000000000000000000e+00
2.900000000000000000e+01 1.000000000000000000e+00 4.000000000000000000e+00 0.000000000000000000e+00 1.062358156849448085e+09 1.062358156849448085e+09 1.242020273312358379e+09 1.242020273312358379e+09 4.235265371799468994e+02 0.000000000000000000e+00 0.000000000000000000e+00
3.000000000000000000e+01 1.000000000000000000e+00 4.000000000000000000e+00 0.000000000000000000e+00 1.057473972485959768e+09 1.057473972485959768e+09 1.228693746443217993e+09 1.228693746443217993e+09 5.944931871891021729e+02 0.000000000000000000e+00 0.000000000000000000e+00
3.100000000000000000e+01 1.000000000000000000e+00 4.000000000000000000e+00 0.000000000000000000e+00 1.023745121652263284e+09 1.023745121652263284e+09 1.242919925733847618e+09 1.242919925733847618e+09 3.923627898693084717e+02 0.000000000000000000e+00 0.000000000000000000e+00
3.200000000000000000e+01 1.000000000000000000e+00 4.000000000000000000e+00 0.000000000000000000e+00 1.035932591256218195e+09 1.035932591256218195e+09 1.220089837885056019e+09 1.220089837885056019e+09 3.283975720405578613e+02 0.000000000000000000e+00 0.000000000000000000e+00
3.300000000000000000e+01 1.000000000000000000e+00 4.000000000000000000e+00 0.000000000000000000e+00 1.030769541453494191e+09 1.030769541453494191e+09 1.233464914647454739e+09 1.233464914647454739e+09 4.898122129440307617e+02 0.000000000000000000e+00 0.000000000000000000e+00
3.400000000000000000e+01 1.000000000000000000e+00 4.000000000000000000e+00 0.000000000000000000e+00 1.024425635357956290e+09 1.024425635357956290e+09 1.245239367373020887e+09 1.245239367373020887e+09 5.058562798500061035e+02 0.000000000000000000e+00 0.000000000000000000e+00
3.500000000000000000e+01 1.000000000000000000e+00 4.000000000000000000e+00 0.000000000000000000e+00 1.000638409525658488e+09 1.000638409525658488e+09 1.226496714359817266e+09 1.226496714359817266e+09 4.317007100582122803e+02 0.000000000000000000e+00 0.000000000000000000e+00
3.600000000000000000e+01 1.000000000000000000e+00 4.000000000000000000e+00 0.000000000000000000e+00 1.055501732012724519e+09 1.055501732012724519e+09 1.238087164764301300e+09 1.238087164764301300e+09 3.459476399421691895e+02 0.000000000000000000e+00 0.000000000000000000e+00
3.700000000000000000e+01 1.000000000000000000e+00 4.000000000000000000e+00 0.000000000000000000e+00 1.088857903766768932e+09 1.088857903766768932e+09 1.232645355826462507e+09 1.232645355826462507e+09 4.806290199756622314e+02 0.000000000000000000e+00 0.000000000000000000e+00
3.800000000000000000e+01 1.000000000000000000e+00 4.000000000000000000e+00 0.000000000000000000e+00 1.028151872826014280e+09 1.028151872826014280e+09 1.212568040676565170e+09 1.212568040676565170e+09 3.884687249660491943e+02 0.000000000000000000e+00 0.000000000000000000e+00
3.900000000000000000e+01 1.000000000000000000e+00 4.000000000000000000e+00 0.000000000000000000e+00 1.041766961317777038e+09 1.041766961317777038e+09 1.230976759779645681e+09 1.230976759779645681e+09 6.555958659648895264e+02 0.000000000000000000e+00 0.000000000000000000e+00
4.000000000000000000e+01 1.000000000000000000e+00 4.000000000000000000e+00 0.000000000000000000e+00 1.058844604540673137e+09 1.058844604540673137e+09 1.234512904914774895e+09 1.234512904914774895e+09 5.209444880485534668e+02 0.000000000000000000e+00 0.000000000000000000e+00
4.100000000000000000e+01 1.000000000000000000e+00 4.000000000000000000e+00 0.000000000000000000e+00 1.057096666171333194e+09 1.057096666171333194e+09 1.253243480197829247e+09 1.253243480197829247e+09 3.025373780727386475e+02 0.000000000000000000e+00 0.000000000000000000e+00
4.200000000000000000e+01 1.000000000000000000e+00 4.000000000000000000e+00 0.000000000000000000e+00 1.064691822716980457e+09 1.064691822716980457e+09 1.223000244731424570e+09 1.223000244731424570e+09 3.921325509548187256e+02 0.000000000000000000e+00 0.000000000000000000e+00
4.300000000000000000e+01 1.000000000000000000e+00 4.000000000000000000e+00 0.000000000000000000e+00 1.015929518794397831e+09 1.015929518794397831e+09 1.236571263957352161e+09 1.236571263957352161e+09 6.839794440269470215e+02 0.000000000000000000e+00 0.000000000000000000e+00
4.400000000000000000e+01 1.000000000000000000e+00 4.000000000000000000e+00 0.000000000000000000e+00 1.054216398242572546e+09 1.054216398242572546e+09 1.248897542141219139e+09 1.248897542141219139e+09 3.668849458694458008e+02 0.000000000000000000e+00 0.000000000000000000e+00
4.500000000000000000e+01 1.000000000000000000e+00 4.000000000000000000e+00 0.000000000000000000e+00 1.055774633217827916e+09 1.055774633217827916e+09 1.230762009728280067e+09 1.230762009728280067e+09 3.795713469982147217e+02 0.000000000000000000e+00 0.000000000000000000e+00
4.600000000000000000e+01 1.000000000000000000e+00 4.000000000000000000e+00 0.000000000000000000e+00 1.043771706776919127e+09 1.043771706776919127e+09 1.228910234100995064e+09 1.228910234100995064e+09 4.682185640335083008e+02 0.000000000000000000e+00 0.000000000000000000e+00
4.700000000000000000e+01 1.000000000000000000e+00 4.000000000000000000e+00 0.000000000000000000e+00 1.028901694954838514e+09 1.028901694954838514e+09 1.226417894210529327e+09 1.226417894210529327e+09 3.200647389888763428e+02 0.000000000000000000e+00 0.000000000000000000e+00
4.800000000000000000e+01 1.000000000000000000e+00 4.000000000000000000e+00 0.000000000000000000e+00 1.033376628299901009e+09 1.033376628299901009e+09 1.261971756750251055e+09 1.261971756750251055e+09 4.086093699932098389e+02 0.000000000000000000e+00 0.000000000000000000e+00
4.900000000000000000e+01 1.000000000000000000e+00 4.000000000000000000e+00 0.000000000000000000e+00 1.039371305859702587e+09 1.039371305859702587e+09 1.221051915671474457e+09 1.221051915671474457e+09 3.003989198207855225e+02 0.000000000000000000e+00 0.000000000000000000e+00
5.000000000000000000e+01 1.000000000000000000e+00 4.000000000000000000e+00 0.000000000000000000e+00 1.037571032634773016e+09 1.037571032634773016e+09 1.215884544641516924e+09 1.215884544641516924e+09 2.553733630180358887e+02 0.000000000000000000e+00 0.000000000000000000e+00
5.100000000000000000e+01 1.000000000000000000e+00 4.000000000000000000e+00 0.000000000000000000e+00 1.046009753580177903e+09 1.046009753580177903e+09 1.239334926986793995e+09 1.239334926986793995e+09 2.918884258270263672e+02 0.000000000000000000e+00 0.000000000000000000e+00
5.200000000000000000e+01 1.000000000000000000e+00 4.000000000000000000e+00 0.000000000000000000e+00 1.045583500144689918e+09 1.045583500144689918e+09 1.233593243257190943e+09 1.233593243257190943e+09 3.731746749877929688e+02 0.000000000000000000e+00 0.000000000000000000e+00
5.300000000000000000e+01 1.000000000000000000e+00 4.000000000000000000e+00 0.000000000000000000e+00 1.033915576897640705e+09 1.033915576897640705e+09 1.223792086088853121e+09 1.223792086088853121e+09 5.105465128421783447e+02 0.000000000000000000e+00 0.000000000000000000e+00
5.400000000000000000e+01 1.000000000000000000e+00 4.000000000000000000e+00 0.000000000000000000e+00 1.032920193757388353e+09 1.032920193757388353e+09 1.231128354026245832e+09 1.231128354026245832e+09 3.033335750102996826e+02 0.000000000000000000e+00 0.000000000000000000e+00
5.500000000000000000e+01 1.000000000000000000e+00 4.000000000000000000e+00 0.000000000000000000e+00 1.066272923399208784e+09 1.066272923399208784e+09 1.222927426263231039e+09 1.222927426263231039e+09 4.073141500949859619e+02 0.000000000000000000e+00 0.000000000000000000e+00
5.600000000000000000e+01 1.000000000000000000e+00 4.000000000000000000e+00 0.000000000000000000e+00 1.050708332330984354e+09 1.050708332330984354e+09 1.252609719097144365e+09 1.252609719097144365e+09 2.752377839088439941e+02 0.000000000000000000e+00 0.000000000000000000e+00
5.700000000000000000e+01 1.000000000000000000e+00 4.000000000000000000e+00 0.000000000000000000e+00 1.071117140384627461e+09 1.071117140384627461e+09 1.238857797831645727e+09 1.238857797831645727e+09 3.059196360111236572e+02 0.000000000000000000e+00 0.000000000000000000e+00
5.800000000000000000e+01 1.000000000000000000e+00 4.000000000000000000e+00 0.000000000000000000e+00 1.039130653375786543e+09 1.039130653375786543e+09 1.232505109936720371e+09 1.232505109936720371e+09 3.616477179527282715e+02 0.000000000000000000e+00 0.000000000000000000e+00
5.900000000000000000e+01 1.000000000000000000e+00 4.000000000000000000e+00 0.000000000000000000e+00 1.042376621567132711e+09 1.042376621567132711e+09 1.242449536524743319e+09 1.242449536524743319e+09 4.143135068416595459e+02 0.000000000000000000e+00 0.000000000000000000e+00
6.000000000000000000e+01 1.000000000000000000e+00 4.000000000000000000e+00 0.000000000000000000e+00 1.045027388768701315e+09 1.045027388768701315e+09 1.225836033217079401e+09 1.225836033217079401e+09 2.881723880767822266e+02 0.000000000000000000e+00 0.000000000000000000e+00
6.100000000000000000e+01 1.000000000000000000e+00 4.000000000000000000e+00 0.000000000000000000e+00 1.078953136422307014e+09 1.078953136422307014e+09 1.224197489131896973e+09 1.224197489131896973e+09 2.880200200080871582e+02 0.000000000000000000e+00 0.000000000000000000e+00
6.200000000000000000e+01 1.000000000000000000e+00 4.000000000000000000e+00 0.000000000000000000e+00 1.076920366891457558e+09 1.076920366891457558e+09 1.236966152886388302e+09 1.236966152886388302e+09 4.157315301895141602e+02 0.000000000000000000e+00 0.000000000000000000e+00
6.300000000000000000e+01 1.000000000000000000e+00 4.000000000000000000e+00 0.000000000000000000e+00 1.041594849933973432e+09 1.041594849933973432e+09 1.234140838461484432e+09 1.234140838461484432e+09 3.754732620716094971e+02 0.000000000000000000e+00 0.000000000000000000e+00
6.400000000000000000e+01 1.000000000000000000e+00 4.000000000000000000e+00 0.000000000000000000e+00 9.883925132859494686e+08 9.883925132859494686e+08 1.211537949446461201e+09 1.211537949446461201e+09 3.436508860588073730e+02 0.000000000000000000e+00 0.000000000000000000e+00
6.500000000000000000e+01 1.000000000000000000e+00 4.000000000000000000e+00 0.000000000000000000e+00 1.021531868313553452e+09 1.021531868313553452e+09 1.210465597556159258e+09 1.210465597556159258e+09 4.131921129226684570e+02 0.000000000000000000e+00 0.000000000000000000e+00
6.600000000000000000e+01 1.000000000000000000e+00 4.000000000000000000e+00 0.000000000000000000e+00 1.079629145790433168e+09 1.079629145790433168e+09 1.243391702688086748e+09 1.243391702688086748e+09 3.431979761123657227e+02 0.000000000000000000e+00 0.000000000000000000e+00
6.700000000000000000e+01 1.000000000000000000e+00 4.000000000000000000e+00 0.000000000000000000e+00 1.056609540721229672e+09 1.056609540721229672e+09 1.254604044721653223e+09 1.254604044721653223e+09 3.768046600818634033e+02 0.000000000000000000e+00 0.000000000000000000e+00
6.800000000000000000e+01 1.000000000000000000e+00 4.000000000000000000e+00 0.000000000000000000e+00 1.055557206330903888e+09 1.055557206330903888e+09 1.229470785368240595e+09 1.229470785368240595e+09 2.675855920314788818e+02 0.000000000000000000e+00 0.000000000000000000e+00
6.900000000000000000e+01 1.000000000000000000e+00 4.000000000000000000e+00 0.000000000000000000e+00 1.025972858835672975e+09 1.025972858835672975e+09 1.239816600660715103e+09 1.239816600660715103e+09 2.760395088195800781e+02 0.000000000000000000e+00 0.000000000000000000e+00
7.000000000000000000e+01 1.000000000000000000e+00 4.000000000000000000e+00 0.000000000000000000e+00 1.022344983985173106e+09 1.022344983985173106e+09 1.219881737335366249e+09 1.219881737335366249e+09 4.299283690452575684e+02 0.000000000000000000e+00 0.000000000000000000e+00
7.100000000000000000e+01 1.000000000000000000e+00 4.000000000000000000e+00 0.000000000000000000e+00 1.003963779911579370e+09 1.003963779911579370e+09 1.235864109080249310e+09 1.235864109080249310e+09 4.521051640510559082e+02 0.000000000000000000e+00 0.000000000000000000e+00
7.200000000000000000e+01 1.000000000000000000e+00 4.000000000000000000e+00 0.000000000000000000e+00 1.046804243838980556e+09 1.046804243838980556e+09 1.245561250372111320e+09 1.245561250372111320e+09 3.388361818790435791e+02 0.000000000000000000e+00 0.000000000000000000e+00
7.300000000000000000e+01 1.000000000000000000e+00 4.000000000000000000e+00 0.000000000000000000e+00 1.047232473002121568e+09 1.047232473002121568e+09 1.242388192637116432e+09 1.242388192637116432e+09 3.245745580196380615e+02 0.000000000000000000e+00 0.000000000000000000e+00
7.400000000000000000e+01 1.000000000000000000e+00 4.000000000000000000e+00 0.000000000000000000e+00 1.071010219679463506e+09 1.071010219679463506e+09 1.226364557165591717e+09 1.226364557165591717e+09 3.626344418525695801e+02 0.000000000000000000e+00 0.000000000000000000e+00
7.500000000000000000e+01 1.000000000000000000e+00 4.000000000000000000e+00 0.000000000000000000e+00 1.061126841241011024e+09 1.061126841241011024e+09 1.225267352117458105e+09 1.225267352117458105e+09 3.752484309673309326e+02 0.000000000000000000e+00 0.000000000000000000e+00
7.600000000000000000e+01 1.000000000000000000e+00 4.000000000000000000e+00 0.000000000000000000e+00 1.042064285543802023e+09 1.042064285543802023e+09 1.230812118671015978e+09 1.230812118671015978e+09 3.711706531047821045e+02 0.000000000000000000e+00 0.000000000000000000e+00
7.700000000000000000e+01 1.000000000000000000e+00 4.000000000000000000e+00 0.000000000000000000e+00 1.067131021499884129e+09 1.067131021499884129e+09 1.254495338468159914e+09 1.254495338468159914e+09 2.963484790325164795e+02 0.000000000000000000e+00 0.000000000000000000e+00
7.800000000000000000e+01 1.000000000000000000e+00 4.000000000000000000e+00 0.000000000000000000e+00 1.061739683043471456e+09 1.061739683043471456e+09 1.239833784109137297e+09 1.239833784109137297e+09 2.986419899463653564e+02 0.000000000000000000e+00 0.000000000000000000e+00
7.900000000000000000e+01 1.000000000000000000e+00 4.000000000000000000e+00 0.000000000000000000e+00 1.040886544068118215e+09 1.040886544068118215e+09 1.211938820748817682e+09 1.211938820748817682e+09 1.984688050746917725e+02 0.000000000000000000e+00 0.000000000000000000e+00
8.000000000000000000e+01 1.000000000000000000e+00 4.000000000000000000e+00 0.000000000000000000e+00 9.958806937146550417e+08 9.958806937146550417e+08 1.213627712660116673e+09 1.213627712660116673e+09 5.686459410190582275e+02 0.000000000000000000e+00 0.000000000000000000e+00
8.100000000000000000e+01 1.000000000000000000e+00 4.000000000000000000e+00 0.000000000000000000e+00 1.082409352522403479e+09 1.082409352522403479e+09 1.244283552570483446e+09 1.244283552570483446e+09 2.141116600036621094e+02 0.000000000000000000e+00 0.000000000000000000e+00
8.200000000000000000e+01 1.000000000000000000e+00 4.000000000000000000e+00 0.000000000000000000e+00 1.064283739376186967e+09 1.064283739376186967e+09 1.238868995768164635e+09 1.238868995768164635e+09 4.002752809524536133e+02 0.000000000000000000e+00 0.000000000000000000e+00
8.300000000000000000e+01 1.000000000000000000e+00 4.000000000000000000e+00 0.000000000000000000e+00 1.060603841552622914e+09 1.060603841552622914e+09 1.255956560419481516e+09 1.255956560419481516e+09 3.287672669887542725e+02 0.000000000000000000e+00 0.000000000000000000e+00
8.400000000000000000e+01 1.000000000000000000e+00 4.000000000000000000e+00 0.000000000000000000e+00 1.075912324018396616e+09 1.075912324018396616e+09 1.236149599667790890e+09 1.236149599667790890e+09 3.484322190284729004e+02 0.000000000000000000e+00 0.000000000000000000e+00
8.500000000000000000e+01 1.000000000000000000e+00 4.000000000000000000e+00 0.000000000000000000e+00 1.039874274129417658e+09 1.039874274129417658e+09 1.227801718234360218e+09 1.227801718234360218e+09 3.692483181953430176e+02 0.000000000000000000e+00 0.000000000000000000e+00
8.600000000000000000e+01 1.000000000000000000e+00 4.000000000000000000e+00 0.000000000000000000e+00 1.006106387620531201e+09 1.006106387620531201e+09 1.200972114896977663e+09 1.200972114896977663e+09 6.401584248542785645e+02 0.000000000000000000e+00 0.000000000000000000e+00
8.700000000000000000e+01 1.000000000000000000e+00 4.000000000000000000e+00 0.000000000000000000e+00 1.080234825720672369e+09 1.080234825720672369e+09 1.224238208600765944e+09 1.224238208600765944e+09 3.774913239479064941e+02 0.000000000000000000e+00 0.000000000000000000e+00
8.800000000000000000e+01 1.000000000000000000e+00 4.000000000000000000e+00 0.000000000000000000e+00 1.055396940968190312e+09 1.055396940968190312e+09 1.225918602561557293e+09 1.225918602561557293e+09 4.692300698757171631e+02 0.000000000000000000e+00 0.000000000000000000e+00
8.900000000000000000e+01 1.000000000000000000e+00 4.000000000000000000e+00 0.000000000000000000e+00 1.039894576994629145e+09 1.039894576994629145e+09 1.222895873976130247e+09 1.222895873976130247e+09 3.334966650009155273e+02 0.000000000000000000e+00 0.000000000000000000e+00
9.000000000000000000e+01 1.000000000000000000e+00 4.000000000000000000e+00 0.000000000000000000e+00 1.042096491018871784e+09 1.042096491018871784e+09 1.242341923990665436e+09 1.242341923990665436e+09 2.866466131210327148e+02 0.000000000000000000e+00 0.000000000000000000e+00
9.100000000000000000e+01 1.000000000000000000e+00 4.000000000000000000e+00 0.000000000000000000e+00 1.064830036050669432e+09 1.064830036050669432e+09 1.235991423530745029e+09 1.235991423530745029e+09 3.310092320442199707e+02 0.000000000000000000e+00 0.000000000000000000e+00
9.200000000000000000e+01 1.000000000000000000e+00 4.000000000000000000e+00 0.000000000000000000e+00 1.051050700516146302e+09 1.051050700516146302e+09 1.236096162327883005e+09 1.236096162327883005e+09 4.058981480598449707e+02 0.000000000000000000e+00 0.000000000000000000e+00
9.300000000000000000e+01 1.000000000000000000e+00 4.000000000000000000e+00 0.000000000000000000e+00 1.074764486957972765e+09 1.074764486957972765e+09 1.239215148796166182e+09 1.239215148796166182e+09 2.824254150390625000e+02 0.000000000000000000e+00 0.000000000000000000e+00
9.400000000000000000e+01 1.000000000000000000e+00 4.000000000000000000e+00 0.000000000000000000e+00 1.035262731160257101e+09 1.035262731160257101e+09 1.222826762108898640e+09 1.222826762108898640e+09 4.878575217723846436e+02 0.000000000000000000e+00 0.000000000000000000e+00
9.500000000000000000e+01 1.000000000000000000e+00 4.000000000000000000e+00 0.000000000000000000e+00 1.037921102274207473e+09 1.037921102274207473e+09 1.246362268618387938e+09 1.246362268618387938e+09 4.462064309120178223e+02 0.000000000000000000e+00 0.000000000000000000e+00
9.600000000000000000e+01 1.000000000000000000e+00 4.000000000000000000e+00 0.000000000000000000e+00 1.084047321173541069e+09 1.084047321173541069e+09 1.240612388249412537e+09 1.240612388249412537e+09 4.115285770893096924e+02 0.000000000000000000e+00 0.000000000000000000e+00
9.700000000000000000e+01 1.000000000000000000e+00 4.000000000000000000e+00 0.000000000000000000e+00 1.048735439109552860e+09 1.048735439109552860e+09 1.222252072855299234e+09 1.222252072855299234e+09 3.190931830406188965e+02 0.000000000000000000e+00 0.000000000000000000e+00
9.800000000000000000e+01 1.000000000000000000e+00 4.000000000000000000e+00 0.000000000000000000e+00 1.036444415515699863e+09 1.036444415515699863e+09 1.231243845432601452e+09 1.231243845432601452e+09 4.424885199069976807e+02 0.000000000000000000e+00 0.000000000000000000e+00
9.900000000000000000e+01 1.000000000000000000e+00 4.000000000000000000e+00 0.000000000000000000e+00 1.073264206193272948e+09 1.073264206193272948e+09 1.231255281072836637e+09 1.231255281072836637e+09 4.111428489685058594e+02 0.000000000000000000e+00 0.000000000000000000e+00
1.000000000000000000e+02 1.000000000000000000e+00 4.000000000000000000e+00 0.000000000000000000e+00 1.067901561483671665e+09 1.067901561483671665e+09 1.236178484802556276e+09 1.236178484802556276e+09 2.981973519325256348e+02 0.000000000000000000e+00 0.000000000000000000e+00
1.010000000000000000e+02 1.000000000000000000e+00 4.000000000000000000e+00 0.000000000000000000e+00 1.051932358275330663e+09 1.051932358275330663e+09 1.235067525042488575e+09 1.235067525042488575e+09 3.843558979034423828e+02 0.000000000000000000e+00 0.000000000000000000e+00
1.020000000000000000e+02 1.000000000000000000e+00 4.000000000000000000e+00 0.000000000000000000e+00 1.048101836277596116e+09 1.048101836277596116e+09 1.224414065288125277e+09 1.224414065288125277e+09 7.131017529964447021e+02 0.000000000000000000e+00 0.000000000000000000e+00
1.030000000000000000e+02 1.000000000000000000e+00 4.000000000000000000e+00 0.000000000000000000e+00 1.015689286589388728e+09 1.015689286589388728e+09 1.232227433038010836e+09 1.232227433038010836e+09 6.314847249984741211e+02 0.000000000000000000e+00 0.000000000000000000e+00
1.040000000000000000e+02 1.000000000000000000e+00 4.000000000000000000e+00 0.000000000000000000e+00 1.081648686403527260e+09 1.081648686403527260e+09 1.234958532476588488e+09 1.234958532476588488e+09 3.267294349670410156e+02 0.000000000000000000e+00 0.000000000000000000e+00
1.050000000000000000e+02 1.000000000000000000e+00 4.000000000000000000e+00 0.000000000000000000e+00 1.071720491631649375e+09 1.071720491631649375e+09 1.233052604126431227e+09 1.233052604126431227e+09 2.275794341564178467e+02 0.000000000000000000e+00 0.000000000000000000e+00
1.060000000000000000e+02 1.000000000000000000e+00 4.000000000000000000e+00 0.000000000000000000e+00 1.006361039679009199e+09 1.006361039679009199e+09 1.247112146622542143e+09 1.247112146622542143e+09 5.058204939365386963e+02 0.000000000000000000e+00 0.000000000000000000e+00
1.070000000000000000e+02 1.000000000000000000e+00 4.000000000000000000e+00 0.000000000000000000e+00 1.059003106659062266e+09 1.059003106659062266e+09 1.227576941507091999e+09 1.227576941507091999e+09 6.059824218750000000e+02 0.000000000000000000e+00 0.000000000000000000e+00
1.080000000000000000e+02 1.000000000000000000e+00 4.000000000000000000e+00 0.000000000000000000e+00 1.058799919255406499e+09 1.058799919255406499e+09 1.241289198309971094e+09 1.241289198309971094e+09 3.366683540344238281e+02 0.000000000000000000e+00 0.000000000000000000e+00
1.090000000000000000e+02 1.000000000000000000e+00 4.000000000000000000e+00 0.000000000000000000e+00 1.006201034634038687e+09 1.006201034634038687e+09 1.245297138179623604e+09 1.245297138179623604e+09 5.001638209819793701e+02 0.000000000000000000e+00 0.000000000000000000e+00
1.100000000000000000e+02 1.000000000000000000e+00 4.000000000000000000e+00 0.000000000000000000e+00 1.028775867092082381e+09 1.028775867092082381e+09 1.231260420174639702e+09 1.231260420174639702e+09 6.160696969032287598e+02 0.000000000000000000e+00 0.000000000000000000e+00
1.110000000000000000e+02 1.000000000000000000e+00 4.000000000000000000e+00 0.000000000000000000e+00 1.004525676305505633e+09 1.004525676305505633e+09 1.224502642408406973e+09 1.224502642408406973e+09 6.583002319335937500e+02 0.000000000000000000e+00 0.000000000000000000e+00
1.120000000000000000e+02 1.000000000000000000e+00 4.000000000000000000e+00 0.000000000000000000e+00 1.037470678265814900e+09 1.037470678265814900e+09 1.244465492469101429e+09 1.244465492469101429e+09 4.343542499542236328e+02 0.000000000000000000e+00 0.000000000000000000e+00
1.130000000000000000e+02 1.000000000000000000e+00 4.000000000000000000e+00 0.000000000000000000e+00 1.030196910225886345e+09 1.030196910225886345e+09 1.220923296437063932e+09 1.220923296437063932e+09 4.439698657989501953e+02 0.000000000000000000e+00 0.000000000000000000e+00
1.140000000000000000e+02 1.000000000000000000e+00 4.000000000000000000e+00 0.000000000000000000e+00 1.089661139088858366e+09 1.089661139088858366e+09 1.234478427311679602e+09 1.234478427311679602e+09 4.847969229221343994e+02 0.000000000000000000e+00 0.000000000000000000e+00
1.150000000000000000e+02 1.000000000000000000e+00 4.000000000000000000e+00 0.000000000000000000e+00 1.027258735688019037e+09 1.027258735688019037e+09 1.194662941529408216e+09 1.194662941529408216e+09 5.045675599575042725e+02 0.000000000000000000e+00 0.000000000000000000e+00
1.160000000000000000e+02 1.000000000000000000e+00 4.000000000000000000e+00 0.000000000000000000e+00 1.068900912241816759e+09 1.068900912241816759e+09 1.232795653107707500e+09 1.232795653107707500e+09 2.711383831501007080e+02 0.000000000000000000e+00 0.000000000000000000e+00
1.170000000000000000e+02 1.000000000000000000e+00 4.000000000000000000e+00 0.000000000000000000e+00 1.031199076184232235e+09 1.031199076184232235e+09 1.241963327789465666e+09 1.241963327789465666e+09 3.422352700233459473e+02 0.000000000000000000e+00 0.000000000000000000e+00
1.180000000000000000e+02 1.000000000000000000e+00 4.000000000000000000e+00 0.000000000000000000e+00 1.042363618008215427e+09 1.042363618008215427e+09 1.235015999227999687e+09 1.235015999227999687e+09 5.436365361213684082e+02 0.000000000000000000e+00 0.000000000000000000e+00
1.190000000000000000e+02 1.000000000000000000e+00 4.000000000000000000e+00 0.000000000000000000e+00 1.029182641514763355e+09 1.029182641514763355e+09 1.223905215290901184e+09 1.223905215290901184e+09 4.658505139350891113e+02 0.000000000000000000e+00 0.000000000000000000e+00
1.200000000000000000e+02 1.000000000000000000e+00 4.000000000000000000e+00 0.000000000000000000e+00 1.068193693589767694e+09 1.068193693589767694e+09 1.238397031331939220e+09 1.238397031331939220e+09 6.412440619468688965e+02 0.000000000000000000e+00 0.000000000000000000e+00
1.210000000000000000e+02 1.000000000000000000e+00 4.000000000000000000e+00 0.000000000000000000e+00 1.092054459521003723e+09 1.092054459521003723e+09 1.229120542488924026e+09 1.229120542488924026e+09 3.946800980567932129e+02 0.000000000000000000e+00 0.000000000000000000e+00
1.220000000000000000e+02 1.000000000000000000e+00 4.000000000000000000e+00 0.000000000000000000e+00 1.033756700990983367e+09 1.033756700990983367e+09 1.244197363193306684e+09 1.244197363193306684e+09 5.829757471084594727e+02 0.000000000000000000e+00 0.000000000000000000e+00
1.230000000000000000e+02 1.000000000000000000e+00 4.000000000000000000e+00 0.000000000000000000e+00 1.063253734296111584e+09 1.063253734296111584e+09 1.238832873760615110e+09 1.238832873760615110e+09 4.447935049533843994e+02 0.000000000000000000e+00 0.000000000000000000e+00
1.240000000000000000e+02 1.000000000000000000e+00 4.000000000000000000e+00 0.000000000000000000e+00 1.014737787645220637e+09 1.014737787645220637e+09 1.241047395669405460e+09 1.241047395669405460e+09 4.047867181301116943e+02 0.000000000000000000e+00 0.000000000000000000e+00
1.250000000000000000e+02 1.000000000000000000e+00 4.000000000000000000e+00 0.000000000000000000e+00 1.049209275894855022e+09 1.049209275894855022e+09 1.235686639470091343e+09 1.235686639470091343e+09 3.271232831478118896e+02 0.000000000000000000e+00 0.000000000000000000e+00
1.260000000000000000e+02 1.000000000000000000e+00 4.000000000000000000e+00 0.000000000000000000e+00 1.044252277147352695e+09 1.044252277147352695e+09 1.261078479932749271e+09 1.261078479932749271e+09 5.305979340076446533e+02 0.000000000000000000e+00 0.000000000000000000e+00
1.270000000000000000e+02 1.000000000000000000e+00 4.000000000000000000e+00 0.000000000000000000e+00 1.043649456066843390e+09 1.043649456066843390e+09 1.235588242389928341e+09 1.235588242389928341e+09 4.337056300640106201e+02 0.000000000000000000e+00 0.000000000000000000e+00
1.280000000000000000e+02 1.000000000000000000e+00 4.000000000000000000e+00 0.000000000000000000e+00 1.031006788071513295e+09 1.031006788071513295e+09 1.229495307834985018e+09 1.229495307834985018e+09 3.399955468177795410e+02 0.000000000000000000e+00 0.000000000000000000e+00
1.290000000000000000e+02 1.000000000000000000e+00 4.000000000000000000e+00 0.000000000000000000e+00 1.044571753809089065e+09 1.044571753809089065e+09 1.214468031590446711e+09 1.214468031590446711e+09 3.529743981361389160e+02 0.000000000000000000e+00 0.000000000000000000e+00
1.300000000000000000e+02 1.000000000000000000e+00 4.000000000000000000e+00 0.000000000000000000e+00 1.023703678043237567e+09 1.023703678043237567e+09 1.244047791288908243e+09 1.244047791288908243e+09 5.619106462001800537e+02 0.000000000000000000e+00 0.000000000000000000e+00
1.310000000000000000e+02 1.000000000000000000e+00 4.000000000000000000e+00 0.000000000000000000e+00 1.022837723903645396e+09 1.022837723903645396e+09 1.236067626573641777e+09 1.236067626573641777e+09 6.188013210296630859e+02 0.000000000000000000e+00 0.000000000000000000e+00
1.320000000000000000e+02 1.000000000000000000e+00 4.000000000000000000e+00 0.000000000000000000e+00 1.029785586362584114e+09 1.029785586362584114e+09 1.237449155842150927e+09 1.237449155842150927e+09 3.999230830669403076e+02 0.000000000000000000e+00 0.000000000000000000e+00
1.330000000000000000e+02 1.000000000000000000e+00 4.000000000000000000e+00 0.000000000000000000e+00 1.039393093743318558e+09 1.039393093743318558e+09 1.218904427531090021e+09 1.218904427531090021e+09 5.767778069972991943e+02 0.000000000000000000e+00 0.000000000000000000e+00
1.340000000000000000e+02 1.000000000000000000e+00 4.000000000000000000e+00 0.000000000000000000e+00 1.022795127552978158e+09 1.022795127552978158e+09 1.238301135658585787e+09 1.238301135658585787e+09 4.148086271286010742e+02 0.000000000000000000e+00 0.000000000000000000e+00
1.350000000000000000e+02 1.000000000000000000e+00 4.000000000000000000e+00 0.000000000000000000e+00 1.081035354952427387e+09 1.081035354952427387e+09 1.240807340078695774e+09 1.240807340078695774e+09 3.970061089992523193e+02 0.000000000000000000e+00 0.000000000000000000e+00
1.360000000000000000e+02 1.000000000000000000e+00 4.000000000000000000e+00 0.000000000000000000e+00 1.053260679702723503e+09 1.053260679702723503e+09 1.225269245209320307e+09 1.225269245209320307e+09 3.480261220932006836e+02 0.000000000000000000e+00 0.000000000000000000e+00
1.370000000000000000e+02 1.000000000000000000e+00 4.000000000000000000e+00 0.000000000000000000e+00 1.080052037729894876e+09 1.080052037729894876e+09 1.230818870427719116e+09 1.230818870427719116e+09 3.480026791095733643e+02 0.000000000000000000e+00 0.000000000000000000e+00
1.380000000000000000e+02 1.000000000000000000e+00 4.000000000000000000e+00 0.000000000000000000e+00 1.072602335657403827e+09 1.072602335657403827e+09 1.234633637992522717e+09 1.234633637992522717e+09 3.384848878383636475e+02 0.000000000000000000e+00 0.000000000000000000e+00
1.390000000000000000e+02 1.000000000000000000e+00 4.000000000000000000e+00 0.000000000000000000e+00 1.056689841993424535e+09 1.056689841993424535e+09 1.220848407011876345e+09 1.220848407011876345e+09 3.457459261417388916e+02 0.000000000000000000e+00 0.000000000000000000e+00
1.400000000000000000e+02 1.000000000000000000e+00 4.000000000000000000e+00 0.000000000000000000e+00 1.006474069338562131e+09 1.006474069338562131e+09 1.237456261002555609e+09 1.237456261002555609e+09 5.474153051376342773e+02 0.000000000000000000e+00 0.000000000000000000e+00
1.410000000000000000e+02 1.000000000000000000e+00 4.000000000000000000e+00 0.000000000000000000e+00 1.074040611713106394e+09 1.074040611713106394e+09 1.226336431271190166e+09 1.226336431271190166e+09 2.475334820747375488e+02 0.000000000000000000e+00 0.000000000000000000e+00
1.420000000000000000e+02 1.000000000000000000e+00 4.000000000000000000e+00 0.000000000000000000e+00 1.016737412868012905e+09 1.016737412868012905e+09 1.233257794311659813e+09 1.233257794311659813e+09 3.333281450271606445e+02 0.000000000000000000e+00 0.000000000000000000e+00
1.430000000000000000e+02 1.000000000000000000e+00 4.000000000000000000e+00 0.000000000000000000e+00 1.044746052175934672e+09 1.044746052175934672e+09 1.230235035061451197e+09 1.230235035061451197e+09 4.501142170429229736e+02 0.000000000000000000e+00 0.000000000000000000e+00
1.440000000000000000e+02 1.000000000000000000e+00 4.000000000000000000e+00 0.000000000000000000e+00 1.048276846221363783e+09 1.048276846221363783e+09 1.239272166965421200e+09 1.239272166965421200e+09 3.033249149322509766e+02 0.000000000000000000e+00 0.000000000000000000e+00
1.450000000000000000e+02 1.000000000000000000e+00 4.000000000000000000e+00 0.000000000000000000e+00 1.025674716881012797e+09 1.025674716881012797e+09 1.220187941915219784e+09 1.220187941915219784e+09 5.859052760601043701e+02 0.000000000000000000e+00 0.000000000000000000e+00
1.460000000000000000e+02 1.000000000000000000e+00 4.000000000000000000e+00 0.000000000000000000e+00 1.085825214575948954e+09 1.085825214575948954e+09 1.212858358519629955e+09 1.212858358519629955e+09 2.622766349315643311e+02 0.000000000000000000e+00 0.000000000000000000e+00
1.470000000000000000e+02 1.000000000000000000e+00 4.000000000000000000e+00 0.000000000000000000e+00 1.056636127744470716e+09 1.056636127744470716e+09 1.228054929933695316e+09 1.228054929933695316e+09 4.407574980258941650e+02 0.000000000000000000e+00 0.000000000000000000e+00
1.480000000000000000e+02 1.000000000000000000e+00 4.000000000000000000e+00 0.000000000000000000e+00 1.024153228569588184e+09 1.024153228569588184e+09 1.236396398665013552e+09 1.236396398665013552e+09 4.012986180782318115e+02 0.000000000000000000e+00 0.000000000000000000e+00
1.490000000000000000e+02 1.000000000000000000e+00 4.000000000000000000e+00 0.000000000000000000e+00 1.062055001576279998e+09 1.062055001576279998e+09 1.232119227197486639e+09 1.232119227197486639e+09 3.234858100414276123e+02 0.000000000000000000e+00 0.000000000000000000e+00
1.500000000000000000e+02 1.000000000000000000e+00 4.000000000000000000e+00 0.000000000000000000e+00 1.023464070586176157e+09 1.023464070586176157e+09 1.235958165484138966e+09 1.235958165484138966e+09 3.150602538585662842e+02 0.000000000000000000e+00 0.000000000000000000e+00
1.510000000000000000e+02 1.000000000000000000e+00 4.000000000000000000e+00 0.000000000000000000e+00 1.030623168054573655e+09 1.030623168054573655e+09 1.193161848452405453e+09 1.193161848452405453e+09 3.654610691070556641e+02 0.000000000000000000e+00 0.000000000000000000e+00
1.520000000000000000e+02 1.000000000000000000e+00 4.000000000000000000e+00 0.000000000000000000e+00 1.055461426276542306e+09 1.055461426276542306e+09 1.241940183415294409e+09 1.241940183415294409e+09 3.814755098819732666e+02 0.000000000000000000e+00 0.000000000000000000e+00
1.530000000000000000e+02 1.000000000000000000e+00 4.000000000000000000e+00 0.000000000000000000e+00 1.024722267197927237e+09 1.024722267197927237e+09 1.222398754855452299e+09 1.222398754855452299e+09 4.692655041217803955e+02 0.000000000000000000e+00 0.000000000000000000e+00
1.540000000000000000e+02 1.000000000000000000e+00 4.000000000000000000e+00 0.000000000000000000e+00 1.011368189296414018e+09 1.011368189296414018e+09 1.247322106551960945e+09 1.247322106551960945e+09 3.553379888534545898e+02 0.000000000000000000e+00 0.000000000000000000e+00
1.550000000000000000e+02 1.000000000000000000e+00 4.000000000000000000e+00 0.000000000000000000e+00 1.008827345126595974e+09 1.008827345126595974e+09 1.230818027840487242e+09 1.230818027840487242e+09 3.189568438529968262e+02 0.000000000000000000e+00 0.000000000000000000e+00
1.560000000000000000e+02 1.000000000000000000e+00 4.000000000000000000e+00 0.000000000000000000e+00 1.079921316497445345e+09 1.079921316497445345e+09 1.256005061849030256e+09 1.256005061849030256e+09 5.752610099315643311e+02 0.000000000000000000e+00 0.000000000000000000e+00
1.570000000000000000e+02 1.000000000000000000e+00 4.000000000000000000e+00 0.000000000000000000e+00 1.049012627506454110e+09 1.049012627506454110e+09 1.242713470078431129e+09 1.242713470078431129e+09 4.579857411384582520e+02 0.000000000000000000e+00 0.000000000000000000e+00
1.580000000000000000e+02 1.000000000000000000e+00 4.000000000000000000e+00 0.000000000000000000e+00 1.052119667479492903e+09 1.052119667479492903e+09 1.225446312006292820e+09 1.225446312006292820e+09 2.944621920585632324e+02 0.000000000000000000e+00 0.000000000000000000e+00
1.590000000000000000e+02 1.000000000000000000e+00 4.000000000000000000e+00 0.000000000000000000e+00 1.037236163617291212e+09 1.037236163617291212e+09 1.239846085720390320e+09 1.239846085720390320e+09 3.744250369071960449e+02 0.000000000000000000e+00 0.000000000000000000e+00
1.600000000000000000e+02 1.000000000000000000e+00 4.000000000000000000e+00 0.000000000000000000e+00 1.053030656656416297e+09 1.053030656656416297e+09 1.244868904071662903e+09 1.244868904071662903e+09 3.915783729553222656e+02 0.000000000000000000e+00 0.000000000000000000e+00
1.610000000000000000e+02 1.000000000000000000e+00 4.000000000000000000e+00 0.000000000000000000e+00 1.057300565718160868e+09 1.057300565718160868e+09 1.243183501120134592e+09 1.243183501120134592e+09 3.946901228427886963e+02 0.000000000000000000e+00 0.000000000000000000e+00
1.620000000000000000e+02 1.000000000000000000e+00 4.000000000000000000e+00 0.000000000000000000e+00 1.047514122813673735e+09 1.047514122813673735e+09 1.220221888390081882e+09 1.220221888390081882e+09 2.670744358301162720e+04 0.000000000000000000e+00 0.000000000000000000e+00
1.630000000000000000e+02 1.000000000000000000e+00 4.000000000000000000e+00 0.000000000000000000e+00 1.067835728383356929e+09 1.067835728383356929e+09 1.226543716083766460e+09 1.226543716083766460e+09 2.906866350173950195e+02 0.000000000000000000e+00 0.000000000000000000e+00
1.640000000000000000e+02 1.000000000000000000e+00 4.000000000000000000e+00 0.000000000000000000e+00 1.052703976221812606e+09 1.052703976221812606e+09 1.249151501230607748e+09 1.249151501230607748e+09 2.976994698047637939e+02 0.000000000000000000e+00 0.000000000000000000e+00
1.650000000000000000e+02 1.000000000000000000e+00 4.000000000000000000e+00 0.000000000000000000e+00 1.023370288713656306e+09 1.023370288713656306e+09 1.214151858149564505e+09 1.214151858149564505e+09 3.719545807838439941e+02 0.000000000000000000e+00 0.000000000000000000e+00
1.660000000000000000e+02 1.000000000000000000e+00 4.000000000000000000e+00 0.000000000000000000e+00 1.075234451197381496e+09 1.075234451197381496e+09 1.250645099372376680e+09 1.250645099372376680e+09 4.301074140071868896e+02 0.000000000000000000e+00 0.000000000000000000e+00
1.670000000000000000e+02 1.000000000000000000e+00 4.000000000000000000e+00 0.000000000000000000e+00 1.081936169040463448e+09 1.081936169040463448e+09 1.231979936803718567e+09 1.231979936803718567e+09 2.524971199035644531e+02 0.000000000000000000e+00 0.000000000000000000e+00
1.680000000000000000e+02 1.000000000000000000e+00 4.000000000000000000e+00 0.000000000000000000e+00 1.075938561055922508e+09 1.075938561055922508e+09 1.249507810170368195e+09 1.249507810170368195e+09 4.108713691234588623e+02 0.000000000000000000e+00 0.000000000000000000e+00
1.690000000000000000e+02 1.000000000000000000e+00 4.000000000000000000e+00 0.000000000000000000e+00 1.048695348507143974e+09 1.048695348507143974e+09 1.235719281689546347e+09 1.235719281689546347e+09 4.329567170143127441e+02 0.000000000000000000e+00 0.000000000000000000e+00
1.700000000000000000e+02 1.000000000000000000e+00 4.000000000000000000e+00 0.000000000000000000e+00 1.043714060624198079e+09 1.043714060624198079e+09 1.222253477061795950e+09 1.222253477061795950e+09 5.407995069026947021e+02 0.000000000000000000e+00 0.000000000000000000e+00
1.710000000000000000e+02 1.000000000000000000e+00 4.000000000000000000e+00 0.000000000000000000e+00 1.020943539208473206e+09 1.020943539208473206e+09 1.209158852429049015e+09 1.209158852429049015e+09 2.883211750984191895e+02 0.000000000000000000e+00 0.000000000000000000e+00
1.720000000000000000e+02 1.000000000000000000e+00 4.000000000000000000e+00 0.000000000000000000e+00 1.035768777342667818e+09 1.035768777342667818e+09 1.229184517839667797e+09 1.229184517839667797e+09 3.464327030181884766e+02 0.000000000000000000e+00 0.000000000000000000e+00
1.730000000000000000e+02 1.000000000000000000e+00 4.000000000000000000e+00 0.000000000000000000e+00 1.062198723163402081e+09 1.062198723163402081e+09 1.247945110008859873e+09 1.247945110008859873e+09 2.636432440280914307e+02 0.000000000000000000e+00 0.000000000000000000e+00
1.740000000000000000e+02 1.000000000000000000e+00 4.000000000000000000e+00 0.000000000000000000e+00 1.036289031548296452e+09 1.036289031548296452e+09 1.230793452435851336e+09 1.230793452435851336e+09 2.987463731765747070e+02 0.000000000000000000e+00 0.000000000000000000e+00
1.750000000000000000e+02 1.000000000000000000e+00 4.000000000000000000e+00 0.000000000000000000e+00 1.051053794214645982e+09 1.051053794214645982e+09 1.230426252864891291e+09 1.230426252864891291e+09 3.343499689102172852e+02 0.000000000000000000e+00 0.000000000000000000e+00
1.760000000000000000e+02 1.000000000000000000e+00 4.000000000000000000e+00 0.000000000000000000e+00 1.078459705313286066e+09 1.078459705313286066e+09 1.228447967766692162e+09 1.228447967766692162e+09 2.189934761524200439e+02 0.000000000000000000e+00 0.000000000000000000e+00
1.770000000000000000e+02 1.000000000000000000e+00 4.000000000000000000e+00 0.000000000000000000e+00 1.057935046965232491e+09 1.057935046965232491e+09 1.237922993248666286e+09 1.237922993248666286e+09 2.904793608188629150e+02 0.000000000000000000e+00 0.000000000000000000e+00
1.780000000000000000e+02 1.000000000000000000e+00 4.000000000000000000e+00 0.000000000000000000e+00 1.030678291058341742e+09 1.030678291058341742e+09 1.236252013443858385e+09 1.236252013443858385e+09 3.107937870025634766e+02 0.000000000000000000e+00 0.000000000000000000e+00
1.790000000000000000e+02 1.000000000000000000e+00 4.000000000000000000e+00 0.000000000000000000e+00 1.111067602718479872e+09 1.111067602718479872e+09 1.250071014705291510e+09 1.250071014705291510e+09 4.662180039882659912e+02 0.000000000000000000e+00 0.000000000000000000e+00
1.800000000000000000e+02 1.000000000000000000e+00 4.000000000000000000e+00 0.000000000000000000e+00 1.017695314372116923e+09 1.017695314372116923e+09 1.229159190670808077e+09 1.229159190670808077e+09 4.034858789443969727e+02 0.000000000000000000e+00 0.000000000000000000e+00
1.810000000000000000e+02 1.000000000000000000e+00 4.000000000000000000e+00 0.000000000000000000e+00 1.018969240057340264e+09 1.018969240057340264e+09 1.237627433460525036e+09 1.237627433460525036e+09 3.636597430706024170e+02 0.000000000000000000e+00 0.000000000000000000e+00
1.820000000000000000e+02 1.000000000000000000e+00 4.000000000000000000e+00 0.000000000000000000e+00 9.955277843531700373e+08 9.955277843531700373e+08 1.227068980030395269e+09 1.227068980030395269e+09 3.447812659740447998e+02 0.000000000000000000e+00 0.000000000000000000e+00
1.830000000000000000e+02 1.000000000000000000e+00 4.000000000000000000e+00 0.000000000000000000e+00 1.034218613252633333e+09 1.034218613252633333e+09 1.212818696594398260e+09 1.212818696594398260e+09 3.496284999847412109e+02 0.000000000000000000e+00 0.000000000000000000e+00
1.840000000000000000e+02 1.000000000000000000e+00 4.000000000000000000e+00 0.000000000000000000e+00 1.003311988363675117e+09 1.003311988363675117e+09 1.226148587261456013e+09 1.226148587261456013e+09 3.571141941547393799e+02 0.000000000000000000e+00 0.000000000000000000e+00
1.850000000000000000e+02 1.000000000000000000e+00 4.000000000000000000e+00 0.000000000000000000e+00 1.059993757928980708e+09 1.059993757928980708e+09 1.230451297910722971e+09 1.230451297910722971e+09 3.154248878955841064e+02 0.000000000000000000e+00 0.000000000000000000e+00
1.860000000000000000e+02 1.000000000000000000e+00 4.000000000000000000e+00 0.000000000000000000e+00 1.061850592068758607e+09 1.061850592068758607e+09 1.243897320473251104e+09 1.243897320473251104e+09 3.426494359970092773e+02 0.000000000000000000e+00 0.000000000000000000e+00
1.870000000000000000e+02 1.000000000000000000e+00 4.000000000000000000e+00 0.000000000000000000e+00 1.067840060322042227e+09 1.067840060322042227e+09 1.234879684280235529e+09 1.234879684280235529e+09 4.091715459823608398e+02 0.000000000000000000e+00 0.000000000000000000e+00
1.880000000000000000e+02 1.000000000000000000e+00 4.000000000000000000e+00 0.000000000000000000e+00 1.074834368888684273e+09 1.074834368888684273e+09 1.249294062882339001e+09 1.249294062882339001e+09 2.507110478878021240e+02 0.000000000000000000e+00 0.000000000000000000e+00
1.890000000000000000e+02 1.000000000000000000e+00 4.000000000000000000e+00 0.000000000000000000e+00 1.016733786556109786e+09 1.016733786556109786e+09 1.212795964486176729e+09 1.212795964486176729e+09 3.551614899635314941e+02 0.000000000000000000e+00 0.000000000000000000e+00
1.900000000000000000e+02 1.000000000000000000e+00 4.000000000000000000e+00 0.000000000000000000e+00 1.055529367851964831e+09 1.055529367851964831e+09 1.247663118883853197e+09 1.247663118883853197e+09 3.263422021865844727e+02 0.000000000000000000e+00 0.000000000000000000e+00
1.910000000000000000e+02 1.000000000000000000e+00 4.000000000000000000e+00 0.000000000000000000e+00 1.088053818395466805e+09 1.088053818395466805e+09 1.235714134701883316e+09 1.235714134701883316e+09 3.031961898803710938e+02 0.000000000000000000e+00 0.000000000000000000e+00
1.920000000000000000e+02 1.000000000000000000e+00 4.000000000000000000e+00 0.000000000000000000e+00 1.062807883503477812e+09 1.062807883503477812e+09 1.237783974173588276e+09 1.237783974173588276e+09 2.699788401126861572e+02 0.000000000000000000e+00 0.000000000000000000e+00
1.930000000000000000e+02 1.000000000000000000e+00 4.000000000000000000e+00 0.000000000000000000e+00 1.046449541105828881e+09 1.046449541105828881e+09 1.223021205997250795e+09 1.223021205997250795e+09 3.321275029182434082e+02 0.000000000000000000e+00 0.000000000000000000e+00
1.940000000000000000e+02 1.000000000000000000e+00 4.000000000000000000e+00 0.000000000000000000e+00 1.037352265332795858e+09 1.037352265332795858e+09 1.254812526383246660e+09 1.254812526383246660e+09 2.736518499851226807e+02 0.000000000000000000e+00 0.000000000000000000e+00
1.950000000000000000e+02 1.000000000000000000e+00 4.000000000000000000e+00 0.000000000000000000e+00 1.004327534927884817e+09 1.004327534927884817e+09 1.222103582380194187e+09 1.222103582380194187e+09 9.870049062967300415e+03 0.000000000000000000e+00 0.000000000000000000e+00
1.960000000000000000e+02 1.000000000000000000e+00 4.000000000000000000e+00 0.000000000000000000e+00 1.045074886579298496e+09 1.045074886579298496e+09 1.230474887002122164e+09 1.230474887002122164e+09 2.858243608474731445e+02 0.000000000000000000e+00 0.000000000000000000e+00
1.970000000000000000e+02 1.000000000000000000e+00 4.000000000000000000e+00 0.000000000000000000e+00 1.033229372175161242e+09 1.033229372175161242e+09 1.211575754703834295e+09 1.211575754703834295e+09 2.972958240509033203e+02 0.000000000000000000e+00 0.000000000000000000e+00
1.980000000000000000e+02 1.000000000000000000e+00 4.000000000000000000e+00 0.000000000000000000e+00 1.051328362312425017e+09 1.051328362312425017e+09 1.227669591090391636e+09 1.227669591090391636e+09 2.628676941394805908e+02 0.000000000000000000e+00 0.000000000000000000e+00
1.990000000000000000e+02 1.000000000000000000e+00 4.000000000000000000e+00 0.000000000000000000e+00 9.871893387741923332e+08 9.871893387741923332e+08 1.225256773510140896e+09 1.225256773510140896e+09 2.412172439098358154e+02 0.000000000000000000e+00 0.000000000000000000e+00
