# # run number, ti calc, ti opt, aep init calc (kW), aep init opt (kW), aep run calc (kW), aep run opt (kW), run time (s), obj func calls, sens func calls
0.000000000000000000e+00 4.000000000000000000e+00 4.000000000000000000e+00 3.487915500393432975e+08 3.487915500393432975e+08 3.649004893772560954e+08 3.649004893772560954e+08 6.994333217620849609e+03 2.043200000000000000e+04 0.000000000000000000e+00
1.000000000000000000e+00 4.000000000000000000e+00 4.000000000000000000e+00 3.101786211500721574e+08 3.101786211500721574e+08 3.636598021710274816e+08 3.636598021710274816e+08 7.281794977903366089e+03 2.043200000000000000e+04 0.000000000000000000e+00
2.000000000000000000e+00 4.000000000000000000e+00 4.000000000000000000e+00 3.092539430250391960e+08 3.092539430250391960e+08 3.660290473137637377e+08 3.660290473137637377e+08 6.641663313865661621e+03 2.043200000000000000e+04 0.000000000000000000e+00
3.000000000000000000e+00 4.000000000000000000e+00 4.000000000000000000e+00 3.203570727540653348e+08 3.203570727540653348e+08 3.637042350533580184e+08 3.637042350533580184e+08 6.394851632356643677e+03 2.043200000000000000e+04 0.000000000000000000e+00
4.000000000000000000e+00 4.000000000000000000e+00 4.000000000000000000e+00 3.052393381234149933e+08 3.052393381234149933e+08 3.653876137102632523e+08 3.653876137102632523e+08 7.049801795959472656e+03 2.043200000000000000e+04 0.000000000000000000e+00
5.000000000000000000e+00 4.000000000000000000e+00 4.000000000000000000e+00 3.168413217171947956e+08 3.168413217171947956e+08 3.640112650323811769e+08 3.640112650323811769e+08 6.934935927152633667e+03 2.043200000000000000e+04 0.000000000000000000e+00
6.000000000000000000e+00 4.000000000000000000e+00 4.000000000000000000e+00 3.141057324454245567e+08 3.141057324454245567e+08 3.647112531436980963e+08 3.647112531436980963e+08 6.806135404348373413e+03 2.043200000000000000e+04 0.000000000000000000e+00
7.000000000000000000e+00 4.000000000000000000e+00 4.000000000000000000e+00 3.129982098805271983e+08 3.129982098805271983e+08 3.646054022624866366e+08 3.646054022624866366e+08 7.949579720735549927e+03 2.043200000000000000e+04 0.000000000000000000e+00
8.000000000000000000e+00 4.000000000000000000e+00 4.000000000000000000e+00 3.149400008129152060e+08 3.149400008129152060e+08 3.657695570087892413e+08 3.657695570087892413e+08 6.884617176771163940e+03 2.043200000000000000e+04 0.000000000000000000e+00
9.000000000000000000e+00 4.000000000000000000e+00 4.000000000000000000e+00 3.169830095040826201e+08 3.169830095040826201e+08 3.635918146585204601e+08 3.635918146585204601e+08 7.987480675935745239e+03 2.043200000000000000e+04 0.000000000000000000e+00
1.000000000000000000e+01 4.000000000000000000e+00 4.000000000000000000e+00 3.165831083888615370e+08 3.165831083888615370e+08 3.647297888787096739e+08 3.647297888787096739e+08 5.614328375101089478e+03 2.043200000000000000e+04 0.000000000000000000e+00
1.100000000000000000e+01 4.000000000000000000e+00 4.000000000000000000e+00 3.106815821714679599e+08 3.106815821714679599e+08 3.643527518309688568e+08 3.643527518309688568e+08 9.198128391504287720e+03 2.043200000000000000e+04 0.000000000000000000e+00
1.200000000000000000e+01 4.000000000000000000e+00 4.000000000000000000e+00 3.215843645326675177e+08 3.215843645326675177e+08 3.656623732060612440e+08 3.656623732060612440e+08 7.456109334945678711e+03 2.043200000000000000e+04 0.000000000000000000e+00
1.300000000000000000e+01 4.000000000000000000e+00 4.000000000000000000e+00 3.167161543744800091e+08 3.167161543744800091e+08 3.639668080366380811e+08 3.639668080366380811e+08 5.531035928249359131e+03 2.043200000000000000e+04 0.000000000000000000e+00
1.400000000000000000e+01 4.000000000000000000e+00 4.000000000000000000e+00 3.195240877357333302e+08 3.195240877357333302e+08 3.656031635972758532e+08 3.656031635972758532e+08 5.511605378627777100e+03 2.043200000000000000e+04 0.000000000000000000e+00
1.500000000000000000e+01 4.000000000000000000e+00 4.000000000000000000e+00 3.146286364703188539e+08 3.146286364703188539e+08 3.641113378364890814e+08 3.641113378364890814e+08 5.559145111322402954e+03 2.043200000000000000e+04 0.000000000000000000e+00
1.600000000000000000e+01 4.000000000000000000e+00 4.000000000000000000e+00 3.156808085451831222e+08 3.156808085451831222e+08 3.652022059381900430e+08 3.652022059381900430e+08 5.603166393041610718e+03 2.043200000000000000e+04 0.000000000000000000e+00
1.700000000000000000e+01 4.000000000000000000e+00 4.000000000000000000e+00 3.121814789429577589e+08 3.121814789429577589e+08 3.649904323694750667e+08 3.649904323694750667e+08 5.957958039045333862e+03 2.043200000000000000e+04 0.000000000000000000e+00
1.800000000000000000e+01 4.000000000000000000e+00 4.000000000000000000e+00 3.101111288694235086e+08 3.101111288694235086e+08 3.638459199024690390e+08 3.638459199024690390e+08 5.593247754096984863e+03 2.043200000000000000e+04 0.000000000000000000e+00
1.900000000000000000e+01 4.000000000000000000e+00 4.000000000000000000e+00 3.173275726991581917e+08 3.173275726991581917e+08 3.634813221757785678e+08 3.634813221757785678e+08 5.571028264045715332e+03 2.043200000000000000e+04 0.000000000000000000e+00
2.000000000000000000e+01 4.000000000000000000e+00 4.000000000000000000e+00 3.173783756795325875e+08 3.173783756795325875e+08 3.651702623201318979e+08 3.651702623201318979e+08 5.469109421968460083e+03 2.043200000000000000e+04 0.000000000000000000e+00
2.100000000000000000e+01 4.000000000000000000e+00 4.000000000000000000e+00 3.146871196408348680e+08 3.146871196408348680e+08 3.636420134800423384e+08 3.636420134800423384e+08 5.757721080064773560e+03 2.043200000000000000e+04 0.000000000000000000e+00
2.200000000000000000e+01 4.000000000000000000e+00 4.000000000000000000e+00 3.144733537646567225e+08 3.144733537646567225e+08 3.641790049876038432e+08 3.641790049876038432e+08 5.421334363460540771e+03 2.043200000000000000e+04 0.000000000000000000e+00
2.300000000000000000e+01 4.000000000000000000e+00 4.000000000000000000e+00 3.091375862331461906e+08 3.091375862331461906e+08 3.637248485307649374e+08 3.637248485307649374e+08 6.418440433025360107e+03 2.043200000000000000e+04 0.000000000000000000e+00
2.400000000000000000e+01 4.000000000000000000e+00 4.000000000000000000e+00 3.154360379331007004e+08 3.154360379331007004e+08 3.647140353315624595e+08 3.647140353315624595e+08 6.047397492408752441e+03 2.043200000000000000e+04 0.000000000000000000e+00
2.500000000000000000e+01 4.000000000000000000e+00 4.000000000000000000e+00 3.122727492251663804e+08 3.122727492251663804e+08 3.649560430878992677e+08 3.649560430878992677e+08 6.192402316808700562e+03 2.043200000000000000e+04 0.000000000000000000e+00
2.600000000000000000e+01 4.000000000000000000e+00 4.000000000000000000e+00 3.177375356899683475e+08 3.177375356899683475e+08 3.638433500176808834e+08 3.638433500176808834e+08 6.145352277994155884e+03 2.043200000000000000e+04 0.000000000000000000e+00
2.700000000000000000e+01 4.000000000000000000e+00 4.000000000000000000e+00 3.178258896058706045e+08 3.178258896058706045e+08 3.643437280303856730e+08 3.643437280303856730e+08 8.281913667917251587e+03 2.043200000000000000e+04 0.000000000000000000e+00
2.800000000000000000e+01 4.000000000000000000e+00 4.000000000000000000e+00 3.163314869019802809e+08 3.163314869019802809e+08 3.651969933340920210e+08 3.651969933340920210e+08 7.723429632425308228e+03 2.043200000000000000e+04 0.000000000000000000e+00
2.900000000000000000e+01 4.000000000000000000e+00 4.000000000000000000e+00 3.113811180799568892e+08 3.113811180799568892e+08 3.637789868573955894e+08 3.637789868573955894e+08 7.817308134078979492e+03 2.043200000000000000e+04 0.000000000000000000e+00
3.000000000000000000e+01 4.000000000000000000e+00 4.000000000000000000e+00 3.096654886663078070e+08 3.096654886663078070e+08 3.659982497025721073e+08 3.659982497025721073e+08 7.503031714677810669e+03 2.043200000000000000e+04 0.000000000000000000e+00
3.100000000000000000e+01 4.000000000000000000e+00 4.000000000000000000e+00 3.133653419275528789e+08 3.133653419275528789e+08 3.651460388265380263e+08 3.651460388265380263e+08 8.618722531080245972e+03 2.043200000000000000e+04 0.000000000000000000e+00
3.200000000000000000e+01 4.000000000000000000e+00 4.000000000000000000e+00 3.085508389677124619e+08 3.085508389677124619e+08 3.652834407178459764e+08 3.652834407178459764e+08 7.638943728208541870e+03 2.043200000000000000e+04 0.000000000000000000e+00
3.300000000000000000e+01 4.000000000000000000e+00 4.000000000000000000e+00 3.152700119837515950e+08 3.152700119837515950e+08 3.647927537656606436e+08 3.647927537656606436e+08 5.654644681215286255e+03 2.043200000000000000e+04 0.000000000000000000e+00
3.400000000000000000e+01 4.000000000000000000e+00 4.000000000000000000e+00 3.110612515554354191e+08 3.110612515554354191e+08 3.646551186956505179e+08 3.646551186956505179e+08 5.514817470550537109e+03 2.043200000000000000e+04 0.000000000000000000e+00
3.500000000000000000e+01 4.000000000000000000e+00 4.000000000000000000e+00 3.152625677574570775e+08 3.152625677574570775e+08 3.657898450029710531e+08 3.657898450029710531e+08 6.218005499839782715e+03 2.043200000000000000e+04 0.000000000000000000e+00
3.600000000000000000e+01 4.000000000000000000e+00 4.000000000000000000e+00 3.189100197602384090e+08 3.189100197602384090e+08 3.639980088172758222e+08 3.639980088172758222e+08 7.547112805843353271e+03 2.043200000000000000e+04 0.000000000000000000e+00
3.700000000000000000e+01 4.000000000000000000e+00 4.000000000000000000e+00 3.167303192026940584e+08 3.167303192026940584e+08 3.646796303481857777e+08 3.646796303481857777e+08 7.987235159873962402e+03 2.043200000000000000e+04 0.000000000000000000e+00
3.800000000000000000e+01 4.000000000000000000e+00 4.000000000000000000e+00 3.211962040102320910e+08 3.211962040102320910e+08 3.644390946808427572e+08 3.644390946808427572e+08 6.220314745187759399e+03 2.043200000000000000e+04 0.000000000000000000e+00
3.900000000000000000e+01 4.000000000000000000e+00 4.000000000000000000e+00 3.186110940332431197e+08 3.186110940332431197e+08 3.650571350934355259e+08 3.650571350934355259e+08 7.020971510171890259e+03 2.043200000000000000e+04 0.000000000000000000e+00
4.000000000000000000e+01 4.000000000000000000e+00 4.000000000000000000e+00 3.123366259540305138e+08 3.123366259540305138e+08 3.628508241088931561e+08 3.628508241088931561e+08 6.404116006374359131e+03 2.043200000000000000e+04 0.000000000000000000e+00
4.100000000000000000e+01 4.000000000000000000e+00 4.000000000000000000e+00 3.126154779631758928e+08 3.126154779631758928e+08 3.650231554085137844e+08 3.650231554085137844e+08 6.207137727975845337e+03 2.043200000000000000e+04 0.000000000000000000e+00
4.200000000000000000e+01 4.000000000000000000e+00 4.000000000000000000e+00 3.119880665280131698e+08 3.119880665280131698e+08 3.655859844791193008e+08 3.655859844791193008e+08 6.982377076625823975e+03 2.043200000000000000e+04 0.000000000000000000e+00
4.300000000000000000e+01 4.000000000000000000e+00 4.000000000000000000e+00 3.174307372570898533e+08 3.174307372570898533e+08 3.653518041636535525e+08 3.653518041636535525e+08 6.334856885433197021e+03 2.043200000000000000e+04 0.000000000000000000e+00
4.400000000000000000e+01 4.000000000000000000e+00 4.000000000000000000e+00 3.136965010619467497e+08 3.136965010619467497e+08 3.642278940147377253e+08 3.642278940147377253e+08 7.112890610694885254e+03 2.043200000000000000e+04 0.000000000000000000e+00
4.500000000000000000e+01 4.000000000000000000e+00 4.000000000000000000e+00 3.104671513987653852e+08 3.104671513987653852e+08 3.635364138709324002e+08 3.635364138709324002e+08 7.201227932453155518e+03 2.043200000000000000e+04 0.000000000000000000e+00
4.600000000000000000e+01 4.000000000000000000e+00 4.000000000000000000e+00 3.083841337249826789e+08 3.083841337249826789e+08 3.650464742264803052e+08 3.650464742264803052e+08 8.724878344535827637e+03 2.043200000000000000e+04 0.000000000000000000e+00
4.700000000000000000e+01 4.000000000000000000e+00 4.000000000000000000e+00 3.201126609800137877e+08 3.201126609800137877e+08 3.653708674270280004e+08 3.653708674270280004e+08 8.158241114854812622e+03 2.043200000000000000e+04 0.000000000000000000e+00
4.800000000000000000e+01 4.000000000000000000e+00 4.000000000000000000e+00 3.116017942109521627e+08 3.116017942109521627e+08 3.641708349677045345e+08 3.641708349677045345e+08 5.766988908052444458e+03 2.043200000000000000e+04 0.000000000000000000e+00
4.900000000000000000e+01 4.000000000000000000e+00 4.000000000000000000e+00 3.092858044439188242e+08 3.092858044439188242e+08 3.643306561598282456e+08 3.643306561598282456e+08 5.717842710971832275e+03 2.043200000000000000e+04 0.000000000000000000e+00
5.000000000000000000e+01 4.000000000000000000e+00 4.000000000000000000e+00 3.183866308649071455e+08 3.183866308649071455e+08 3.645361016836398840e+08 3.645361016836398840e+08 5.823044011116027832e+03 2.043200000000000000e+04 0.000000000000000000e+00
5.100000000000000000e+01 4.000000000000000000e+00 4.000000000000000000e+00 3.146512066701450348e+08 3.146512066701450348e+08 3.642269773320963383e+08 3.642269773320963383e+08 5.741002896785736084e+03 2.043200000000000000e+04 0.000000000000000000e+00
5.200000000000000000e+01 4.000000000000000000e+00 4.000000000000000000e+00 3.166638006131569743e+08 3.166638006131569743e+08 3.626730199837909341e+08 3.626730199837909341e+08 5.726393929243087769e+03 2.043200000000000000e+04 0.000000000000000000e+00
5.300000000000000000e+01 4.000000000000000000e+00 4.000000000000000000e+00 3.201485634531549811e+08 3.201485634531549811e+08 3.649907548450249434e+08 3.649907548450249434e+08 6.029160972595214844e+03 2.043200000000000000e+04 0.000000000000000000e+00
5.400000000000000000e+01 4.000000000000000000e+00 4.000000000000000000e+00 3.158297401676259637e+08 3.158297401676259637e+08 3.661593253107193112e+08 3.661593253107193112e+08 5.919025578260421753e+03 2.043200000000000000e+04 0.000000000000000000e+00
5.500000000000000000e+01 4.000000000000000000e+00 4.000000000000000000e+00 3.173107121635891199e+08 3.173107121635891199e+08 3.636669122877525687e+08 3.636669122877525687e+08 5.781799646615982056e+03 2.043200000000000000e+04 0.000000000000000000e+00
5.600000000000000000e+01 4.000000000000000000e+00 4.000000000000000000e+00 3.162000630360319614e+08 3.162000630360319614e+08 3.644589210917713046e+08 3.644589210917713046e+08 5.951653837919235229e+03 2.043200000000000000e+04 0.000000000000000000e+00
5.700000000000000000e+01 4.000000000000000000e+00 4.000000000000000000e+00 3.075133705602690578e+08 3.075133705602690578e+08 3.641605775290571451e+08 3.641605775290571451e+08 6.973217911243438721e+03 2.043200000000000000e+04 0.000000000000000000e+00
5.800000000000000000e+01 4.000000000000000000e+00 4.000000000000000000e+00 3.105779791783108115e+08 3.105779791783108115e+08 3.647620804633836746e+08 3.647620804633836746e+08 8.571465440511703491e+03 2.043200000000000000e+04 0.000000000000000000e+00
5.900000000000000000e+01 4.000000000000000000e+00 4.000000000000000000e+00 3.142521915980243683e+08 3.142521915980243683e+08 3.643448356547688246e+08 3.643448356547688246e+08 8.681420501470565796e+03 2.043200000000000000e+04 0.000000000000000000e+00
6.000000000000000000e+01 4.000000000000000000e+00 4.000000000000000000e+00 3.122411607348978519e+08 3.122411607348978519e+08 3.642773597312735319e+08 3.642773597312735319e+08 9.358443448543548584e+03 2.043200000000000000e+04 0.000000000000000000e+00
6.100000000000000000e+01 4.000000000000000000e+00 4.000000000000000000e+00 3.128312466202742457e+08 3.128312466202742457e+08 3.643112535960083008e+08 3.643112535960083008e+08 7.533498838186264038e+03 2.043200000000000000e+04 0.000000000000000000e+00
6.200000000000000000e+01 4.000000000000000000e+00 4.000000000000000000e+00 3.184171956234174967e+08 3.184171956234174967e+08 3.637267227168508768e+08 3.637267227168508768e+08 9.876710611104965210e+03 2.043200000000000000e+04 0.000000000000000000e+00
6.300000000000000000e+01 4.000000000000000000e+00 4.000000000000000000e+00 3.115336964692395329e+08 3.115336964692395329e+08 3.664922768176689148e+08 3.664922768176689148e+08 8.369361557006835938e+03 2.043200000000000000e+04 0.000000000000000000e+00
6.400000000000000000e+01 4.000000000000000000e+00 4.000000000000000000e+00 3.192722086504729390e+08 3.192722086504729390e+08 3.644859362285732627e+08 3.644859362285732627e+08 9.031504324197769165e+03 2.043200000000000000e+04 0.000000000000000000e+00
6.500000000000000000e+01 4.000000000000000000e+00 4.000000000000000000e+00 3.203411677091034055e+08 3.203411677091034055e+08 3.649772568109745979e+08 3.649772568109745979e+08 7.689413344383239746e+03 2.043200000000000000e+04 0.000000000000000000e+00
6.600000000000000000e+01 4.000000000000000000e+00 4.000000000000000000e+00 3.167646080828290582e+08 3.167646080828290582e+08 3.646769504836520553e+08 3.646769504836520553e+08 7.848254600286483765e+03 2.043200000000000000e+04 0.000000000000000000e+00
6.700000000000000000e+01 4.000000000000000000e+00 4.000000000000000000e+00 3.119555095388036966e+08 3.119555095388036966e+08 3.637787021762079597e+08 3.637787021762079597e+08 7.659563824653625488e+03 2.043200000000000000e+04 0.000000000000000000e+00
6.800000000000000000e+01 4.000000000000000000e+00 4.000000000000000000e+00 3.165735844750670195e+08 3.165735844750670195e+08 3.651665261263753772e+08 3.651665261263753772e+08 7.787503096342086792e+03 2.043200000000000000e+04 0.000000000000000000e+00
6.900000000000000000e+01 4.000000000000000000e+00 4.000000000000000000e+00 3.147943030979543328e+08 3.147943030979543328e+08 3.650950249949784279e+08 3.650950249949784279e+08 7.671289639711380005e+03 2.043200000000000000e+04 0.000000000000000000e+00
7.000000000000000000e+01 4.000000000000000000e+00 4.000000000000000000e+00 3.179809833256726861e+08 3.179809833256726861e+08 3.650397049274705648e+08 3.650397049274705648e+08 7.784400959014892578e+03 2.043200000000000000e+04 0.000000000000000000e+00
7.100000000000000000e+01 4.000000000000000000e+00 4.000000000000000000e+00 3.112091662700492144e+08 3.112091662700492144e+08 3.647396929518355727e+08 3.647396929518355727e+08 7.666100816488265991e+03 2.043200000000000000e+04 0.000000000000000000e+00
7.200000000000000000e+01 4.000000000000000000e+00 4.000000000000000000e+00 3.167249404639402032e+08 3.167249404639402032e+08 3.653112484914029241e+08 3.653112484914029241e+08 7.825343520402908325e+03 2.043200000000000000e+04 0.000000000000000000e+00
7.300000000000000000e+01 4.000000000000000000e+00 4.000000000000000000e+00 3.209264435920263529e+08 3.209264435920263529e+08 3.637055767455563545e+08 3.637055767455563545e+08 7.652099359750747681e+03 2.043200000000000000e+04 0.000000000000000000e+00
7.400000000000000000e+01 4.000000000000000000e+00 4.000000000000000000e+00 3.146021735224187970e+08 3.146021735224187970e+08 3.648221074590795636e+08 3.648221074590795636e+08 7.656171790361404419e+03 2.043200000000000000e+04 0.000000000000000000e+00
7.500000000000000000e+01 4.000000000000000000e+00 4.000000000000000000e+00 3.079406515621367097e+08 3.079406515621367097e+08 3.654384969345093369e+08 3.654384969345093369e+08 7.714302687644958496e+03 2.043200000000000000e+04 0.000000000000000000e+00
7.600000000000000000e+01 4.000000000000000000e+00 4.000000000000000000e+00 3.156882038635308146e+08 3.156882038635308146e+08 3.648562087498735189e+08 3.648562087498735189e+08 7.677797229766845703e+03 2.043200000000000000e+04 0.000000000000000000e+00
7.700000000000000000e+01 4.000000000000000000e+00 4.000000000000000000e+00 3.098968497272486091e+08 3.098968497272486091e+08 3.640052499161243439e+08 3.640052499161243439e+08 7.482229655504226685e+03 2.043200000000000000e+04 0.000000000000000000e+00
7.800000000000000000e+01 4.000000000000000000e+00 4.000000000000000000e+00 3.026439947516708970e+08 3.026439947516708970e+08 3.650599511102173328e+08 3.650599511102173328e+08 7.554466966152191162e+03 2.043200000000000000e+04 0.000000000000000000e+00
7.900000000000000000e+01 4.000000000000000000e+00 4.000000000000000000e+00 3.157320923563537002e+08 3.157320923563537002e+08 3.636801039014947414e+08 3.636801039014947414e+08 7.706151366233825684e+03 2.043200000000000000e+04 0.000000000000000000e+00
8.000000000000000000e+01 4.000000000000000000e+00 4.000000000000000000e+00 3.177530180815065503e+08 3.177530180815065503e+08 3.648524259167943001e+08 3.648524259167943001e+08 7.752048469305038452e+03 2.043200000000000000e+04 0.000000000000000000e+00
8.100000000000000000e+01 4.000000000000000000e+00 4.000000000000000000e+00 3.076232906617631316e+08 3.076232906617631316e+08 3.638780930865122080e+08 3.638780930865122080e+08 7.861276171207427979e+03 2.043200000000000000e+04 0.000000000000000000e+00
8.200000000000000000e+01 4.000000000000000000e+00 4.000000000000000000e+00 3.022793843716560006e+08 3.022793843716560006e+08 3.638297679911944866e+08 3.638297679911944866e+08 7.613127818346023560e+03 2.043200000000000000e+04 0.000000000000000000e+00
8.300000000000000000e+01 4.000000000000000000e+00 4.000000000000000000e+00 3.177594710808055401e+08 3.177594710808055401e+08 3.650635973578965068e+08 3.650635973578965068e+08 7.696584541082382202e+03 2.043200000000000000e+04 0.000000000000000000e+00
8.400000000000000000e+01 4.000000000000000000e+00 4.000000000000000000e+00 3.091811275912737846e+08 3.091811275912737846e+08 3.651703982731643319e+08 3.651703982731643319e+08 8.026467030525207520e+03 2.043200000000000000e+04 0.000000000000000000e+00
8.500000000000000000e+01 4.000000000000000000e+00 4.000000000000000000e+00 3.186008010196071863e+08 3.186008010196071863e+08 3.662176534396681190e+08 3.662176534396681190e+08 7.740504627466201782e+03 2.043200000000000000e+04 0.000000000000000000e+00
8.600000000000000000e+01 4.000000000000000000e+00 4.000000000000000000e+00 3.162365401581435800e+08 3.162365401581435800e+08 3.641834586736352444e+08 3.641834586736352444e+08 7.759474879980087280e+03 2.043200000000000000e+04 0.000000000000000000e+00
8.700000000000000000e+01 4.000000000000000000e+00 4.000000000000000000e+00 3.234856774070775509e+08 3.234856774070775509e+08 3.650232636166853905e+08 3.650232636166853905e+08 7.820875258445739746e+03 2.043200000000000000e+04 0.000000000000000000e+00
8.800000000000000000e+01 4.000000000000000000e+00 4.000000000000000000e+00 3.114747755861554742e+08 3.114747755861554742e+08 3.653348100304172635e+08 3.653348100304172635e+08 7.873273083925247192e+03 2.043200000000000000e+04 0.000000000000000000e+00
8.900000000000000000e+01 4.000000000000000000e+00 4.000000000000000000e+00 3.095445932302725315e+08 3.095445932302725315e+08 3.657963009443846345e+08 3.657963009443846345e+08 7.690049061298370361e+03 2.043200000000000000e+04 0.000000000000000000e+00
9.000000000000000000e+01 4.000000000000000000e+00 4.000000000000000000e+00 3.123146096182611585e+08 3.123146096182611585e+08 3.640869077833031416e+08 3.640869077833031416e+08 7.672373103380203247e+03 2.043200000000000000e+04 0.000000000000000000e+00
9.100000000000000000e+01 4.000000000000000000e+00 4.000000000000000000e+00 3.182337413638871908e+08 3.182337413638871908e+08 3.645722454065186381e+08 3.645722454065186381e+08 7.662609621763229370e+03 2.043200000000000000e+04 0.000000000000000000e+00
9.200000000000000000e+01 4.000000000000000000e+00 4.000000000000000000e+00 3.132022645977324843e+08 3.132022645977324843e+08 3.651282308083126545e+08 3.651282308083126545e+08 7.624130162715911865e+03 2.043200000000000000e+04 0.000000000000000000e+00
9.300000000000000000e+01 4.000000000000000000e+00 4.000000000000000000e+00 3.108506613173902035e+08 3.108506613173902035e+08 3.646506668990103006e+08 3.646506668990103006e+08 7.686208310127258301e+03 2.043200000000000000e+04 0.000000000000000000e+00
9.400000000000000000e+01 4.000000000000000000e+00 4.000000000000000000e+00 3.150345723002020717e+08 3.150345723002020717e+08 3.638700372296957374e+08 3.638700372296957374e+08 7.828914017915725708e+03 2.043200000000000000e+04 0.000000000000000000e+00
9.500000000000000000e+01 4.000000000000000000e+00 4.000000000000000000e+00 3.100782266951066256e+08 3.100782266951066256e+08 3.641020210489115715e+08 3.641020210489115715e+08 7.754846920251846313e+03 2.043200000000000000e+04 0.000000000000000000e+00
9.600000000000000000e+01 4.000000000000000000e+00 4.000000000000000000e+00 3.071946109751352668e+08 3.071946109751352668e+08 3.656847284573818445e+08 3.656847284573818445e+08 7.717772319078445435e+03 2.043200000000000000e+04 0.000000000000000000e+00
9.700000000000000000e+01 4.000000000000000000e+00 4.000000000000000000e+00 3.033370051982210279e+08 3.033370051982210279e+08 3.643269283966523409e+08 3.643269283966523409e+08 7.633618317365646362e+03 2.043200000000000000e+04 0.000000000000000000e+00
9.800000000000000000e+01 4.000000000000000000e+00 4.000000000000000000e+00 3.188315685795956254e+08 3.188315685795956254e+08 3.658959410587590337e+08 3.658959410587590337e+08 7.736452471733093262e+03 2.043200000000000000e+04 0.000000000000000000e+00
9.900000000000000000e+01 4.000000000000000000e+00 4.000000000000000000e+00 3.197164452317230701e+08 3.197164452317230701e+08 3.650942909799820781e+08 3.650942909799820781e+08 7.815672106266021729e+03 2.043200000000000000e+04 0.000000000000000000e+00
1.000000000000000000e+02 4.000000000000000000e+00 4.000000000000000000e+00 3.049076458928186297e+08 3.049076458928186297e+08 3.653948201789213419e+08 3.653948201789213419e+08 7.606904225349426270e+03 2.043200000000000000e+04 0.000000000000000000e+00
1.010000000000000000e+02 4.000000000000000000e+00 4.000000000000000000e+00 3.117630573549885750e+08 3.117630573549885750e+08 3.646561162682020068e+08 3.646561162682020068e+08 7.966186242580413818e+03 2.043200000000000000e+04 0.000000000000000000e+00
1.020000000000000000e+02 4.000000000000000000e+00 4.000000000000000000e+00 3.206994085403031707e+08 3.206994085403031707e+08 3.652248096422221661e+08 3.652248096422221661e+08 7.761813854217529297e+03 2.043200000000000000e+04 0.000000000000000000e+00
1.030000000000000000e+02 4.000000000000000000e+00 4.000000000000000000e+00 3.220558643251119256e+08 3.220558643251119256e+08 3.647145864283863306e+08 3.647145864283863306e+08 7.693566127777099609e+03 2.043200000000000000e+04 0.000000000000000000e+00
1.040000000000000000e+02 4.000000000000000000e+00 4.000000000000000000e+00 3.174757111131312847e+08 3.174757111131312847e+08 3.645442628782141209e+08 3.645442628782141209e+08 7.803545471906661987e+03 2.043200000000000000e+04 0.000000000000000000e+00
1.050000000000000000e+02 4.000000000000000000e+00 4.000000000000000000e+00 3.134888478644679785e+08 3.134888478644679785e+08 3.650764739814293385e+08 3.650764739814293385e+08 7.613867701530456543e+03 2.043200000000000000e+04 0.000000000000000000e+00
1.060000000000000000e+02 4.000000000000000000e+00 4.000000000000000000e+00 3.110165152475609779e+08 3.110165152475609779e+08 3.640053087425224781e+08 3.640053087425224781e+08 7.546546250343322754e+03 2.043200000000000000e+04 0.000000000000000000e+00
1.070000000000000000e+02 4.000000000000000000e+00 4.000000000000000000e+00 3.141788516307621598e+08 3.141788516307621598e+08 3.653609698523961902e+08 3.653609698523961902e+08 7.710172864675521851e+03 2.043200000000000000e+04 0.000000000000000000e+00
1.080000000000000000e+02 4.000000000000000000e+00 4.000000000000000000e+00 3.169172018064990640e+08 3.169172018064990640e+08 3.639503949373589754e+08 3.639503949373589754e+08 7.621612872123718262e+03 2.043200000000000000e+04 0.000000000000000000e+00
1.090000000000000000e+02 4.000000000000000000e+00 4.000000000000000000e+00 3.182381370630302429e+08 3.182381370630302429e+08 3.655153898748290539e+08 3.655153898748290539e+08 7.563096526622772217e+03 2.043200000000000000e+04 0.000000000000000000e+00
1.100000000000000000e+02 4.000000000000000000e+00 4.000000000000000000e+00 3.053098982400127053e+08 3.053098982400127053e+08 3.644921553652769923e+08 3.644921553652769923e+08 7.666400068283081055e+03 2.043200000000000000e+04 0.000000000000000000e+00
1.110000000000000000e+02 4.000000000000000000e+00 4.000000000000000000e+00 3.153641915789868236e+08 3.153641915789868236e+08 3.637577106719512343e+08 3.637577106719512343e+08 7.608705195426940918e+03 2.043200000000000000e+04 0.000000000000000000e+00
1.120000000000000000e+02 4.000000000000000000e+00 4.000000000000000000e+00 3.187049794601206183e+08 3.187049794601206183e+08 3.645854468015736341e+08 3.645854468015736341e+08 7.713891472339630127e+03 2.043200000000000000e+04 0.000000000000000000e+00
1.130000000000000000e+02 4.000000000000000000e+00 4.000000000000000000e+00 3.016043450257216692e+08 3.016043450257216692e+08 3.665186146288137436e+08 3.665186146288137436e+08 7.673459927320480347e+03 2.043200000000000000e+04 0.000000000000000000e+00
1.140000000000000000e+02 4.000000000000000000e+00 4.000000000000000000e+00 3.167012876775150299e+08 3.167012876775150299e+08 3.649181656281076074e+08 3.649181656281076074e+08 7.740601780176162720e+03 2.043200000000000000e+04 0.000000000000000000e+00
1.150000000000000000e+02 4.000000000000000000e+00 4.000000000000000000e+00 3.208170720501403809e+08 3.208170720501403809e+08 3.648761422369835377e+08 3.648761422369835377e+08 7.684390652656555176e+03 2.043200000000000000e+04 0.000000000000000000e+00
1.160000000000000000e+02 4.000000000000000000e+00 4.000000000000000000e+00 3.140522619451512694e+08 3.140522619451512694e+08 3.642255256992677450e+08 3.642255256992677450e+08 7.769721950292587280e+03 2.043200000000000000e+04 0.000000000000000000e+00
1.170000000000000000e+02 4.000000000000000000e+00 4.000000000000000000e+00 3.207029109258197546e+08 3.207029109258197546e+08 3.655931236869005561e+08 3.655931236869005561e+08 7.653421429872512817e+03 2.043200000000000000e+04 0.000000000000000000e+00
1.180000000000000000e+02 4.000000000000000000e+00 4.000000000000000000e+00 3.152904926453047991e+08 3.152904926453047991e+08 3.651783069766842127e+08 3.651783069766842127e+08 7.739754673242568970e+03 2.043200000000000000e+04 0.000000000000000000e+00
1.190000000000000000e+02 4.000000000000000000e+00 4.000000000000000000e+00 3.199342340508784056e+08 3.199342340508784056e+08 3.651576452169681787e+08 3.651576452169681787e+08 7.772534338951110840e+03 2.043200000000000000e+04 0.000000000000000000e+00
1.200000000000000000e+02 4.000000000000000000e+00 4.000000000000000000e+00 3.201979394223266244e+08 3.201979394223266244e+08 3.647756736760459542e+08 3.647756736760459542e+08 7.703534304618835449e+03 2.043200000000000000e+04 0.000000000000000000e+00
1.210000000000000000e+02 4.000000000000000000e+00 4.000000000000000000e+00 3.160813028237782121e+08 3.160813028237782121e+08 3.643656600792531967e+08 3.643656600792531967e+08 7.661878305196762085e+03 2.043200000000000000e+04 0.000000000000000000e+00
1.220000000000000000e+02 4.000000000000000000e+00 4.000000000000000000e+00 3.169345748426129818e+08 3.169345748426129818e+08 3.657436550292092562e+08 3.657436550292092562e+08 7.670947428226470947e+03 2.043200000000000000e+04 0.000000000000000000e+00
1.230000000000000000e+02 4.000000000000000000e+00 4.000000000000000000e+00 3.189281825031459332e+08 3.189281825031459332e+08 3.645631236390343904e+08 3.645631236390343904e+08 7.659326741218566895e+03 2.043200000000000000e+04 0.000000000000000000e+00
1.240000000000000000e+02 4.000000000000000000e+00 4.000000000000000000e+00 3.122563551939585805e+08 3.122563551939585805e+08 3.658412781715610623e+08 3.658412781715610623e+08 7.671103427648544312e+03 2.043200000000000000e+04 0.000000000000000000e+00
1.250000000000000000e+02 4.000000000000000000e+00 4.000000000000000000e+00 3.152790723562753201e+08 3.152790723562753201e+08 3.653596639210647345e+08 3.653596639210647345e+08 7.709596722602844238e+03 2.043200000000000000e+04 0.000000000000000000e+00
1.260000000000000000e+02 4.000000000000000000e+00 4.000000000000000000e+00 3.231837943341990113e+08 3.231837943341990113e+08 3.648302719807347655e+08 3.648302719807347655e+08 7.590481112480163574e+03 2.043200000000000000e+04 0.000000000000000000e+00
1.270000000000000000e+02 4.000000000000000000e+00 4.000000000000000000e+00 3.221932429402824640e+08 3.221932429402824640e+08 3.647912979082560539e+08 3.647912979082560539e+08 7.666548286437988281e+03 2.043200000000000000e+04 0.000000000000000000e+00
1.280000000000000000e+02 4.000000000000000000e+00 4.000000000000000000e+00 3.138514133781986237e+08 3.138514133781986237e+08 3.647308013233730793e+08 3.647308013233730793e+08 7.749574122905731201e+03 2.043200000000000000e+04 0.000000000000000000e+00
1.290000000000000000e+02 4.000000000000000000e+00 4.000000000000000000e+00 3.099800605027360916e+08 3.099800605027360916e+08 3.648687090147848129e+08 3.648687090147848129e+08 7.794758576393127441e+03 2.043200000000000000e+04 0.000000000000000000e+00
1.300000000000000000e+02 4.000000000000000000e+00 4.000000000000000000e+00 3.097356281297315359e+08 3.097356281297315359e+08 3.651992667770308852e+08 3.651992667770308852e+08 7.781073395729064941e+03 2.043200000000000000e+04 0.000000000000000000e+00
1.310000000000000000e+02 4.000000000000000000e+00 4.000000000000000000e+00 3.162058253864477277e+08 3.162058253864477277e+08 3.655457281844128966e+08 3.655457281844128966e+08 7.990091673135757446e+03 2.043200000000000000e+04 0.000000000000000000e+00
1.320000000000000000e+02 4.000000000000000000e+00 4.000000000000000000e+00 3.098209564402788877e+08 3.098209564402788877e+08 3.630474122106381655e+08 3.630474122106381655e+08 7.879927593231201172e+03 2.043200000000000000e+04 0.000000000000000000e+00
1.330000000000000000e+02 4.000000000000000000e+00 4.000000000000000000e+00 3.132434882451645136e+08 3.132434882451645136e+08 3.643866888869043589e+08 3.643866888869043589e+08 7.626744990587234497e+03 2.043200000000000000e+04 0.000000000000000000e+00
1.340000000000000000e+02 4.000000000000000000e+00 4.000000000000000000e+00 3.212815909984102845e+08 3.212815909984102845e+08 3.649720871546750665e+08 3.649720871546750665e+08 7.888321467876434326e+03 2.043200000000000000e+04 0.000000000000000000e+00
1.350000000000000000e+02 4.000000000000000000e+00 4.000000000000000000e+00 3.166675799112203121e+08 3.166675799112203121e+08 3.637519662912601233e+08 3.637519662912601233e+08 7.760509986639022827e+03 2.043200000000000000e+04 0.000000000000000000e+00
1.360000000000000000e+02 4.000000000000000000e+00 4.000000000000000000e+00 3.184852141248188019e+08 3.184852141248188019e+08 3.652196464271588922e+08 3.652196464271588922e+08 7.686319308996200562e+03 2.043200000000000000e+04 0.000000000000000000e+00
1.370000000000000000e+02 4.000000000000000000e+00 4.000000000000000000e+00 3.017060967720510960e+08 3.017060967720510960e+08 3.648748534346262813e+08 3.648748534346262813e+08 7.695788015604019165e+03 2.043200000000000000e+04 0.000000000000000000e+00
1.380000000000000000e+02 4.000000000000000000e+00 4.000000000000000000e+00 3.078382649826506376e+08 3.078382649826506376e+08 3.655674067940620780e+08 3.655674067940620780e+08 7.805006759881973267e+03 2.043200000000000000e+04 0.000000000000000000e+00
1.390000000000000000e+02 4.000000000000000000e+00 4.000000000000000000e+00 3.173860154631752968e+08 3.173860154631752968e+08 3.632280074784142971e+08 3.632280074784142971e+08 7.744239262819290161e+03 2.043200000000000000e+04 0.000000000000000000e+00
1.400000000000000000e+02 4.000000000000000000e+00 4.000000000000000000e+00 3.211374871152583361e+08 3.211374871152583361e+08 3.659606936036588550e+08 3.659606936036588550e+08 7.693759721994400024e+03 2.043200000000000000e+04 0.000000000000000000e+00
1.410000000000000000e+02 4.000000000000000000e+00 4.000000000000000000e+00 3.049195658745483160e+08 3.049195658745483160e+08 3.641028904137604833e+08 3.641028904137604833e+08 7.862525517463684082e+03 2.043200000000000000e+04 0.000000000000000000e+00
1.420000000000000000e+02 4.000000000000000000e+00 4.000000000000000000e+00 3.190672614434636831e+08 3.190672614434636831e+08 3.633865564401999116e+08 3.633865564401999116e+08 7.743566797494888306e+03 2.043200000000000000e+04 0.000000000000000000e+00
1.430000000000000000e+02 4.000000000000000000e+00 4.000000000000000000e+00 3.123743249217153788e+08 3.123743249217153788e+08 3.649988436946349740e+08 3.649988436946349740e+08 7.636658216714859009e+03 2.043200000000000000e+04 0.000000000000000000e+00
1.440000000000000000e+02 4.000000000000000000e+00 4.000000000000000000e+00 3.111085742757264376e+08 3.111085742757264376e+08 3.644375074068849087e+08 3.644375074068849087e+08 7.682663975954055786e+03 2.043200000000000000e+04 0.000000000000000000e+00
1.450000000000000000e+02 4.000000000000000000e+00 4.000000000000000000e+00 3.088016158539147973e+08 3.088016158539147973e+08 3.648713961742448211e+08 3.648713961742448211e+08 7.795239759922027588e+03 2.043200000000000000e+04 0.000000000000000000e+00
1.460000000000000000e+02 4.000000000000000000e+00 4.000000000000000000e+00 3.107653935985199213e+08 3.107653935985199213e+08 3.626666084772728086e+08 3.626666084772728086e+08 7.799507751464843750e+03 2.043200000000000000e+04 0.000000000000000000e+00
1.470000000000000000e+02 4.000000000000000000e+00 4.000000000000000000e+00 3.126939689763560295e+08 3.126939689763560295e+08 3.642247663707281947e+08 3.642247663707281947e+08 7.717295310497283936e+03 2.043200000000000000e+04 0.000000000000000000e+00
1.480000000000000000e+02 4.000000000000000000e+00 4.000000000000000000e+00 3.121555678242877722e+08 3.121555678242877722e+08 3.647189523104664087e+08 3.647189523104664087e+08 7.761394776105880737e+03 2.043200000000000000e+04 0.000000000000000000e+00
1.490000000000000000e+02 4.000000000000000000e+00 4.000000000000000000e+00 3.012448045816482902e+08 3.012448045816482902e+08 3.646588310332897305e+08 3.646588310332897305e+08 7.618465434551239014e+03 2.043200000000000000e+04 0.000000000000000000e+00
1.500000000000000000e+02 4.000000000000000000e+00 4.000000000000000000e+00 3.141814397816489339e+08 3.141814397816489339e+08 3.644958153779177070e+08 3.644958153779177070e+08 7.682907363414764404e+03 2.043200000000000000e+04 0.000000000000000000e+00
1.510000000000000000e+02 4.000000000000000000e+00 4.000000000000000000e+00 3.211964181438508630e+08 3.211964181438508630e+08 3.653813034386640787e+08 3.653813034386640787e+08 7.740224924325942993e+03 2.043200000000000000e+04 0.000000000000000000e+00
1.520000000000000000e+02 4.000000000000000000e+00 4.000000000000000000e+00 3.143950654898254275e+08 3.143950654898254275e+08 3.644948467807586193e+08 3.644948467807586193e+08 7.775659868001937866e+03 2.043200000000000000e+04 0.000000000000000000e+00
1.530000000000000000e+02 4.000000000000000000e+00 4.000000000000000000e+00 3.168314848337087631e+08 3.168314848337087631e+08 3.649955949485858679e+08 3.649955949485858679e+08 7.551679713010787964e+03 2.043200000000000000e+04 0.000000000000000000e+00
1.540000000000000000e+02 4.000000000000000000e+00 4.000000000000000000e+00 3.113722678922293186e+08 3.113722678922293186e+08 3.649025657794076204e+08 3.649025657794076204e+08 7.672839645862579346e+03 2.043200000000000000e+04 0.000000000000000000e+00
1.550000000000000000e+02 4.000000000000000000e+00 4.000000000000000000e+00 3.136237273072823882e+08 3.136237273072823882e+08 3.644389475297101140e+08 3.644389475297101140e+08 7.704788807630538940e+03 2.043200000000000000e+04 0.000000000000000000e+00
1.560000000000000000e+02 4.000000000000000000e+00 4.000000000000000000e+00 3.127980052714130282e+08 3.127980052714130282e+08 3.640510161707687974e+08 3.640510161707687974e+08 7.712271872520446777e+03 2.043200000000000000e+04 0.000000000000000000e+00
1.570000000000000000e+02 4.000000000000000000e+00 4.000000000000000000e+00 3.208825938530963659e+08 3.208825938530963659e+08 3.646664282370995283e+08 3.646664282370995283e+08 7.693646672010421753e+03 2.043200000000000000e+04 0.000000000000000000e+00
1.580000000000000000e+02 4.000000000000000000e+00 4.000000000000000000e+00 3.102278586118796468e+08 3.102278586118796468e+08 3.649200432815769315e+08 3.649200432815769315e+08 7.543976257324218750e+03 2.043200000000000000e+04 0.000000000000000000e+00
1.590000000000000000e+02 4.000000000000000000e+00 4.000000000000000000e+00 3.172354745054649711e+08 3.172354745054649711e+08 3.644964277104791999e+08 3.644964277104791999e+08 7.737681652545928955e+03 2.043200000000000000e+04 0.000000000000000000e+00
1.600000000000000000e+02 4.000000000000000000e+00 4.000000000000000000e+00 3.195479948527706265e+08 3.195479948527706265e+08 3.637152982967302203e+08 3.637152982967302203e+08 7.630545669794082642e+03 2.043200000000000000e+04 0.000000000000000000e+00
1.610000000000000000e+02 4.000000000000000000e+00 4.000000000000000000e+00 3.212085231409868598e+08 3.212085231409868598e+08 3.643584709867249727e+08 3.643584709867249727e+08 7.761616843938827515e+03 2.043200000000000000e+04 0.000000000000000000e+00
1.620000000000000000e+02 4.000000000000000000e+00 4.000000000000000000e+00 3.195316805779281259e+08 3.195316805779281259e+08 3.652093292762248516e+08 3.652093292762248516e+08 7.726749061822891235e+03 2.043200000000000000e+04 0.000000000000000000e+00
1.630000000000000000e+02 4.000000000000000000e+00 4.000000000000000000e+00 3.131231278160481453e+08 3.131231278160481453e+08 3.648665661101068854e+08 3.648665661101068854e+08 7.699628013372421265e+03 2.043200000000000000e+04 0.000000000000000000e+00
1.640000000000000000e+02 4.000000000000000000e+00 4.000000000000000000e+00 3.128300389050977230e+08 3.128300389050977230e+08 3.647810263738013506e+08 3.647810263738013506e+08 7.634893022060394287e+03 2.043200000000000000e+04 0.000000000000000000e+00
1.650000000000000000e+02 4.000000000000000000e+00 4.000000000000000000e+00 3.184488982789957523e+08 3.184488982789957523e+08 3.653962764823460579e+08 3.653962764823460579e+08 7.824044933080673218e+03 2.043200000000000000e+04 0.000000000000000000e+00
1.660000000000000000e+02 4.000000000000000000e+00 4.000000000000000000e+00 3.168547416288966537e+08 3.168547416288966537e+08 3.643042191233503222e+08 3.643042191233503222e+08 7.777437338113784790e+03 2.043200000000000000e+04 0.000000000000000000e+00
1.670000000000000000e+02 4.000000000000000000e+00 4.000000000000000000e+00 3.088670156272828579e+08 3.088670156272828579e+08 3.648845073461051583e+08 3.648845073461051583e+08 7.654176376819610596e+03 2.043200000000000000e+04 0.000000000000000000e+00
1.680000000000000000e+02 4.000000000000000000e+00 4.000000000000000000e+00 3.105755840996559858e+08 3.105755840996559858e+08 3.655333007123079300e+08 3.655333007123079300e+08 7.707084262371063232e+03 2.043200000000000000e+04 0.000000000000000000e+00
1.690000000000000000e+02 4.000000000000000000e+00 4.000000000000000000e+00 3.126698098462025523e+08 3.126698098462025523e+08 3.645923585762499571e+08 3.645923585762499571e+08 7.765652913808822632e+03 2.043200000000000000e+04 0.000000000000000000e+00
1.700000000000000000e+02 4.000000000000000000e+00 4.000000000000000000e+00 3.164873372370264530e+08 3.164873372370264530e+08 3.649024167928593755e+08 3.649024167928593755e+08 7.701633701086044312e+03 2.043200000000000000e+04 0.000000000000000000e+00
1.710000000000000000e+02 4.000000000000000000e+00 4.000000000000000000e+00 3.150515909085894823e+08 3.150515909085894823e+08 3.649493834499195218e+08 3.649493834499195218e+08 7.646868777275085449e+03 2.043200000000000000e+04 0.000000000000000000e+00
1.720000000000000000e+02 4.000000000000000000e+00 4.000000000000000000e+00 3.123526569306471944e+08 3.123526569306471944e+08 3.654130582629457116e+08 3.654130582629457116e+08 7.500499587059020996e+03 2.043200000000000000e+04 0.000000000000000000e+00
1.730000000000000000e+02 4.000000000000000000e+00 4.000000000000000000e+00 3.231256238974078894e+08 3.231256238974078894e+08 3.646217827235115767e+08 3.646217827235115767e+08 7.823441328525543213e+03 2.043200000000000000e+04 0.000000000000000000e+00
1.740000000000000000e+02 4.000000000000000000e+00 4.000000000000000000e+00 3.163775498277239799e+08 3.163775498277239799e+08 3.631725612982239127e+08 3.631725612982239127e+08 7.593182879447937012e+03 2.043200000000000000e+04 0.000000000000000000e+00
1.750000000000000000e+02 4.000000000000000000e+00 4.000000000000000000e+00 3.218550079786629081e+08 3.218550079786629081e+08 3.642777031493844986e+08 3.642777031493844986e+08 7.657388681411743164e+03 2.043200000000000000e+04 0.000000000000000000e+00
1.760000000000000000e+02 4.000000000000000000e+00 4.000000000000000000e+00 3.116532568917184472e+08 3.116532568917184472e+08 3.655202161653519869e+08 3.655202161653519869e+08 7.565641681194305420e+03 2.043200000000000000e+04 0.000000000000000000e+00
1.770000000000000000e+02 4.000000000000000000e+00 4.000000000000000000e+00 3.146027878337982893e+08 3.146027878337982893e+08 3.656949460117236376e+08 3.656949460117236376e+08 7.695767520666122437e+03 2.043200000000000000e+04 0.000000000000000000e+00
1.780000000000000000e+02 4.000000000000000000e+00 4.000000000000000000e+00 3.157318151509305239e+08 3.157318151509305239e+08 3.639183620263246894e+08 3.639183620263246894e+08 7.780614266157150269e+03 2.043200000000000000e+04 0.000000000000000000e+00
1.790000000000000000e+02 4.000000000000000000e+00 4.000000000000000000e+00 3.090226719208407402e+08 3.090226719208407402e+08 3.649611208236232996e+08 3.649611208236232996e+08 7.834055937528610229e+03 2.043200000000000000e+04 0.000000000000000000e+00
1.800000000000000000e+02 4.000000000000000000e+00 4.000000000000000000e+00 3.084509603730648160e+08 3.084509603730648160e+08 3.651197513226299882e+08 3.651197513226299882e+08 7.697396632909774780e+03 2.043200000000000000e+04 0.000000000000000000e+00
1.810000000000000000e+02 4.000000000000000000e+00 4.000000000000000000e+00 3.117477766147029400e+08 3.117477766147029400e+08 3.643763281257719994e+08 3.643763281257719994e+08 7.723688212394714355e+03 2.043200000000000000e+04 0.000000000000000000e+00
1.820000000000000000e+02 4.000000000000000000e+00 4.000000000000000000e+00 3.247329876461030245e+08 3.247329876461030245e+08 3.649076614605618119e+08 3.649076614605618119e+08 7.816905656576156616e+03 2.043200000000000000e+04 0.000000000000000000e+00
1.830000000000000000e+02 4.000000000000000000e+00 4.000000000000000000e+00 3.181782740565677881e+08 3.181782740565677881e+08 3.641969252273843288e+08 3.641969252273843288e+08 7.681830192327499390e+03 2.043200000000000000e+04 0.000000000000000000e+00
1.840000000000000000e+02 4.000000000000000000e+00 4.000000000000000000e+00 3.238818500799863935e+08 3.238818500799863935e+08 3.625227555718560219e+08 3.625227555718560219e+08 7.747268776416778564e+03 2.043200000000000000e+04 0.000000000000000000e+00
1.850000000000000000e+02 4.000000000000000000e+00 4.000000000000000000e+00 3.259772920385921597e+08 3.259772920385921597e+08 3.646748160340747833e+08 3.646748160340747833e+08 7.740182502746582031e+03 2.043200000000000000e+04 0.000000000000000000e+00
1.860000000000000000e+02 4.000000000000000000e+00 4.000000000000000000e+00 3.177685074620145559e+08 3.177685074620145559e+08 3.641521681116101742e+08 3.641521681116101742e+08 7.682852816820144653e+03 2.043200000000000000e+04 0.000000000000000000e+00
1.870000000000000000e+02 4.000000000000000000e+00 4.000000000000000000e+00 3.123338386807325482e+08 3.123338386807325482e+08 3.651660546025671959e+08 3.651660546025671959e+08 7.747601402521133423e+03 2.043200000000000000e+04 0.000000000000000000e+00
1.880000000000000000e+02 4.000000000000000000e+00 4.000000000000000000e+00 3.180692996935832500e+08 3.180692996935832500e+08 3.648848243780708313e+08 3.648848243780708313e+08 7.694572798967361450e+03 2.043200000000000000e+04 0.000000000000000000e+00
1.890000000000000000e+02 4.000000000000000000e+00 4.000000000000000000e+00 3.185164003187122345e+08 3.185164003187122345e+08 3.641563600481368899e+08 3.641563600481368899e+08 7.746326361417770386e+03 2.043200000000000000e+04 0.000000000000000000e+00
1.900000000000000000e+02 4.000000000000000000e+00 4.000000000000000000e+00 3.189991736582489014e+08 3.189991736582489014e+08 3.646247683558670282e+08 3.646247683558670282e+08 7.847523052930831909e+03 2.043200000000000000e+04 0.000000000000000000e+00
1.910000000000000000e+02 4.000000000000000000e+00 4.000000000000000000e+00 3.236978451532435417e+08 3.236978451532435417e+08 3.620022896631104946e+08 3.620022896631104946e+08 7.852863763570785522e+03 2.043200000000000000e+04 0.000000000000000000e+00
1.920000000000000000e+02 4.000000000000000000e+00 4.000000000000000000e+00 3.104493968075758815e+08 3.104493968075758815e+08 3.641702436807776690e+08 3.641702436807776690e+08 7.567755553007125854e+03 2.043200000000000000e+04 0.000000000000000000e+00
1.930000000000000000e+02 4.000000000000000000e+00 4.000000000000000000e+00 3.152296534866964817e+08 3.152296534866964817e+08 3.649488151432737112e+08 3.649488151432737112e+08 7.592604800462722778e+03 2.043200000000000000e+04 0.000000000000000000e+00
1.940000000000000000e+02 4.000000000000000000e+00 4.000000000000000000e+00 3.195792271646476984e+08 3.195792271646476984e+08 3.651379909866895676e+08 3.651379909866895676e+08 8.865902132272720337e+03 2.043200000000000000e+04 0.000000000000000000e+00
1.950000000000000000e+02 4.000000000000000000e+00 4.000000000000000000e+00 3.163622029853210449e+08 3.163622029853210449e+08 3.643317263129835129e+08 3.643317263129835129e+08 8.956061566352844238e+03 2.043200000000000000e+04 0.000000000000000000e+00
1.960000000000000000e+02 4.000000000000000000e+00 4.000000000000000000e+00 3.244016397894502282e+08 3.244016397894502282e+08 3.647295607110032439e+08 3.647295607110032439e+08 8.505340256929397583e+03 2.043200000000000000e+04 0.000000000000000000e+00
1.970000000000000000e+02 4.000000000000000000e+00 4.000000000000000000e+00 3.111955535977672338e+08 3.111955535977672338e+08 3.654713304717732668e+08 3.654713304717732668e+08 9.098565410852432251e+03 2.043200000000000000e+04 0.000000000000000000e+00
1.980000000000000000e+02 4.000000000000000000e+00 4.000000000000000000e+00 3.214739218634472489e+08 3.214739218634472489e+08 3.636969471284845471e+08 3.636969471284845471e+08 9.488946696281433105e+03 2.043200000000000000e+04 0.000000000000000000e+00
1.990000000000000000e+02 4.000000000000000000e+00 4.000000000000000000e+00 3.142669165089517236e+08 3.142669165089517236e+08 3.645831592009630799e+08 3.645831592009630799e+08 9.656813149213790894e+03 2.043200000000000000e+04 0.000000000000000000e+00
