# # run number, ti calc, ti opt, aep init calc (kW), aep init opt (kW), aep run calc (kW), aep run opt (kW), run time (s), obj func calls, sens func calls
0.000000000000000000e+00 4.000000000000000000e+00 0.000000000000000000e+00 7.122926582213066518e+07 6.972202909645889699e+07 7.122926582213066518e+07 6.972202909645889699e+07 2.216489076614379883e+00 1.700000000000000000e+02 0.000000000000000000e+00
1.000000000000000000e+00 4.000000000000000000e+00 0.000000000000000000e+00 6.491397001292583346e+07 6.444010127078729868e+07 7.310708751997503638e+07 7.297630661784037948e+07 2.001765060424804688e+01 1.466000000000000000e+03 0.000000000000000000e+00
2.000000000000000000e+00 4.000000000000000000e+00 0.000000000000000000e+00 6.223733750366425514e+07 6.171709904596910626e+07 7.205174067521452904e+07 7.199512978667950630e+07 2.893758559226989746e+01 1.610000000000000000e+03 0.000000000000000000e+00
3.000000000000000000e+00 4.000000000000000000e+00 0.000000000000000000e+00 5.875356854429103434e+07 5.757019594226604700e+07 7.035907324133996665e+07 7.018819745261637866e+07 5.031647706031799316e+01 2.042000000000000000e+03 0.000000000000000000e+00
4.000000000000000000e+00 4.000000000000000000e+00 0.000000000000000000e+00 5.753344858966615796e+07 5.676945971805554628e+07 7.278575056274768710e+07 7.214089602564829588e+07 6.821398115158081055e+01 1.898000000000000000e+03 0.000000000000000000e+00
5.000000000000000000e+00 4.000000000000000000e+00 0.000000000000000000e+00 5.853596581396171451e+07 5.748581129582079500e+07 7.212691528929001093e+07 7.180762006820259988e+07 1.175762288570404053e+02 2.330000000000000000e+03 0.000000000000000000e+00
6.000000000000000000e+00 4.000000000000000000e+00 0.000000000000000000e+00 5.870792448102950305e+07 5.815567855600810796e+07 7.411616085922136903e+07 7.385352754630960524e+07 6.043107843399047852e+01 2.474000000000000000e+03 0.000000000000000000e+00
7.000000000000000000e+00 4.000000000000000000e+00 0.000000000000000000e+00 5.981056410545274615e+07 5.913302559139227122e+07 7.482205325632286072e+07 7.455607482944853604e+07 1.019857130050659180e+02 2.906000000000000000e+03 0.000000000000000000e+00
8.000000000000000000e+00 4.000000000000000000e+00 0.000000000000000000e+00 6.193485093891479075e+07 6.141899594518473744e+07 7.299474386621968448e+07 7.263245013292081654e+07 3.566041493415832520e+01 2.618000000000000000e+03 0.000000000000000000e+00
9.000000000000000000e+00 4.000000000000000000e+00 0.000000000000000000e+00 6.033841150874938816e+07 6.004951086421577632e+07 7.286726819668093324e+07 7.259681833082401752e+07 3.372073292732238770e+01 2.474000000000000000e+03 0.000000000000000000e+00
1.000000000000000000e+01 4.000000000000000000e+00 0.000000000000000000e+00 6.346574070163008571e+07 6.292648705206559598e+07 7.265666925502225757e+07 7.219343958875526488e+07 6.092147064208984375e+01 1.754000000000000000e+03 0.000000000000000000e+00
1.100000000000000000e+01 4.000000000000000000e+00 0.000000000000000000e+00 6.422693458394373953e+07 6.355536596732020378e+07 7.410218142341116071e+07 7.388876883888913691e+07 3.738203406333923340e+01 1.898000000000000000e+03 0.000000000000000000e+00
1.200000000000000000e+01 4.000000000000000000e+00 0.000000000000000000e+00 6.173760168579941243e+07 6.081819538157245517e+07 7.260110050028821826e+07 7.259302049581889808e+07 3.547565293312072754e+01 1.754000000000000000e+03 0.000000000000000000e+00
1.300000000000000000e+01 4.000000000000000000e+00 0.000000000000000000e+00 6.225790577998667955e+07 6.142266369432960451e+07 7.395044266092364490e+07 7.381127216820746660e+07 3.654274320602416992e+01 1.898000000000000000e+03 0.000000000000000000e+00
1.400000000000000000e+01 4.000000000000000000e+00 0.000000000000000000e+00 5.895662046550881863e+07 5.824145706956930459e+07 7.400100491506251693e+07 7.356606998296906054e+07 3.381006336212158203e+01 2.330000000000000000e+03 0.000000000000000000e+00
1.500000000000000000e+01 4.000000000000000000e+00 0.000000000000000000e+00 5.998067386500003934e+07 5.929694261079393327e+07 7.404821786351417005e+07 7.386893875606684387e+07 5.669436621665954590e+01 2.762000000000000000e+03 0.000000000000000000e+00
1.600000000000000000e+01 4.000000000000000000e+00 0.000000000000000000e+00 6.066190408824013919e+07 6.008937522830620408e+07 7.380736784017707407e+07 7.348313315011107922e+07 3.535007429122924805e+01 1.754000000000000000e+03 0.000000000000000000e+00
1.700000000000000000e+01 4.000000000000000000e+00 0.000000000000000000e+00 5.412555326942303777e+07 5.315491474833255261e+07 7.191376061402514577e+07 7.172865502066682279e+07 5.628197073936462402e+01 2.042000000000000000e+03 0.000000000000000000e+00
1.800000000000000000e+01 4.000000000000000000e+00 0.000000000000000000e+00 5.864820125798863918e+07 5.817715642105033994e+07 7.426172741961541772e+07 7.394660376343573630e+07 2.956090664863586426e+01 2.186000000000000000e+03 0.000000000000000000e+00
1.900000000000000000e+01 4.000000000000000000e+00 0.000000000000000000e+00 6.012755985859848559e+07 5.941850466575370729e+07 7.118573579685823619e+07 7.102625411354972422e+07 2.187769961357116699e+01 1.610000000000000000e+03 0.000000000000000000e+00
2.000000000000000000e+01 4.000000000000000000e+00 0.000000000000000000e+00 6.252135673141173273e+07 6.205933546937448531e+07 7.308538499791713059e+07 7.309877073985266685e+07 4.188951420783996582e+01 2.330000000000000000e+03 0.000000000000000000e+00
2.100000000000000000e+01 4.000000000000000000e+00 0.000000000000000000e+00 6.089019399732110649e+07 6.016339282794248313e+07 7.228785933162556589e+07 7.166150992182350159e+07 2.104784607887268066e+01 1.466000000000000000e+03 0.000000000000000000e+00
2.200000000000000000e+01 4.000000000000000000e+00 0.000000000000000000e+00 6.152029560284772515e+07 6.074796506579601765e+07 7.531800640375147760e+07 7.535632566449141502e+07 3.694529318809509277e+01 2.474000000000000000e+03 0.000000000000000000e+00
2.300000000000000000e+01 4.000000000000000000e+00 0.000000000000000000e+00 6.040805806647663563e+07 5.979425908359757811e+07 7.325540214964231849e+07 7.284600551859095693e+07 2.238569331169128418e+01 1.610000000000000000e+03 0.000000000000000000e+00
2.400000000000000000e+01 4.000000000000000000e+00 0.000000000000000000e+00 6.307400621786389500e+07 6.255393143817894161e+07 7.280976484737579525e+07 7.268498125946120918e+07 2.572799873352050781e+01 1.898000000000000000e+03 0.000000000000000000e+00
2.500000000000000000e+01 4.000000000000000000e+00 0.000000000000000000e+00 6.123831811991047859e+07 6.029605654903134704e+07 7.289969434647293389e+07 7.268530974533832073e+07 4.836283349990844727e+01 3.338000000000000000e+03 0.000000000000000000e+00
2.600000000000000000e+01 4.000000000000000000e+00 0.000000000000000000e+00 6.231478648972405493e+07 6.178702868379278481e+07 7.319671513306137919e+07 7.325643339229267836e+07 2.947742390632629395e+01 2.186000000000000000e+03 0.000000000000000000e+00
2.700000000000000000e+01 4.000000000000000000e+00 0.000000000000000000e+00 6.442271161144739389e+07 6.374354325477126241e+07 7.435004830349951982e+07 7.417851277880266309e+07 4.736775326728820801e+01 2.474000000000000000e+03 0.000000000000000000e+00
2.800000000000000000e+01 4.000000000000000000e+00 0.000000000000000000e+00 6.090555352586823702e+07 5.943540705780358613e+07 7.458936795342274010e+07 7.459261513887389004e+07 3.947409915924072266e+01 2.618000000000000000e+03 0.000000000000000000e+00
2.900000000000000000e+01 4.000000000000000000e+00 0.000000000000000000e+00 5.423341623368886858e+07 5.356562486362753808e+07 7.274638208634026349e+07 7.241324496079243720e+07 4.273220825195312500e+01 2.474000000000000000e+03 0.000000000000000000e+00
3.000000000000000000e+01 4.000000000000000000e+00 0.000000000000000000e+00 6.033657376375465840e+07 5.949987809054917842e+07 7.349599847294643521e+07 7.325160512945057452e+07 3.137518024444580078e+01 2.186000000000000000e+03 0.000000000000000000e+00
3.100000000000000000e+01 4.000000000000000000e+00 0.000000000000000000e+00 6.559172496141941100e+07 6.517759522328285128e+07 7.338706587937693298e+07 7.325374521432931721e+07 2.944314432144165039e+01 2.042000000000000000e+03 0.000000000000000000e+00
3.200000000000000000e+01 4.000000000000000000e+00 0.000000000000000000e+00 5.759150558743309230e+07 5.680906794515854120e+07 7.273255155034641922e+07 7.250318280502842367e+07 2.107959818840026855e+01 1.466000000000000000e+03 0.000000000000000000e+00
3.300000000000000000e+01 4.000000000000000000e+00 0.000000000000000000e+00 5.897133737126545608e+07 5.804942231520943344e+07 7.294534433437588811e+07 7.260943492963764071e+07 4.609214758872985840e+01 1.898000000000000000e+03 0.000000000000000000e+00
3.400000000000000000e+01 4.000000000000000000e+00 0.000000000000000000e+00 5.840967805592271686e+07 5.775684109276604652e+07 7.388328766101738811e+07 7.373734980662807822e+07 4.559867572784423828e+01 3.194000000000000000e+03 0.000000000000000000e+00
3.500000000000000000e+01 4.000000000000000000e+00 0.000000000000000000e+00 5.929254053178574890e+07 5.888108832083992660e+07 7.201511578984177113e+07 7.147416201345446706e+07 2.123799967765808105e+01 1.466000000000000000e+03 0.000000000000000000e+00
3.600000000000000000e+01 4.000000000000000000e+00 0.000000000000000000e+00 6.038953333110377938e+07 5.960930619754891098e+07 7.369001452569609880e+07 7.354572830583311617e+07 4.034883451461791992e+01 1.754000000000000000e+03 0.000000000000000000e+00
3.700000000000000000e+01 4.000000000000000000e+00 0.000000000000000000e+00 6.129498137955015898e+07 6.081741400550165027e+07 7.250237015546071529e+07 7.232886669625681639e+07 4.177032637596130371e+01 1.610000000000000000e+03 0.000000000000000000e+00
3.800000000000000000e+01 4.000000000000000000e+00 0.000000000000000000e+00 6.061131443083337694e+07 6.003460296636606753e+07 7.277360020019756258e+07 7.252515338446207345e+07 3.581531286239624023e+01 2.474000000000000000e+03 0.000000000000000000e+00
3.900000000000000000e+01 4.000000000000000000e+00 0.000000000000000000e+00 6.265083115643606335e+07 6.192858351337307692e+07 7.212138230312122405e+07 7.131842242419505119e+07 3.130009913444519043e+01 2.330000000000000000e+03 0.000000000000000000e+00
4.000000000000000000e+01 4.000000000000000000e+00 0.000000000000000000e+00 5.878381349760996550e+07 5.790308149864940345e+07 7.513615128139993548e+07 7.520059876131023467e+07 4.742006540298461914e+01 3.482000000000000000e+03 0.000000000000000000e+00
4.100000000000000000e+01 4.000000000000000000e+00 0.000000000000000000e+00 5.949828810926771164e+07 5.899076245832860470e+07 7.398684454529090226e+07 7.380954384774170816e+07 2.375328207015991211e+01 1.610000000000000000e+03 0.000000000000000000e+00
4.200000000000000000e+01 4.000000000000000000e+00 0.000000000000000000e+00 5.520480985461238772e+07 5.461716254097428173e+07 7.348223185670223832e+07 7.336298854568509758e+07 3.084168744087219238e+01 2.330000000000000000e+03 0.000000000000000000e+00
4.300000000000000000e+01 4.000000000000000000e+00 0.000000000000000000e+00 6.273092387765806168e+07 6.183875501181624830e+07 7.278001267005993426e+07 7.230922892630019784e+07 2.171687245368957520e+01 1.610000000000000000e+03 0.000000000000000000e+00
4.400000000000000000e+01 4.000000000000000000e+00 0.000000000000000000e+00 6.398173517212564498e+07 6.350416546933431178e+07 7.410850665612515807e+07 7.409596496950098872e+07 3.954916048049926758e+01 2.906000000000000000e+03 0.000000000000000000e+00
4.500000000000000000e+01 4.000000000000000000e+00 0.000000000000000000e+00 5.971748056907178462e+07 5.880559437742219865e+07 7.126725136702570319e+07 7.122990243374687433e+07 3.807576012611389160e+01 2.906000000000000000e+03 0.000000000000000000e+00
4.600000000000000000e+01 4.000000000000000000e+00 0.000000000000000000e+00 6.065103205270226300e+07 5.995523997961899638e+07 7.278277422117008269e+07 7.242035273325969279e+07 4.697818350791931152e+01 1.610000000000000000e+03 0.000000000000000000e+00
4.700000000000000000e+01 4.000000000000000000e+00 0.000000000000000000e+00 5.761656112388432771e+07 5.694627406170892715e+07 7.256957325577765703e+07 7.247715028861084580e+07 5.509853744506835938e+01 3.338000000000000000e+03 0.000000000000000000e+00
4.800000000000000000e+01 4.000000000000000000e+00 0.000000000000000000e+00 5.754716653352428973e+07 5.666569042505338788e+07 7.384398747721949220e+07 7.351435062743653357e+07 8.094909667968750000e+01 2.618000000000000000e+03 0.000000000000000000e+00
4.900000000000000000e+01 4.000000000000000000e+00 0.000000000000000000e+00 6.512862633655415475e+07 6.442367870072455704e+07 7.332060179342797399e+07 7.322086290622267127e+07 3.841279840469360352e+01 2.762000000000000000e+03 0.000000000000000000e+00
5.000000000000000000e+01 4.000000000000000000e+00 0.000000000000000000e+00 5.831070206382231414e+07 5.764819468877721578e+07 7.295148049517188966e+07 7.256428246706897020e+07 2.340612483024597168e+01 1.754000000000000000e+03 0.000000000000000000e+00
5.100000000000000000e+01 4.000000000000000000e+00 0.000000000000000000e+00 5.635342337076305598e+07 5.548308129155351222e+07 7.307184378658448160e+07 7.295334116730841994e+07 3.405591249465942383e+01 1.754000000000000000e+03 0.000000000000000000e+00
5.200000000000000000e+01 4.000000000000000000e+00 0.000000000000000000e+00 5.985501931645900011e+07 5.943972968938854337e+07 7.266124256311136484e+07 7.227796382799121737e+07 3.613181138038635254e+01 1.898000000000000000e+03 0.000000000000000000e+00
5.300000000000000000e+01 4.000000000000000000e+00 0.000000000000000000e+00 6.212005805767212808e+07 6.141517324822116643e+07 7.328598465375770628e+07 7.288276666152092814e+07 4.605859017372131348e+01 1.610000000000000000e+03 0.000000000000000000e+00
5.400000000000000000e+01 4.000000000000000000e+00 0.000000000000000000e+00 6.405517820864409953e+07 6.335983782305434346e+07 7.417719392963045835e+07 7.416140464081673324e+07 4.870145726203918457e+01 1.898000000000000000e+03 0.000000000000000000e+00
5.500000000000000000e+01 4.000000000000000000e+00 0.000000000000000000e+00 6.299476915106132627e+07 6.238025540667392313e+07 7.207090683045315742e+07 7.192194489520646632e+07 1.053021645545959473e+02 1.754000000000000000e+03 0.000000000000000000e+00
5.600000000000000000e+01 4.000000000000000000e+00 0.000000000000000000e+00 6.387409796044696867e+07 6.345865996290083230e+07 7.350707297697670758e+07 7.310179913903079927e+07 9.000233912467956543e+01 2.474000000000000000e+03 0.000000000000000000e+00
5.700000000000000000e+01 4.000000000000000000e+00 0.000000000000000000e+00 6.114647101627262682e+07 6.061181518739073724e+07 7.202755947768443823e+07 7.182343273158071935e+07 4.787972092628479004e+01 1.754000000000000000e+03 0.000000000000000000e+00
5.800000000000000000e+01 4.000000000000000000e+00 0.000000000000000000e+00 5.947871337402471900e+07 5.902049138963131607e+07 7.429890586239834130e+07 7.434908138479258120e+07 5.645130825042724609e+01 2.330000000000000000e+03 0.000000000000000000e+00
5.900000000000000000e+01 4.000000000000000000e+00 0.000000000000000000e+00 6.098073253954909742e+07 6.034664868608846515e+07 7.321618908761228621e+07 7.325632911961795390e+07 4.274897170066833496e+01 2.330000000000000000e+03 0.000000000000000000e+00
6.000000000000000000e+01 4.000000000000000000e+00 0.000000000000000000e+00 6.093684877919086069e+07 6.039600401443845034e+07 7.303984223348234594e+07 7.248750295793457329e+07 4.870146751403808594e+01 2.330000000000000000e+03 0.000000000000000000e+00
6.100000000000000000e+01 4.000000000000000000e+00 0.000000000000000000e+00 6.202266244697704911e+07 6.147793495199993253e+07 7.309439423849532008e+07 7.288532346093973517e+07 4.720442867279052734e+01 2.042000000000000000e+03 0.000000000000000000e+00
6.200000000000000000e+01 4.000000000000000000e+00 0.000000000000000000e+00 6.312998851667445898e+07 6.254301895025800914e+07 7.462217313888011873e+07 7.444567370775438845e+07 5.114513754844665527e+01 2.330000000000000000e+03 0.000000000000000000e+00
6.300000000000000000e+01 4.000000000000000000e+00 0.000000000000000000e+00 6.017617660122498125e+07 5.962156176271485537e+07 7.329292907199260592e+07 7.288477492175021768e+07 2.238468289375305176e+01 1.754000000000000000e+03 0.000000000000000000e+00
6.400000000000000000e+01 4.000000000000000000e+00 0.000000000000000000e+00 6.142839983889094740e+07 6.061363010703223199e+07 7.335971488128530979e+07 7.324950080827762187e+07 5.502843856811523438e+01 2.330000000000000000e+03 0.000000000000000000e+00
6.500000000000000000e+01 4.000000000000000000e+00 0.000000000000000000e+00 5.752421880298346281e+07 5.672635977876451612e+07 7.304243085851085186e+07 7.281985740203385055e+07 2.238323402404785156e+01 1.610000000000000000e+03 0.000000000000000000e+00
6.600000000000000000e+01 4.000000000000000000e+00 0.000000000000000000e+00 5.438605587090652436e+07 5.334828079007704556e+07 7.266745354491703212e+07 7.236861752360425889e+07 2.725896430015563965e+01 1.898000000000000000e+03 0.000000000000000000e+00
6.700000000000000000e+01 4.000000000000000000e+00 0.000000000000000000e+00 6.317471375979556143e+07 6.229242002565162629e+07 7.404611295876674354e+07 7.386509942237399518e+07 6.674515557289123535e+01 2.186000000000000000e+03 0.000000000000000000e+00
6.800000000000000000e+01 4.000000000000000000e+00 0.000000000000000000e+00 5.479770156361510605e+07 5.428547010062109679e+07 7.125477551267535985e+07 7.044422414509245753e+07 3.476915097236633301e+01 1.466000000000000000e+03 0.000000000000000000e+00
6.900000000000000000e+01 4.000000000000000000e+00 0.000000000000000000e+00 6.182538414393527806e+07 6.118455351673948765e+07 7.328293896466247737e+07 7.313160325463810563e+07 5.411950993537902832e+01 1.898000000000000000e+03 0.000000000000000000e+00
7.000000000000000000e+01 4.000000000000000000e+00 0.000000000000000000e+00 6.002559536652018130e+07 5.938501242261994630e+07 7.389458946012111008e+07 7.383827670504477620e+07 2.930104899406433105e+01 2.186000000000000000e+03 0.000000000000000000e+00
7.100000000000000000e+01 4.000000000000000000e+00 0.000000000000000000e+00 6.020587890218614042e+07 5.955577561363492906e+07 7.248788442949463427e+07 7.224014150389254093e+07 5.448207616806030273e+01 1.322000000000000000e+03 0.000000000000000000e+00
7.200000000000000000e+01 4.000000000000000000e+00 0.000000000000000000e+00 6.162429159105230868e+07 6.095683675849615782e+07 7.280826368233627081e+07 7.278781362739768624e+07 7.956473708152770996e+01 2.906000000000000000e+03 0.000000000000000000e+00
7.300000000000000000e+01 4.000000000000000000e+00 0.000000000000000000e+00 6.316868269413370639e+07 6.268140695362675190e+07 7.385477615077526867e+07 7.333843852082321048e+07 2.859181165695190430e+01 2.042000000000000000e+03 0.000000000000000000e+00
7.400000000000000000e+01 4.000000000000000000e+00 0.000000000000000000e+00 6.209431372098567337e+07 6.141117743618583679e+07 7.358025074723763764e+07 7.301789662143674493e+07 2.382841467857360840e+01 1.754000000000000000e+03 0.000000000000000000e+00
7.500000000000000000e+01 4.000000000000000000e+00 0.000000000000000000e+00 5.876758008986639977e+07 5.770480323109319061e+07 7.321145392139479518e+07 7.307130535326638818e+07 3.123181533813476562e+01 2.330000000000000000e+03 0.000000000000000000e+00
7.600000000000000000e+01 4.000000000000000000e+00 0.000000000000000000e+00 5.434847153305600584e+07 5.358532528370182961e+07 7.241458962860099971e+07 7.216597992776279151e+07 3.303806090354919434e+01 2.330000000000000000e+03 0.000000000000000000e+00
7.700000000000000000e+01 4.000000000000000000e+00 0.000000000000000000e+00 6.389762447300485522e+07 6.301698213298109174e+07 7.287240298520438373e+07 7.258432113323964179e+07 1.920663928985595703e+01 1.466000000000000000e+03 0.000000000000000000e+00
7.800000000000000000e+01 4.000000000000000000e+00 0.000000000000000000e+00 6.475041383324877173e+07 6.433477472098890692e+07 7.314199106989061832e+07 7.291081104849280417e+07 2.903147530555725098e+01 2.186000000000000000e+03 0.000000000000000000e+00
7.900000000000000000e+01 4.000000000000000000e+00 0.000000000000000000e+00 5.588127415973853320e+07 5.521074897972168773e+07 7.293885583458989859e+07 7.248769394957455993e+07 2.183225417137145996e+01 1.610000000000000000e+03 0.000000000000000000e+00
8.000000000000000000e+01 4.000000000000000000e+00 0.000000000000000000e+00 5.809535119346941262e+07 5.726667544251343608e+07 7.266081050604678690e+07 7.231029636294916272e+07 3.049427103996276855e+01 2.330000000000000000e+03 0.000000000000000000e+00
8.100000000000000000e+01 4.000000000000000000e+00 0.000000000000000000e+00 6.109179481605940312e+07 6.064168748371522874e+07 7.322270828102850914e+07 7.307939315852412581e+07 2.405070042610168457e+01 1.754000000000000000e+03 0.000000000000000000e+00
8.200000000000000000e+01 4.000000000000000000e+00 0.000000000000000000e+00 6.487911842314735800e+07 6.422188582894014567e+07 7.290557084238077700e+07 7.288865689012554288e+07 3.858637404441833496e+01 2.186000000000000000e+03 0.000000000000000000e+00
8.300000000000000000e+01 4.000000000000000000e+00 0.000000000000000000e+00 6.088588668487511575e+07 6.005673446305211633e+07 7.381618615727283061e+07 7.365639793129776418e+07 5.089740991592407227e+01 1.898000000000000000e+03 0.000000000000000000e+00
8.400000000000000000e+01 4.000000000000000000e+00 0.000000000000000000e+00 6.051421318728314340e+07 5.995452816285101324e+07 7.425003128489300609e+07 7.404030042840549350e+07 5.621991801261901855e+01 4.058000000000000000e+03 0.000000000000000000e+00
8.500000000000000000e+01 4.000000000000000000e+00 0.000000000000000000e+00 6.201063035929030180e+07 6.120922285477761179e+07 7.449483934939803183e+07 7.433871880102181435e+07 4.768196797370910645e+01 2.618000000000000000e+03 0.000000000000000000e+00
8.600000000000000000e+01 4.000000000000000000e+00 0.000000000000000000e+00 5.388725832268251479e+07 5.300285895964526385e+07 7.180285297106538713e+07 7.141144873130318522e+07 2.004566574096679688e+01 1.466000000000000000e+03 0.000000000000000000e+00
8.700000000000000000e+01 4.000000000000000000e+00 0.000000000000000000e+00 5.784196876376572251e+07 5.739222623837070912e+07 7.396833854277090728e+07 7.364809369590073824e+07 4.017668271064758301e+01 2.042000000000000000e+03 0.000000000000000000e+00
8.800000000000000000e+01 4.000000000000000000e+00 0.000000000000000000e+00 6.012873125042513013e+07 5.940541415326193720e+07 7.414139723785044253e+07 7.390092329822045565e+07 4.225726819038391113e+01 2.762000000000000000e+03 0.000000000000000000e+00
8.900000000000000000e+01 4.000000000000000000e+00 0.000000000000000000e+00 5.347537474346509576e+07 5.294239454411409795e+07 7.165568946192476153e+07 7.128516140084752440e+07 3.426365661621093750e+01 1.466000000000000000e+03 0.000000000000000000e+00
9.000000000000000000e+01 4.000000000000000000e+00 0.000000000000000000e+00 5.762878338336019218e+07 5.706825075144001096e+07 7.576932765267950296e+07 7.583998753026349843e+07 5.305778694152832031e+01 3.770000000000000000e+03 0.000000000000000000e+00
9.100000000000000000e+01 4.000000000000000000e+00 0.000000000000000000e+00 6.000695247972149402e+07 5.910595860448270291e+07 7.240487617390066385e+07 7.192190318925546110e+07 2.399557709693908691e+01 1.754000000000000000e+03 0.000000000000000000e+00
9.200000000000000000e+01 4.000000000000000000e+00 0.000000000000000000e+00 5.649487711761447787e+07 5.542514309146063775e+07 7.317694231762479246e+07 7.315733185673174262e+07 2.681916999816894531e+01 1.898000000000000000e+03 0.000000000000000000e+00
9.300000000000000000e+01 4.000000000000000000e+00 0.000000000000000000e+00 6.130664044436831027e+07 6.074031193096853793e+07 7.119018573744882643e+07 7.100706110294309258e+07 2.624952721595764160e+01 1.898000000000000000e+03 0.000000000000000000e+00
9.400000000000000000e+01 4.000000000000000000e+00 0.000000000000000000e+00 6.094142925654166192e+07 6.047286570652434975e+07 7.480709423063091934e+07 7.467783540595535934e+07 2.236825203895568848e+01 1.610000000000000000e+03 0.000000000000000000e+00
9.500000000000000000e+01 4.000000000000000000e+00 0.000000000000000000e+00 5.542295177596168220e+07 5.470130762996117771e+07 7.312597302964134514e+07 7.298179973488110304e+07 9.421670126914978027e+01 2.474000000000000000e+03 0.000000000000000000e+00
9.600000000000000000e+01 4.000000000000000000e+00 0.000000000000000000e+00 6.361491666356675327e+07 6.317467090662389249e+07 7.463318780386087298e+07 7.453986522659261525e+07 1.544439198970794678e+02 4.346000000000000000e+03 0.000000000000000000e+00
9.700000000000000000e+01 4.000000000000000000e+00 0.000000000000000000e+00 6.126074101499954611e+07 6.051730465294685215e+07 7.382401497690397501e+07 7.358932216058824956e+07 2.166832828521728516e+01 1.466000000000000000e+03 0.000000000000000000e+00
9.800000000000000000e+01 4.000000000000000000e+00 0.000000000000000000e+00 6.584824842992065102e+07 6.536008855637350678e+07 7.301294108837291598e+07 7.260902072424140573e+07 2.985349607467651367e+01 2.186000000000000000e+03 0.000000000000000000e+00
9.900000000000000000e+01 4.000000000000000000e+00 0.000000000000000000e+00 5.938661014978044480e+07 5.882367020430245996e+07 7.376642152646353841e+07 7.362523232921017706e+07 2.971494245529174805e+01 2.186000000000000000e+03 0.000000000000000000e+00
1.000000000000000000e+02 4.000000000000000000e+00 0.000000000000000000e+00 6.294668788330142200e+07 6.247794066896244884e+07 7.384598889290185273e+07 7.379080455483072996e+07 2.032138824462890625e+01 1.754000000000000000e+03 0.000000000000000000e+00
1.010000000000000000e+02 4.000000000000000000e+00 0.000000000000000000e+00 6.373058911620959640e+07 6.301044048649033904e+07 7.283317669497916102e+07 7.235548761347001791e+07 2.647303724288940430e+01 1.322000000000000000e+03 0.000000000000000000e+00
1.020000000000000000e+02 4.000000000000000000e+00 0.000000000000000000e+00 5.898577315250280499e+07 5.845805277822794765e+07 7.485704485415029526e+07 7.492253697208215296e+07 5.314281797409057617e+01 2.186000000000000000e+03 0.000000000000000000e+00
1.030000000000000000e+02 4.000000000000000000e+00 0.000000000000000000e+00 6.333215659932190925e+07 6.285248215827693790e+07 7.410282244398298860e+07 7.392523088078327477e+07 3.910339617729187012e+01 1.754000000000000000e+03 0.000000000000000000e+00
1.040000000000000000e+02 4.000000000000000000e+00 0.000000000000000000e+00 5.890448018200971186e+07 5.836398688620311022e+07 7.238264905787917972e+07 7.224357798969759047e+07 1.945088362693786621e+01 1.466000000000000000e+03 0.000000000000000000e+00
1.050000000000000000e+02 4.000000000000000000e+00 0.000000000000000000e+00 5.986691599124830961e+07 5.934574286479026079e+07 7.367493503594860435e+07 7.344835084027715027e+07 2.318481850624084473e+01 1.754000000000000000e+03 0.000000000000000000e+00
1.060000000000000000e+02 4.000000000000000000e+00 0.000000000000000000e+00 6.065234179557117075e+07 5.968981886378417164e+07 7.448299811931382120e+07 7.437635935863606632e+07 2.933195328712463379e+01 2.186000000000000000e+03 0.000000000000000000e+00
1.070000000000000000e+02 4.000000000000000000e+00 0.000000000000000000e+00 6.031680706578227133e+07 5.963337969831729680e+07 7.305899583474273980e+07 7.261272132601498067e+07 4.070886206626892090e+01 1.898000000000000000e+03 0.000000000000000000e+00
1.080000000000000000e+02 4.000000000000000000e+00 0.000000000000000000e+00 6.105730874070246518e+07 6.065746108841571957e+07 7.229075539964306355e+07 7.200390965110354125e+07 5.615382647514343262e+01 2.186000000000000000e+03 0.000000000000000000e+00
1.090000000000000000e+02 4.000000000000000000e+00 0.000000000000000000e+00 5.396086117313253134e+07 5.303072926713772118e+07 7.452135575272658467e+07 7.460372602580872178e+07 4.117397999763488770e+01 2.906000000000000000e+03 0.000000000000000000e+00
1.100000000000000000e+02 4.000000000000000000e+00 0.000000000000000000e+00 6.032427294422536343e+07 5.979438397969579697e+07 7.484829546310427785e+07 7.483018009865693748e+07 3.600549864768981934e+01 2.618000000000000000e+03 0.000000000000000000e+00
1.110000000000000000e+02 4.000000000000000000e+00 0.000000000000000000e+00 5.649761387687190622e+07 5.582570700736110657e+07 7.212445542916159332e+07 7.175684601444751024e+07 3.849268651008605957e+01 1.466000000000000000e+03 0.000000000000000000e+00
1.120000000000000000e+02 4.000000000000000000e+00 0.000000000000000000e+00 5.634844689089602232e+07 5.539626505397221446e+07 7.259048197644178569e+07 7.214382191748419404e+07 4.839939236640930176e+01 2.330000000000000000e+03 0.000000000000000000e+00
1.130000000000000000e+02 4.000000000000000000e+00 0.000000000000000000e+00 6.211486989727105200e+07 6.120444379528108984e+07 7.233381839536677301e+07 7.176704074977265298e+07 3.312277436256408691e+01 1.610000000000000000e+03 0.000000000000000000e+00
1.140000000000000000e+02 4.000000000000000000e+00 0.000000000000000000e+00 5.932098236304581165e+07 5.852345226119638979e+07 7.254900961912575364e+07 7.233238613379417360e+07 2.371268296241760254e+01 1.610000000000000000e+03 0.000000000000000000e+00
1.150000000000000000e+02 4.000000000000000000e+00 0.000000000000000000e+00 5.801491376127962768e+07 5.715675885152066499e+07 7.417749368949116766e+07 7.401653121629616618e+07 4.732579040527343750e+01 2.618000000000000000e+03 0.000000000000000000e+00
1.160000000000000000e+02 4.000000000000000000e+00 0.000000000000000000e+00 6.511807132431407273e+07 6.422430746432384104e+07 7.309823079619123042e+07 7.301733242224462330e+07 3.458360075950622559e+01 2.042000000000000000e+03 0.000000000000000000e+00
1.170000000000000000e+02 4.000000000000000000e+00 0.000000000000000000e+00 5.769795243993285298e+07 5.702935730297539383e+07 7.295982636983679235e+07 7.297710261041389406e+07 4.541779804229736328e+01 2.042000000000000000e+03 0.000000000000000000e+00
1.180000000000000000e+02 4.000000000000000000e+00 0.000000000000000000e+00 6.003530089158172905e+07 5.932699249234265089e+07 7.459078609159044921e+07 7.450262421670278907e+07 4.969490313529968262e+01 3.626000000000000000e+03 0.000000000000000000e+00
1.190000000000000000e+02 4.000000000000000000e+00 0.000000000000000000e+00 6.006216905676072091e+07 5.931841404988269508e+07 7.440393106382310390e+07 7.432186885783495009e+07 3.554509425163269043e+01 2.186000000000000000e+03 0.000000000000000000e+00
1.200000000000000000e+02 4.000000000000000000e+00 0.000000000000000000e+00 5.952043216269597411e+07 5.857933986083437502e+07 7.208158479070305824e+07 7.187908752995142341e+07 3.166683030128479004e+01 2.330000000000000000e+03 0.000000000000000000e+00
1.210000000000000000e+02 4.000000000000000000e+00 0.000000000000000000e+00 6.244995199721650034e+07 6.172686987470563501e+07 7.344421759268316627e+07 7.328250891631940007e+07 3.448008894920349121e+01 1.898000000000000000e+03 0.000000000000000000e+00
1.220000000000000000e+02 4.000000000000000000e+00 0.000000000000000000e+00 6.217512277146652341e+07 6.165324996541571617e+07 7.366106982190836966e+07 7.347748595641805232e+07 4.042217898368835449e+01 2.906000000000000000e+03 0.000000000000000000e+00
1.230000000000000000e+02 4.000000000000000000e+00 0.000000000000000000e+00 5.951717395599438995e+07 5.901293483433296531e+07 7.387325441125884652e+07 7.371560124890355766e+07 3.180356073379516602e+01 1.898000000000000000e+03 0.000000000000000000e+00
1.240000000000000000e+02 4.000000000000000000e+00 0.000000000000000000e+00 6.324115624586457759e+07 6.297047229892054200e+07 7.278723989048121870e+07 7.256212484374275804e+07 3.998917007446289062e+01 2.474000000000000000e+03 0.000000000000000000e+00
1.250000000000000000e+02 4.000000000000000000e+00 0.000000000000000000e+00 5.821088851857007295e+07 5.751723999062368274e+07 7.334769087298513949e+07 7.318966909866280854e+07 4.290656423568725586e+01 2.186000000000000000e+03 0.000000000000000000e+00
1.260000000000000000e+02 4.000000000000000000e+00 0.000000000000000000e+00 5.940192893034951389e+07 5.867609563703495264e+07 7.360768680817991495e+07 7.359284702343693376e+07 2.700440645217895508e+01 2.042000000000000000e+03 0.000000000000000000e+00
1.270000000000000000e+02 4.000000000000000000e+00 0.000000000000000000e+00 6.162734622666691244e+07 6.096159239603097737e+07 7.361257954998718202e+07 7.328249504002644122e+07 3.264182019233703613e+01 1.898000000000000000e+03 0.000000000000000000e+00
1.280000000000000000e+02 4.000000000000000000e+00 0.000000000000000000e+00 6.558150919600734860e+07 6.473278287657367438e+07 7.220353488380457461e+07 7.204902477387282252e+07 3.684770464897155762e+01 2.186000000000000000e+03 0.000000000000000000e+00
1.290000000000000000e+02 4.000000000000000000e+00 0.000000000000000000e+00 5.860703772575151175e+07 5.777670450947900116e+07 7.432968128175647557e+07 7.427500443814775348e+07 7.652621459960937500e+01 5.210000000000000000e+03 0.000000000000000000e+00
1.300000000000000000e+02 4.000000000000000000e+00 0.000000000000000000e+00 5.825812872391178459e+07 5.738399356468060613e+07 7.404997413917368650e+07 7.413362445421728492e+07 2.837438082695007324e+01 2.042000000000000000e+03 0.000000000000000000e+00
1.310000000000000000e+02 4.000000000000000000e+00 0.000000000000000000e+00 6.422979942975637317e+07 6.364120451400212944e+07 7.252494463251252472e+07 7.204177898392412066e+07 4.693451213836669922e+01 2.618000000000000000e+03 0.000000000000000000e+00
1.320000000000000000e+02 4.000000000000000000e+00 0.000000000000000000e+00 6.308380576099774241e+07 6.232299215003294498e+07 7.348940411690299213e+07 7.342131607645115256e+07 4.721208524703979492e+01 2.474000000000000000e+03 0.000000000000000000e+00
1.330000000000000000e+02 4.000000000000000000e+00 0.000000000000000000e+00 6.091949578757526726e+07 5.976512462217699736e+07 7.329646801781362295e+07 7.321318366994245350e+07 4.889247274398803711e+01 1.898000000000000000e+03 0.000000000000000000e+00
1.340000000000000000e+02 4.000000000000000000e+00 0.000000000000000000e+00 5.925332726454503089e+07 5.875807485273198783e+07 7.409055085547703505e+07 7.378546771071681380e+07 2.950948500633239746e+01 2.186000000000000000e+03 0.000000000000000000e+00
1.350000000000000000e+02 4.000000000000000000e+00 0.000000000000000000e+00 6.579613195076318830e+07 6.523725655472017825e+07 7.307657852613396943e+07 7.282707267607867718e+07 2.439612078666687012e+01 1.754000000000000000e+03 0.000000000000000000e+00
1.360000000000000000e+02 4.000000000000000000e+00 0.000000000000000000e+00 5.839706237500176579e+07 5.759752556425081939e+07 7.435660950955335796e+07 7.414475639437301457e+07 2.262727880477905273e+01 1.754000000000000000e+03 0.000000000000000000e+00
1.370000000000000000e+02 4.000000000000000000e+00 0.000000000000000000e+00 6.081667364949733764e+07 6.048383388542661816e+07 7.355420306586574018e+07 7.335144664438048005e+07 7.075674676895141602e+01 2.618000000000000000e+03 0.000000000000000000e+00
1.380000000000000000e+02 4.000000000000000000e+00 0.000000000000000000e+00 5.441497831278938800e+07 5.363591017393337935e+07 7.265026108092364669e+07 7.243006391897825897e+07 4.013551187515258789e+01 1.610000000000000000e+03 0.000000000000000000e+00
1.390000000000000000e+02 4.000000000000000000e+00 0.000000000000000000e+00 5.772079119245371968e+07 5.708962979483880103e+07 7.480263450234067440e+07 7.473592814222690463e+07 4.138718390464782715e+01 3.050000000000000000e+03 0.000000000000000000e+00
1.400000000000000000e+02 4.000000000000000000e+00 0.000000000000000000e+00 5.879082707178965211e+07 5.794133856250998378e+07 7.474304564444682002e+07 7.476275885158671439e+07 3.311487078666687012e+01 2.474000000000000000e+03 0.000000000000000000e+00
1.410000000000000000e+02 4.000000000000000000e+00 0.000000000000000000e+00 5.506538032943700999e+07 5.432090733038160950e+07 7.403557081633074582e+07 7.383137346339684725e+07 5.053120756149291992e+01 2.618000000000000000e+03 0.000000000000000000e+00
1.420000000000000000e+02 4.000000000000000000e+00 0.000000000000000000e+00 5.929298287901850045e+07 5.846201176633588970e+07 7.316762573748981953e+07 7.284588730845230818e+07 6.647438716888427734e+01 4.490000000000000000e+03 0.000000000000000000e+00
1.430000000000000000e+02 4.000000000000000000e+00 0.000000000000000000e+00 6.204561356293418258e+07 6.135003012538108230e+07 7.181432660650557280e+07 7.162131129512056708e+07 3.589942097663879395e+01 2.618000000000000000e+03 0.000000000000000000e+00
1.440000000000000000e+02 4.000000000000000000e+00 0.000000000000000000e+00 5.889797132413258404e+07 5.821077348083500564e+07 7.335869236574985087e+07 7.291005658179581165e+07 2.771065354347229004e+01 2.042000000000000000e+03 0.000000000000000000e+00
1.450000000000000000e+02 4.000000000000000000e+00 0.000000000000000000e+00 5.716812762467345595e+07 5.634371159371761978e+07 7.392176323039913177e+07 7.389946988154196739e+07 4.450554108619689941e+01 1.898000000000000000e+03 0.000000000000000000e+00
1.460000000000000000e+02 4.000000000000000000e+00 0.000000000000000000e+00 6.242632924942918867e+07 6.153024590434698015e+07 7.355709998273599148e+07 7.355438134356683493e+07 3.688195323944091797e+01 1.898000000000000000e+03 0.000000000000000000e+00
1.470000000000000000e+02 4.000000000000000000e+00 0.000000000000000000e+00 6.254341156566897035e+07 6.173635474977043271e+07 7.356416796045884490e+07 7.348357110733002424e+07 6.108516931533813477e+01 2.762000000000000000e+03 0.000000000000000000e+00
1.480000000000000000e+02 4.000000000000000000e+00 0.000000000000000000e+00 5.929400500640518963e+07 5.843852635029640049e+07 7.358619744940440357e+07 7.321961393224193156e+07 2.894202470779418945e+01 2.186000000000000000e+03 0.000000000000000000e+00
1.490000000000000000e+02 4.000000000000000000e+00 0.000000000000000000e+00 5.870647300033869594e+07 5.798369199258048832e+07 7.404244446666607261e+07 7.403453126305250823e+07 3.634937977790832520e+01 1.754000000000000000e+03 0.000000000000000000e+00
1.500000000000000000e+02 4.000000000000000000e+00 0.000000000000000000e+00 5.972470366847866774e+07 5.919728366601747274e+07 7.385217193861007690e+07 7.360987475218467414e+07 4.007994604110717773e+01 2.042000000000000000e+03 0.000000000000000000e+00
1.510000000000000000e+02 4.000000000000000000e+00 0.000000000000000000e+00 5.748110238502001017e+07 5.680932745008193702e+07 7.361059196774643660e+07 7.319162925783427060e+07 2.552224373817443848e+01 1.898000000000000000e+03 0.000000000000000000e+00
1.520000000000000000e+02 4.000000000000000000e+00 0.000000000000000000e+00 5.642190008940280229e+07 5.560480011551117152e+07 7.296047798212203383e+07 7.274547034711040556e+07 4.927070331573486328e+01 2.906000000000000000e+03 0.000000000000000000e+00
1.530000000000000000e+02 4.000000000000000000e+00 0.000000000000000000e+00 5.663826928532349318e+07 5.612637587838888168e+07 7.195479305422171950e+07 7.137648647063304484e+07 3.422667217254638672e+01 1.610000000000000000e+03 0.000000000000000000e+00
1.540000000000000000e+02 4.000000000000000000e+00 0.000000000000000000e+00 6.317030660493111610e+07 6.228417740217494965e+07 7.125435037862606347e+07 7.101689254788099229e+07 3.959606099128723145e+01 1.610000000000000000e+03 0.000000000000000000e+00
1.550000000000000000e+02 4.000000000000000000e+00 0.000000000000000000e+00 5.980803175308329612e+07 5.878118627154035121e+07 7.286252714154118299e+07 7.265632991068276763e+07 2.427780008316040039e+01 1.898000000000000000e+03 0.000000000000000000e+00
1.560000000000000000e+02 4.000000000000000000e+00 0.000000000000000000e+00 5.434694900319267809e+07 5.341905707326073945e+07 7.359885144954493642e+07 7.323138671260061860e+07 3.989882159233093262e+01 3.194000000000000000e+03 0.000000000000000000e+00
1.570000000000000000e+02 4.000000000000000000e+00 0.000000000000000000e+00 6.085826422652754933e+07 6.035656380990844965e+07 7.497627557998003066e+07 7.485948811505568027e+07 3.989630722999572754e+01 3.194000000000000000e+03 0.000000000000000000e+00
1.580000000000000000e+02 4.000000000000000000e+00 0.000000000000000000e+00 5.829608610811029375e+07 5.773766278538922220e+07 7.345481703652584553e+07 7.303962214827276766e+07 4.916540765762329102e+01 2.474000000000000000e+03 0.000000000000000000e+00
1.590000000000000000e+02 4.000000000000000000e+00 0.000000000000000000e+00 5.563426969767566025e+07 5.478291483232386410e+07 7.341758219616922736e+07 7.330956623690825701e+07 3.491827726364135742e+01 2.762000000000000000e+03 0.000000000000000000e+00
1.600000000000000000e+02 4.000000000000000000e+00 0.000000000000000000e+00 6.530069845208471268e+07 6.439253309266519547e+07 7.262050618681135774e+07 7.246304648208777606e+07 5.545956254005432129e+01 2.186000000000000000e+03 0.000000000000000000e+00
1.610000000000000000e+02 4.000000000000000000e+00 0.000000000000000000e+00 6.474610026723196357e+07 6.410692789550377429e+07 7.365815588556322455e+07 7.358397020240202546e+07 5.960610103607177734e+01 1.754000000000000000e+03 0.000000000000000000e+00
1.620000000000000000e+02 4.000000000000000000e+00 0.000000000000000000e+00 6.198555482705798745e+07 6.116655028263653815e+07 7.427026592939539254e+07 7.418587367547848821e+07 6.646514248847961426e+01 2.330000000000000000e+03 0.000000000000000000e+00
1.630000000000000000e+02 4.000000000000000000e+00 0.000000000000000000e+00 6.349524712453708798e+07 6.282979593701615930e+07 7.241440297501087189e+07 7.197240283984373510e+07 4.838083910942077637e+01 1.754000000000000000e+03 0.000000000000000000e+00
1.640000000000000000e+02 4.000000000000000000e+00 0.000000000000000000e+00 6.282714956415716559e+07 6.203135829684203118e+07 7.367431482563878596e+07 7.312584254924800992e+07 3.751946067810058594e+01 2.042000000000000000e+03 0.000000000000000000e+00
1.650000000000000000e+02 4.000000000000000000e+00 0.000000000000000000e+00 5.375510291336593777e+07 5.296860999833766371e+07 7.467043698412084579e+07 7.436460549998930097e+07 8.514998078346252441e+01 2.330000000000000000e+03 0.000000000000000000e+00
1.660000000000000000e+02 4.000000000000000000e+00 0.000000000000000000e+00 6.172291804072461277e+07 6.104436300636296719e+07 7.567895741190867126e+07 7.565580350049602985e+07 8.922322249412536621e+01 3.050000000000000000e+03 0.000000000000000000e+00
1.670000000000000000e+02 4.000000000000000000e+00 0.000000000000000000e+00 5.713166205334807187e+07 5.629743580073007196e+07 7.250177691291785240e+07 7.222968109601396322e+07 7.179230618476867676e+01 2.762000000000000000e+03 0.000000000000000000e+00
1.680000000000000000e+02 4.000000000000000000e+00 0.000000000000000000e+00 5.923080307076955587e+07 5.812843469119761884e+07 7.283419679832528532e+07 7.263368586895744503e+07 5.456590557098388672e+01 2.330000000000000000e+03 0.000000000000000000e+00
1.690000000000000000e+02 4.000000000000000000e+00 0.000000000000000000e+00 5.887514799008392543e+07 5.858033388490113616e+07 7.314827216935342550e+07 7.294360418354274333e+07 2.768306517601013184e+01 1.898000000000000000e+03 0.000000000000000000e+00
1.700000000000000000e+02 4.000000000000000000e+00 0.000000000000000000e+00 6.532223537996926904e+07 6.477889285656702518e+07 7.349891196568369865e+07 7.302005075162065029e+07 1.479363474845886230e+02 2.186000000000000000e+03 0.000000000000000000e+00
1.710000000000000000e+02 4.000000000000000000e+00 0.000000000000000000e+00 5.974127142787230015e+07 5.910362721404971927e+07 7.430866319028046727e+07 7.428610229759933054e+07 4.797654199600219727e+01 2.762000000000000000e+03 0.000000000000000000e+00
1.720000000000000000e+02 4.000000000000000000e+00 0.000000000000000000e+00 6.302497965659918636e+07 6.250584635420227051e+07 7.377041176866056025e+07 7.356606088135321438e+07 8.873209476470947266e+01 1.898000000000000000e+03 0.000000000000000000e+00
1.730000000000000000e+02 4.000000000000000000e+00 0.000000000000000000e+00 6.490380568775347620e+07 6.429732623474352062e+07 7.338981670360465348e+07 7.315748531841599941e+07 7.584186077117919922e+01 2.618000000000000000e+03 0.000000000000000000e+00
1.740000000000000000e+02 4.000000000000000000e+00 0.000000000000000000e+00 5.692720492509434372e+07 5.623855827665290236e+07 7.394381984198977053e+07 7.377284037409856915e+07 1.318820192813873291e+02 3.626000000000000000e+03 0.000000000000000000e+00
1.750000000000000000e+02 4.000000000000000000e+00 0.000000000000000000e+00 5.880885921746712178e+07 5.773559864286385477e+07 7.289668105951942503e+07 7.279692698278634250e+07 3.683913159370422363e+01 1.754000000000000000e+03 0.000000000000000000e+00
1.760000000000000000e+02 4.000000000000000000e+00 0.000000000000000000e+00 6.299319499386135489e+07 6.261609540439844131e+07 7.392294440571203828e+07 7.371706036165840924e+07 3.881620764732360840e+01 2.330000000000000000e+03 0.000000000000000000e+00
1.770000000000000000e+02 4.000000000000000000e+00 0.000000000000000000e+00 6.007443320773746818e+07 5.927083770728154480e+07 7.367222821956291795e+07 7.364653533249194920e+07 4.620215177536010742e+01 2.474000000000000000e+03 0.000000000000000000e+00
1.780000000000000000e+02 4.000000000000000000e+00 0.000000000000000000e+00 6.388722501480036229e+07 6.329405643772917986e+07 7.476316130835966766e+07 7.445301503595905006e+07 2.364123439788818359e+01 1.754000000000000000e+03 0.000000000000000000e+00
1.790000000000000000e+02 4.000000000000000000e+00 0.000000000000000000e+00 5.909409220548721403e+07 5.822335505119396001e+07 7.481465341889625788e+07 7.471437506733588874e+07 5.608673453330993652e+01 2.186000000000000000e+03 0.000000000000000000e+00
1.800000000000000000e+02 4.000000000000000000e+00 0.000000000000000000e+00 6.037487168259698153e+07 5.969868525120472163e+07 7.206536014897434413e+07 7.169672956212340295e+07 3.369073557853698730e+01 1.610000000000000000e+03 0.000000000000000000e+00
1.810000000000000000e+02 4.000000000000000000e+00 0.000000000000000000e+00 6.308928404318081588e+07 6.224877576170416921e+07 7.261300282038955390e+07 7.228788489397439361e+07 3.156012415885925293e+01 1.898000000000000000e+03 0.000000000000000000e+00
1.820000000000000000e+02 4.000000000000000000e+00 0.000000000000000000e+00 6.169851016028060764e+07 6.113414306194767356e+07 7.305780153965610266e+07 7.267363251899509132e+07 3.922637367248535156e+01 2.042000000000000000e+03 0.000000000000000000e+00
1.830000000000000000e+02 4.000000000000000000e+00 0.000000000000000000e+00 5.561746051446041465e+07 5.476825868626093864e+07 7.333605259034503996e+07 7.294019901008325815e+07 3.464346599578857422e+01 1.754000000000000000e+03 0.000000000000000000e+00
1.840000000000000000e+02 4.000000000000000000e+00 0.000000000000000000e+00 6.561801795572426915e+07 6.516752208847943693e+07 7.433592912176086009e+07 7.406938561183270812e+07 3.493719577789306641e+01 1.754000000000000000e+03 0.000000000000000000e+00
1.850000000000000000e+02 4.000000000000000000e+00 0.000000000000000000e+00 6.111821008753060549e+07 6.026265460495403409e+07 7.263934995118130744e+07 7.232555093064424396e+07 3.318238615989685059e+01 2.474000000000000000e+03 0.000000000000000000e+00
1.860000000000000000e+02 4.000000000000000000e+00 0.000000000000000000e+00 6.221970607312487066e+07 6.145146581150248647e+07 7.408072442877081037e+07 7.388322529920898378e+07 5.294801068305969238e+01 1.898000000000000000e+03 0.000000000000000000e+00
1.870000000000000000e+02 4.000000000000000000e+00 0.000000000000000000e+00 5.639953641949690878e+07 5.556574036130321771e+07 7.273755571109089255e+07 7.221852280784790218e+07 3.513533091545104980e+01 1.610000000000000000e+03 0.000000000000000000e+00
1.880000000000000000e+02 4.000000000000000000e+00 0.000000000000000000e+00 5.999431966861647367e+07 5.914170422904320061e+07 7.524593541337984800e+07 7.525624564618004858e+07 4.378211092948913574e+01 2.330000000000000000e+03 0.000000000000000000e+00
1.890000000000000000e+02 4.000000000000000000e+00 0.000000000000000000e+00 6.182267179314608872e+07 6.129964688557128608e+07 7.426357883030436933e+07 7.414685886670072377e+07 3.339273667335510254e+01 1.610000000000000000e+03 0.000000000000000000e+00
1.900000000000000000e+02 4.000000000000000000e+00 0.000000000000000000e+00 5.737867692989387363e+07 5.624605854223832488e+07 7.340611715021087229e+07 7.320148002797766030e+07 3.840456533432006836e+01 1.898000000000000000e+03 0.000000000000000000e+00
1.910000000000000000e+02 4.000000000000000000e+00 0.000000000000000000e+00 6.093321594603157043e+07 6.008791151196038723e+07 7.271255363346026838e+07 7.243765951738703251e+07 3.244695615768432617e+01 1.610000000000000000e+03 0.000000000000000000e+00
1.920000000000000000e+02 4.000000000000000000e+00 0.000000000000000000e+00 6.036250959944037348e+07 5.976361677236924320e+07 7.453258637078662217e+07 7.444960250594381988e+07 2.693866705894470215e+01 2.042000000000000000e+03 0.000000000000000000e+00
1.930000000000000000e+02 4.000000000000000000e+00 0.000000000000000000e+00 5.966732761197054386e+07 5.882191695323394239e+07 7.467485348194360733e+07 7.451255278694473207e+07 3.314283943176269531e+01 2.042000000000000000e+03 0.000000000000000000e+00
1.940000000000000000e+02 4.000000000000000000e+00 0.000000000000000000e+00 5.847940349105086923e+07 5.778079030595177412e+07 7.363569543867966533e+07 7.341543051218937337e+07 2.122293400764465332e+01 1.610000000000000000e+03 0.000000000000000000e+00
1.950000000000000000e+02 4.000000000000000000e+00 0.000000000000000000e+00 5.533373562454667687e+07 5.464614027171059698e+07 7.283503236586715281e+07 7.260570117487692833e+07 4.350997281074523926e+01 2.330000000000000000e+03 0.000000000000000000e+00
1.960000000000000000e+02 4.000000000000000000e+00 0.000000000000000000e+00 6.463261596767385304e+07 6.405995138509842008e+07 7.262997916382932663e+07 7.215693237458157539e+07 4.905672812461853027e+01 1.610000000000000000e+03 0.000000000000000000e+00
1.970000000000000000e+02 4.000000000000000000e+00 0.000000000000000000e+00 5.897684157305415720e+07 5.872742660997464508e+07 7.240165646762882173e+07 7.226256550102868676e+07 2.426150012016296387e+01 1.754000000000000000e+03 0.000000000000000000e+00
1.980000000000000000e+02 4.000000000000000000e+00 0.000000000000000000e+00 6.008659603513260186e+07 5.920950098185218871e+07 7.398554284109801054e+07 7.389240948251323402e+07 3.418023943901062012e+01 2.474000000000000000e+03 0.000000000000000000e+00
1.990000000000000000e+02 4.000000000000000000e+00 0.000000000000000000e+00 6.226639291014564037e+07 6.145940899011105299e+07 7.451737646833102405e+07 7.437434821137709916e+07 9.030664014816284180e+01 2.474000000000000000e+03 0.000000000000000000e+00
