# # run number, ti calc, ti opt, aep init calc (kW), aep init opt (kW), aep run calc (kW), aep run opt (kW), run time (s), obj func calls, sens func calls
0.000000000000000000e+00 4.000000000000000000e+00 4.000000000000000000e+00 3.487915500393432975e+08 3.487915500393432975e+08 3.487915500393432975e+08 3.487915500393432975e+08 3.638551378250122070e+01 1.700000000000000000e+02 0.000000000000000000e+00
1.000000000000000000e+00 4.000000000000000000e+00 4.000000000000000000e+00 3.101786211500721574e+08 3.101786211500721574e+08 3.580320964167127013e+08 3.580320964167127013e+08 4.238289470672607422e+02 2.042000000000000000e+03 0.000000000000000000e+00
2.000000000000000000e+00 4.000000000000000000e+00 4.000000000000000000e+00 3.092539430250391960e+08 3.092539430250391960e+08 3.596863162434144616e+08 3.596863162434144616e+08 5.624572367668151855e+02 2.762000000000000000e+03 0.000000000000000000e+00
3.000000000000000000e+00 4.000000000000000000e+00 4.000000000000000000e+00 3.203570727540653348e+08 3.203570727540653348e+08 3.560999925634496212e+08 3.560999925634496212e+08 3.060271801948547363e+02 1.466000000000000000e+03 0.000000000000000000e+00
4.000000000000000000e+00 4.000000000000000000e+00 4.000000000000000000e+00 3.052393381234149933e+08 3.052393381234149933e+08 3.570669723072067499e+08 3.570669723072067499e+08 5.228327965736389160e+02 2.474000000000000000e+03 0.000000000000000000e+00
5.000000000000000000e+00 4.000000000000000000e+00 4.000000000000000000e+00 3.168413217171947956e+08 3.168413217171947956e+08 3.542435139034425020e+08 3.542435139034425020e+08 2.584579887390136719e+02 1.178000000000000000e+03 0.000000000000000000e+00
6.000000000000000000e+00 4.000000000000000000e+00 4.000000000000000000e+00 3.141057324454245567e+08 3.141057324454245567e+08 3.559636060544683337e+08 3.559636060544683337e+08 4.147402174472808838e+02 1.898000000000000000e+03 0.000000000000000000e+00
7.000000000000000000e+00 4.000000000000000000e+00 4.000000000000000000e+00 3.129982098805271983e+08 3.129982098805271983e+08 3.579677466077895164e+08 3.579677466077895164e+08 7.810374329090118408e+02 3.626000000000000000e+03 0.000000000000000000e+00
8.000000000000000000e+00 4.000000000000000000e+00 4.000000000000000000e+00 3.149400008129152060e+08 3.149400008129152060e+08 3.576002925323761702e+08 3.576002925323761702e+08 4.112806231975555420e+02 1.898000000000000000e+03 0.000000000000000000e+00
9.000000000000000000e+00 4.000000000000000000e+00 4.000000000000000000e+00 3.169830095040826201e+08 3.169830095040826201e+08 3.584863184828131199e+08 3.584863184828131199e+08 4.408544487953186035e+02 1.898000000000000000e+03 0.000000000000000000e+00
1.000000000000000000e+01 4.000000000000000000e+00 4.000000000000000000e+00 3.165831083888615370e+08 3.165831083888615370e+08 3.592734069514317513e+08 3.592734069514317513e+08 7.611525256633758545e+02 3.482000000000000000e+03 0.000000000000000000e+00
1.100000000000000000e+01 4.000000000000000000e+00 4.000000000000000000e+00 3.106815821714679599e+08 3.106815821714679599e+08 3.590305176065868139e+08 3.590305176065868139e+08 4.737099416255950928e+02 2.330000000000000000e+03 0.000000000000000000e+00
1.200000000000000000e+01 4.000000000000000000e+00 4.000000000000000000e+00 3.215843645326675177e+08 3.215843645326675177e+08 3.576511155422713757e+08 3.576511155422713757e+08 4.771688032150268555e+02 2.330000000000000000e+03 0.000000000000000000e+00
1.300000000000000000e+01 4.000000000000000000e+00 4.000000000000000000e+00 3.167161543744800091e+08 3.167161543744800091e+08 3.562583490210660100e+08 3.562583490210660100e+08 3.638592286109924316e+02 1.754000000000000000e+03 0.000000000000000000e+00
1.400000000000000000e+01 4.000000000000000000e+00 4.000000000000000000e+00 3.195240877357333302e+08 3.195240877357333302e+08 3.599914262787221074e+08 3.599914262787221074e+08 3.926855144500732422e+02 1.898000000000000000e+03 0.000000000000000000e+00
1.500000000000000000e+01 4.000000000000000000e+00 4.000000000000000000e+00 3.146286364703188539e+08 3.146286364703188539e+08 3.564715020283701420e+08 3.564715020283701420e+08 4.510041301250457764e+02 2.042000000000000000e+03 0.000000000000000000e+00
1.600000000000000000e+01 4.000000000000000000e+00 4.000000000000000000e+00 3.156808085451831222e+08 3.156808085451831222e+08 3.587451811789134145e+08 3.587451811789134145e+08 7.537854075431823730e+02 3.482000000000000000e+03 0.000000000000000000e+00
1.700000000000000000e+01 4.000000000000000000e+00 4.000000000000000000e+00 3.121814789429577589e+08 3.121814789429577589e+08 3.568322960650638938e+08 3.568322960650638938e+08 4.139212217330932617e+02 1.898000000000000000e+03 0.000000000000000000e+00
1.800000000000000000e+01 4.000000000000000000e+00 4.000000000000000000e+00 3.101111288694235086e+08 3.101111288694235086e+08 3.571430668611450195e+08 3.571430668611450195e+08 3.140746378898620605e+02 1.466000000000000000e+03 0.000000000000000000e+00
1.900000000000000000e+01 4.000000000000000000e+00 4.000000000000000000e+00 3.173275726991581917e+08 3.173275726991581917e+08 3.585802479885353446e+08 3.585802479885353446e+08 3.351477901935577393e+02 1.610000000000000000e+03 0.000000000000000000e+00
2.000000000000000000e+01 4.000000000000000000e+00 4.000000000000000000e+00 3.173783756795325875e+08 3.173783756795325875e+08 3.583037242427182794e+08 3.583037242427182794e+08 4.417601974010467529e+02 2.186000000000000000e+03 0.000000000000000000e+00
2.100000000000000000e+01 4.000000000000000000e+00 4.000000000000000000e+00 3.146871196408348680e+08 3.146871196408348680e+08 3.566500298028802872e+08 3.566500298028802872e+08 4.845334792137145996e+02 2.330000000000000000e+03 0.000000000000000000e+00
2.200000000000000000e+01 4.000000000000000000e+00 4.000000000000000000e+00 3.144733537646567225e+08 3.144733537646567225e+08 3.578198989332811236e+08 3.578198989332811236e+08 5.387697503566741943e+02 2.618000000000000000e+03 0.000000000000000000e+00
2.300000000000000000e+01 4.000000000000000000e+00 4.000000000000000000e+00 3.091375862331461906e+08 3.091375862331461906e+08 3.595007556237159371e+08 3.595007556237159371e+08 3.525069456100463867e+02 1.610000000000000000e+03 0.000000000000000000e+00
2.400000000000000000e+01 4.000000000000000000e+00 4.000000000000000000e+00 3.154360379331007004e+08 3.154360379331007004e+08 3.598258797711920142e+08 3.598258797711920142e+08 4.122559716701507568e+02 1.898000000000000000e+03 0.000000000000000000e+00
2.500000000000000000e+01 4.000000000000000000e+00 4.000000000000000000e+00 3.122727492251663804e+08 3.122727492251663804e+08 3.563756220916751623e+08 3.563756220916751623e+08 5.473274302482604980e+02 2.474000000000000000e+03 0.000000000000000000e+00
2.600000000000000000e+01 4.000000000000000000e+00 4.000000000000000000e+00 3.177375356899683475e+08 3.177375356899683475e+08 3.590073345882090926e+08 3.590073345882090926e+08 4.699667918682098389e+02 2.186000000000000000e+03 0.000000000000000000e+00
2.700000000000000000e+01 4.000000000000000000e+00 4.000000000000000000e+00 3.178258896058706045e+08 3.178258896058706045e+08 3.599657150536707044e+08 3.599657150536707044e+08 4.758272738456726074e+02 2.186000000000000000e+03 0.000000000000000000e+00
2.800000000000000000e+01 4.000000000000000000e+00 4.000000000000000000e+00 3.163314869019802809e+08 3.163314869019802809e+08 3.563608005900445580e+08 3.563608005900445580e+08 3.496571960449218750e+02 1.610000000000000000e+03 0.000000000000000000e+00
2.900000000000000000e+01 4.000000000000000000e+00 4.000000000000000000e+00 3.113811180799568892e+08 3.113811180799568892e+08 3.559301070342693329e+08 3.559301070342693329e+08 3.747421700954437256e+02 1.754000000000000000e+03 0.000000000000000000e+00
3.000000000000000000e+01 4.000000000000000000e+00 4.000000000000000000e+00 3.096654886663078070e+08 3.096654886663078070e+08 3.575307818036176562e+08 3.575307818036176562e+08 4.013935928344726562e+02 1.898000000000000000e+03 0.000000000000000000e+00
3.100000000000000000e+01 4.000000000000000000e+00 4.000000000000000000e+00 3.133653419275528789e+08 3.133653419275528789e+08 3.582449061757091284e+08 3.582449061757091284e+08 3.740605959892272949e+02 1.754000000000000000e+03 0.000000000000000000e+00
3.200000000000000000e+01 4.000000000000000000e+00 4.000000000000000000e+00 3.085508389677124619e+08 3.085508389677124619e+08 3.556244813655162454e+08 3.556244813655162454e+08 4.467701241970062256e+02 2.042000000000000000e+03 0.000000000000000000e+00
3.300000000000000000e+01 4.000000000000000000e+00 4.000000000000000000e+00 3.152700119837515950e+08 3.152700119837515950e+08 3.597829980493973494e+08 3.597829980493973494e+08 5.189941422939300537e+02 2.330000000000000000e+03 0.000000000000000000e+00
3.400000000000000000e+01 4.000000000000000000e+00 4.000000000000000000e+00 3.110612515554354191e+08 3.110612515554354191e+08 3.551102754127765894e+08 3.551102754127765894e+08 4.713267621994018555e+02 2.042000000000000000e+03 0.000000000000000000e+00
3.500000000000000000e+01 4.000000000000000000e+00 4.000000000000000000e+00 3.152625677574570775e+08 3.152625677574570775e+08 3.569195074039604068e+08 3.569195074039604068e+08 3.787015988826751709e+02 1.754000000000000000e+03 0.000000000000000000e+00
3.600000000000000000e+01 4.000000000000000000e+00 4.000000000000000000e+00 3.189100197602384090e+08 3.189100197602384090e+08 3.553007214189575911e+08 3.553007214189575911e+08 3.546255404949188232e+02 1.610000000000000000e+03 0.000000000000000000e+00
3.700000000000000000e+01 4.000000000000000000e+00 4.000000000000000000e+00 3.167303192026940584e+08 3.167303192026940584e+08 3.581916042300845385e+08 3.581916042300845385e+08 3.877030932903289795e+02 1.754000000000000000e+03 0.000000000000000000e+00
3.800000000000000000e+01 4.000000000000000000e+00 4.000000000000000000e+00 3.211962040102320910e+08 3.211962040102320910e+08 3.584941310577555299e+08 3.584941310577555299e+08 5.333208673000335693e+02 2.474000000000000000e+03 0.000000000000000000e+00
3.900000000000000000e+01 4.000000000000000000e+00 4.000000000000000000e+00 3.186110940332431197e+08 3.186110940332431197e+08 3.560164695858065486e+08 3.560164695858065486e+08 3.887412154674530029e+02 1.754000000000000000e+03 0.000000000000000000e+00
4.000000000000000000e+01 4.000000000000000000e+00 4.000000000000000000e+00 3.123366259540305138e+08 3.123366259540305138e+08 3.569232815515322685e+08 3.569232815515322685e+08 4.205375556945800781e+02 1.898000000000000000e+03 0.000000000000000000e+00
4.100000000000000000e+01 4.000000000000000000e+00 4.000000000000000000e+00 3.126154779631758928e+08 3.126154779631758928e+08 3.610261706728472710e+08 3.610261706728472710e+08 4.757406110763549805e+02 2.330000000000000000e+03 0.000000000000000000e+00
4.200000000000000000e+01 4.000000000000000000e+00 4.000000000000000000e+00 3.119880665280131698e+08 3.119880665280131698e+08 3.604531482717329264e+08 3.604531482717329264e+08 4.125860447883605957e+02 2.042000000000000000e+03 0.000000000000000000e+00
4.300000000000000000e+01 4.000000000000000000e+00 4.000000000000000000e+00 3.174307372570898533e+08 3.174307372570898533e+08 3.575379871127172112e+08 3.575379871127172112e+08 3.211849541664123535e+02 1.610000000000000000e+03 0.000000000000000000e+00
4.400000000000000000e+01 4.000000000000000000e+00 4.000000000000000000e+00 3.136965010619467497e+08 3.136965010619467497e+08 3.586303343551687598e+08 3.586303343551687598e+08 3.627545826435089111e+02 1.754000000000000000e+03 0.000000000000000000e+00
4.500000000000000000e+01 4.000000000000000000e+00 4.000000000000000000e+00 3.104671513987653852e+08 3.104671513987653852e+08 3.581157597767255902e+08 3.581157597767255902e+08 5.237045235633850098e+02 2.474000000000000000e+03 0.000000000000000000e+00
4.600000000000000000e+01 4.000000000000000000e+00 4.000000000000000000e+00 3.083841337249826789e+08 3.083841337249826789e+08 3.585407135363249779e+08 3.585407135363249779e+08 4.666809844970703125e+02 2.186000000000000000e+03 0.000000000000000000e+00
4.700000000000000000e+01 4.000000000000000000e+00 4.000000000000000000e+00 3.201126609800137877e+08 3.201126609800137877e+08 3.589300527156095505e+08 3.589300527156095505e+08 5.881556465625762939e+02 2.762000000000000000e+03 0.000000000000000000e+00
4.800000000000000000e+01 4.000000000000000000e+00 4.000000000000000000e+00 3.116017942109521627e+08 3.116017942109521627e+08 3.608203254029431343e+08 3.608203254029431343e+08 4.719601292610168457e+02 2.186000000000000000e+03 0.000000000000000000e+00
4.900000000000000000e+01 4.000000000000000000e+00 4.000000000000000000e+00 3.092858044439188242e+08 3.092858044439188242e+08 3.583466386318988204e+08 3.583466386318988204e+08 4.974580731391906738e+02 2.474000000000000000e+03 0.000000000000000000e+00
5.000000000000000000e+01 4.000000000000000000e+00 4.000000000000000000e+00 3.183866308649071455e+08 3.183866308649071455e+08 3.570463790049982667e+08 3.570463790049982667e+08 3.304324948787689209e+02 1.610000000000000000e+03 0.000000000000000000e+00
5.100000000000000000e+01 4.000000000000000000e+00 4.000000000000000000e+00 3.146512066701450348e+08 3.146512066701450348e+08 3.585538041190899014e+08 3.585538041190899014e+08 7.667350969314575195e+02 3.770000000000000000e+03 0.000000000000000000e+00
5.200000000000000000e+01 4.000000000000000000e+00 4.000000000000000000e+00 3.166638006131569743e+08 3.166638006131569743e+08 3.592995915171989799e+08 3.592995915171989799e+08 4.243560185432434082e+02 2.042000000000000000e+03 0.000000000000000000e+00
5.300000000000000000e+01 4.000000000000000000e+00 4.000000000000000000e+00 3.201485634531549811e+08 3.201485634531549811e+08 3.591476918815342188e+08 3.591476918815342188e+08 3.004157609939575195e+02 1.466000000000000000e+03 0.000000000000000000e+00
5.400000000000000000e+01 4.000000000000000000e+00 4.000000000000000000e+00 3.158297401676259637e+08 3.158297401676259637e+08 3.585975414176682234e+08 3.585975414176682234e+08 4.963878171443939209e+02 2.474000000000000000e+03 0.000000000000000000e+00
5.500000000000000000e+01 4.000000000000000000e+00 4.000000000000000000e+00 3.173107121635891199e+08 3.173107121635891199e+08 3.572737061209604144e+08 3.572737061209604144e+08 4.151889119148254395e+02 2.042000000000000000e+03 0.000000000000000000e+00
5.600000000000000000e+01 4.000000000000000000e+00 4.000000000000000000e+00 3.162000630360319614e+08 3.162000630360319614e+08 3.561853515172138214e+08 3.561853515172138214e+08 3.711351990699768066e+02 1.754000000000000000e+03 0.000000000000000000e+00
5.700000000000000000e+01 4.000000000000000000e+00 4.000000000000000000e+00 3.075133705602690578e+08 3.075133705602690578e+08 3.579839521183682680e+08 3.579839521183682680e+08 3.520393207073211670e+02 1.754000000000000000e+03 0.000000000000000000e+00
5.800000000000000000e+01 4.000000000000000000e+00 4.000000000000000000e+00 3.105779791783108115e+08 3.105779791783108115e+08 3.556881766628808379e+08 3.556881766628808379e+08 2.624830822944641113e+02 1.322000000000000000e+03 0.000000000000000000e+00
5.900000000000000000e+01 4.000000000000000000e+00 4.000000000000000000e+00 3.142521915980243683e+08 3.142521915980243683e+08 3.580847132897083163e+08 3.580847132897083163e+08 3.575906741619110107e+02 1.754000000000000000e+03 0.000000000000000000e+00
6.000000000000000000e+01 4.000000000000000000e+00 4.000000000000000000e+00 3.122411607348978519e+08 3.122411607348978519e+08 3.582967846343849897e+08 3.582967846343849897e+08 3.355786182880401611e+02 1.610000000000000000e+03 0.000000000000000000e+00
6.100000000000000000e+01 4.000000000000000000e+00 4.000000000000000000e+00 3.128312466202742457e+08 3.128312466202742457e+08 3.592693459876778126e+08 3.592693459876778126e+08 3.990668680667877197e+02 1.898000000000000000e+03 0.000000000000000000e+00
6.200000000000000000e+01 4.000000000000000000e+00 4.000000000000000000e+00 3.184171956234174967e+08 3.184171956234174967e+08 3.598555148514224887e+08 3.598555148514224887e+08 4.099525167942047119e+02 2.042000000000000000e+03 0.000000000000000000e+00
6.300000000000000000e+01 4.000000000000000000e+00 4.000000000000000000e+00 3.115336964692395329e+08 3.115336964692395329e+08 3.584235313050280809e+08 3.584235313050280809e+08 5.321308152675628662e+02 2.618000000000000000e+03 0.000000000000000000e+00
6.400000000000000000e+01 4.000000000000000000e+00 4.000000000000000000e+00 3.192722086504729390e+08 3.192722086504729390e+08 3.593663518645498753e+08 3.593663518645498753e+08 5.898561775684356689e+02 2.906000000000000000e+03 0.000000000000000000e+00
6.500000000000000000e+01 4.000000000000000000e+00 4.000000000000000000e+00 3.203411677091034055e+08 3.203411677091034055e+08 3.586432012051028013e+08 3.586432012051028013e+08 4.191838970184326172e+02 2.042000000000000000e+03 0.000000000000000000e+00
6.600000000000000000e+01 4.000000000000000000e+00 4.000000000000000000e+00 3.167646080828290582e+08 3.167646080828290582e+08 3.587995804938938022e+08 3.587995804938938022e+08 4.326562852859497070e+02 2.042000000000000000e+03 0.000000000000000000e+00
6.700000000000000000e+01 4.000000000000000000e+00 4.000000000000000000e+00 3.119555095388036966e+08 3.119555095388036966e+08 3.558824433451412320e+08 3.558824433451412320e+08 3.814008300304412842e+02 1.898000000000000000e+03 0.000000000000000000e+00
6.800000000000000000e+01 4.000000000000000000e+00 4.000000000000000000e+00 3.165735844750670195e+08 3.165735844750670195e+08 3.581201866631214023e+08 3.581201866631214023e+08 4.654890315532684326e+02 2.186000000000000000e+03 0.000000000000000000e+00
6.900000000000000000e+01 4.000000000000000000e+00 4.000000000000000000e+00 3.147943030979543328e+08 3.147943030979543328e+08 3.600675293944293261e+08 3.600675293944293261e+08 4.266795561313629150e+02 2.042000000000000000e+03 0.000000000000000000e+00
7.000000000000000000e+01 4.000000000000000000e+00 4.000000000000000000e+00 3.179809833256726861e+08 3.179809833256726861e+08 3.587466106498944163e+08 3.587466106498944163e+08 3.523790850639343262e+02 1.754000000000000000e+03 0.000000000000000000e+00
7.100000000000000000e+01 4.000000000000000000e+00 4.000000000000000000e+00 3.112091662700492144e+08 3.112091662700492144e+08 3.581149460463699102e+08 3.581149460463699102e+08 3.820800406932830811e+02 1.898000000000000000e+03 0.000000000000000000e+00
7.200000000000000000e+01 4.000000000000000000e+00 4.000000000000000000e+00 3.167249404639402032e+08 3.167249404639402032e+08 3.580053864056645036e+08 3.580053864056645036e+08 3.342634172439575195e+02 1.610000000000000000e+03 0.000000000000000000e+00
7.300000000000000000e+01 4.000000000000000000e+00 4.000000000000000000e+00 3.209264435920263529e+08 3.209264435920263529e+08 3.567239195416924953e+08 3.567239195416924953e+08 3.587915420532226562e+02 1.610000000000000000e+03 0.000000000000000000e+00
7.400000000000000000e+01 4.000000000000000000e+00 4.000000000000000000e+00 3.146021735224187970e+08 3.146021735224187970e+08 3.562999035358406305e+08 3.562999035358406305e+08 4.318273627758026123e+02 2.042000000000000000e+03 0.000000000000000000e+00
7.500000000000000000e+01 4.000000000000000000e+00 4.000000000000000000e+00 3.079406515621367097e+08 3.079406515621367097e+08 3.572684004963783622e+08 3.572684004963783622e+08 3.465065655708312988e+02 1.610000000000000000e+03 0.000000000000000000e+00
7.600000000000000000e+01 4.000000000000000000e+00 4.000000000000000000e+00 3.156882038635308146e+08 3.156882038635308146e+08 3.575426343409981132e+08 3.575426343409981132e+08 5.679071342945098877e+02 2.618000000000000000e+03 0.000000000000000000e+00
7.700000000000000000e+01 4.000000000000000000e+00 4.000000000000000000e+00 3.098968497272486091e+08 3.098968497272486091e+08 3.576166580654292703e+08 3.576166580654292703e+08 3.034545772075653076e+02 1.466000000000000000e+03 0.000000000000000000e+00
7.800000000000000000e+01 4.000000000000000000e+00 4.000000000000000000e+00 3.026439947516708970e+08 3.026439947516708970e+08 3.580862477240104079e+08 3.580862477240104079e+08 4.253446192741394043e+02 2.186000000000000000e+03 0.000000000000000000e+00
7.900000000000000000e+01 4.000000000000000000e+00 4.000000000000000000e+00 3.157320923563537002e+08 3.157320923563537002e+08 3.552669484134864807e+08 3.552669484134864807e+08 3.587460975646972656e+02 1.754000000000000000e+03 0.000000000000000000e+00
8.000000000000000000e+01 4.000000000000000000e+00 4.000000000000000000e+00 3.177530180815065503e+08 3.177530180815065503e+08 3.570896934267305136e+08 3.570896934267305136e+08 3.875159311294555664e+02 1.898000000000000000e+03 0.000000000000000000e+00
8.100000000000000000e+01 4.000000000000000000e+00 4.000000000000000000e+00 3.076232906617631316e+08 3.076232906617631316e+08 3.599198228907099962e+08 3.599198228907099962e+08 4.630076694488525391e+02 2.330000000000000000e+03 0.000000000000000000e+00
8.200000000000000000e+01 4.000000000000000000e+00 4.000000000000000000e+00 3.022793843716560006e+08 3.022793843716560006e+08 3.592100260544998646e+08 3.592100260544998646e+08 3.796690814495086670e+02 1.898000000000000000e+03 0.000000000000000000e+00
8.300000000000000000e+01 4.000000000000000000e+00 4.000000000000000000e+00 3.177594710808055401e+08 3.177594710808055401e+08 3.589752099498749375e+08 3.589752099498749375e+08 3.696209859848022461e+02 1.754000000000000000e+03 0.000000000000000000e+00
8.400000000000000000e+01 4.000000000000000000e+00 4.000000000000000000e+00 3.091811275912737846e+08 3.091811275912737846e+08 3.551237460850934386e+08 3.551237460850934386e+08 4.732359695434570312e+02 2.330000000000000000e+03 0.000000000000000000e+00
8.500000000000000000e+01 4.000000000000000000e+00 4.000000000000000000e+00 3.186008010196071863e+08 3.186008010196071863e+08 3.566998239903745055e+08 3.566998239903745055e+08 3.367838401794433594e+02 1.610000000000000000e+03 0.000000000000000000e+00
8.600000000000000000e+01 4.000000000000000000e+00 4.000000000000000000e+00 3.162365401581435800e+08 3.162365401581435800e+08 3.574703315746921897e+08 3.574703315746921897e+08 4.437402527332305908e+02 2.186000000000000000e+03 0.000000000000000000e+00
8.700000000000000000e+01 4.000000000000000000e+00 4.000000000000000000e+00 3.234856774070775509e+08 3.234856774070775509e+08 3.598300080853738785e+08 3.598300080853738785e+08 4.596814174652099609e+02 2.186000000000000000e+03 0.000000000000000000e+00
8.800000000000000000e+01 4.000000000000000000e+00 4.000000000000000000e+00 3.114747755861554742e+08 3.114747755861554742e+08 3.589902773180629611e+08 3.589902773180629611e+08 4.378990378379821777e+02 2.186000000000000000e+03 0.000000000000000000e+00
8.900000000000000000e+01 4.000000000000000000e+00 4.000000000000000000e+00 3.095445932302725315e+08 3.095445932302725315e+08 3.575498798793799877e+08 3.575498798793799877e+08 4.254882383346557617e+02 1.898000000000000000e+03 0.000000000000000000e+00
9.000000000000000000e+01 4.000000000000000000e+00 4.000000000000000000e+00 3.123146096182611585e+08 3.123146096182611585e+08 3.565613552337910533e+08 3.565613552337910533e+08 3.932445602416992188e+02 1.754000000000000000e+03 0.000000000000000000e+00
9.100000000000000000e+01 4.000000000000000000e+00 4.000000000000000000e+00 3.182337413638871908e+08 3.182337413638871908e+08 3.594412487972120047e+08 3.594412487972120047e+08 8.132250099182128906e+02 3.482000000000000000e+03 0.000000000000000000e+00
9.200000000000000000e+01 4.000000000000000000e+00 4.000000000000000000e+00 3.132022645977324843e+08 3.132022645977324843e+08 3.594907221422816515e+08 3.594907221422816515e+08 4.920230207443237305e+02 2.186000000000000000e+03 0.000000000000000000e+00
9.300000000000000000e+01 4.000000000000000000e+00 4.000000000000000000e+00 3.108506613173902035e+08 3.108506613173902035e+08 3.591579856472698450e+08 3.591579856472698450e+08 4.533617153167724609e+02 2.042000000000000000e+03 0.000000000000000000e+00
9.400000000000000000e+01 4.000000000000000000e+00 4.000000000000000000e+00 3.150345723002020717e+08 3.150345723002020717e+08 3.575192140110506415e+08 3.575192140110506415e+08 3.839797036647796631e+02 1.466000000000000000e+03 0.000000000000000000e+00
9.500000000000000000e+01 4.000000000000000000e+00 4.000000000000000000e+00 3.100782266951066256e+08 3.100782266951066256e+08 3.582374952093949318e+08 3.582374952093949318e+08 3.470838384628295898e+02 1.322000000000000000e+03 0.000000000000000000e+00
9.600000000000000000e+01 4.000000000000000000e+00 4.000000000000000000e+00 3.071946109751352668e+08 3.071946109751352668e+08 3.582909933447601199e+08 3.582909933447601199e+08 6.755904707908630371e+02 2.906000000000000000e+03 0.000000000000000000e+00
9.700000000000000000e+01 4.000000000000000000e+00 4.000000000000000000e+00 3.033370051982210279e+08 3.033370051982210279e+08 3.591383712849640846e+08 3.591383712849640846e+08 1.604427612781524658e+03 6.218000000000000000e+03 0.000000000000000000e+00
9.800000000000000000e+01 4.000000000000000000e+00 4.000000000000000000e+00 3.188315685795956254e+08 3.188315685795956254e+08 3.566633217259767652e+08 3.566633217259767652e+08 4.537501173019409180e+02 1.754000000000000000e+03 0.000000000000000000e+00
9.900000000000000000e+01 4.000000000000000000e+00 4.000000000000000000e+00 3.197164452317230701e+08 3.197164452317230701e+08 3.583868834406892657e+08 3.583868834406892657e+08 8.764680321216583252e+02 3.338000000000000000e+03 0.000000000000000000e+00
1.000000000000000000e+02 4.000000000000000000e+00 4.000000000000000000e+00 3.049076458928186297e+08 3.049076458928186297e+08 3.596999608518787622e+08 3.596999608518787622e+08 5.325278785228729248e+02 2.042000000000000000e+03 0.000000000000000000e+00
1.010000000000000000e+02 4.000000000000000000e+00 4.000000000000000000e+00 3.117630573549885750e+08 3.117630573549885750e+08 3.593313810049084425e+08 3.593313810049084425e+08 9.074308724403381348e+02 3.482000000000000000e+03 0.000000000000000000e+00
1.020000000000000000e+02 4.000000000000000000e+00 4.000000000000000000e+00 3.206994085403031707e+08 3.206994085403031707e+08 3.611729483812390566e+08 3.611729483812390566e+08 9.525599119663238525e+02 3.770000000000000000e+03 0.000000000000000000e+00
1.030000000000000000e+02 4.000000000000000000e+00 4.000000000000000000e+00 3.220558643251119256e+08 3.220558643251119256e+08 3.584624528412259817e+08 3.584624528412259817e+08 7.228205211162567139e+02 2.906000000000000000e+03 0.000000000000000000e+00
1.040000000000000000e+02 4.000000000000000000e+00 4.000000000000000000e+00 3.174757111131312847e+08 3.174757111131312847e+08 3.581578739465144873e+08 3.581578739465144873e+08 4.058700890541076660e+02 1.610000000000000000e+03 0.000000000000000000e+00
1.050000000000000000e+02 4.000000000000000000e+00 4.000000000000000000e+00 3.134888478644679785e+08 3.134888478644679785e+08 3.594592372068377137e+08 3.594592372068377137e+08 5.071317451000213623e+02 2.042000000000000000e+03 0.000000000000000000e+00
1.060000000000000000e+02 4.000000000000000000e+00 4.000000000000000000e+00 3.110165152475609779e+08 3.110165152475609779e+08 3.582592923547018766e+08 3.582592923547018766e+08 5.529512937068939209e+02 2.186000000000000000e+03 0.000000000000000000e+00
1.070000000000000000e+02 4.000000000000000000e+00 4.000000000000000000e+00 3.141788516307621598e+08 3.141788516307621598e+08 3.569160732732623816e+08 3.569160732732623816e+08 8.220215351581573486e+02 3.194000000000000000e+03 0.000000000000000000e+00
1.080000000000000000e+02 4.000000000000000000e+00 4.000000000000000000e+00 3.169172018064990640e+08 3.169172018064990640e+08 3.579288918626458645e+08 3.579288918626458645e+08 4.935764377117156982e+02 1.898000000000000000e+03 0.000000000000000000e+00
1.090000000000000000e+02 4.000000000000000000e+00 4.000000000000000000e+00 3.182381370630302429e+08 3.182381370630302429e+08 3.604002772693484426e+08 3.604002772693484426e+08 6.158747403621673584e+02 2.330000000000000000e+03 0.000000000000000000e+00
1.100000000000000000e+02 4.000000000000000000e+00 4.000000000000000000e+00 3.053098982400127053e+08 3.053098982400127053e+08 3.537751189407256842e+08 3.537751189407256842e+08 6.331546289920806885e+02 2.330000000000000000e+03 0.000000000000000000e+00
1.110000000000000000e+02 4.000000000000000000e+00 4.000000000000000000e+00 3.153641915789868236e+08 3.153641915789868236e+08 3.585048121751570106e+08 3.585048121751570106e+08 4.986564843654632568e+02 1.898000000000000000e+03 0.000000000000000000e+00
1.120000000000000000e+02 4.000000000000000000e+00 4.000000000000000000e+00 3.187049794601206183e+08 3.187049794601206183e+08 3.568958713413374424e+08 3.568958713413374424e+08 5.697427854537963867e+02 2.186000000000000000e+03 0.000000000000000000e+00
1.130000000000000000e+02 4.000000000000000000e+00 4.000000000000000000e+00 3.016043450257216692e+08 3.016043450257216692e+08 3.561812625269573927e+08 3.561812625269573927e+08 5.330375254154205322e+02 2.042000000000000000e+03 0.000000000000000000e+00
1.140000000000000000e+02 4.000000000000000000e+00 4.000000000000000000e+00 3.167012876775150299e+08 3.167012876775150299e+08 3.589979676642138958e+08 3.589979676642138958e+08 4.521689343452453613e+02 2.042000000000000000e+03 0.000000000000000000e+00
1.150000000000000000e+02 4.000000000000000000e+00 4.000000000000000000e+00 3.208170720501403809e+08 3.208170720501403809e+08 3.578621395786555409e+08 3.578621395786555409e+08 5.708006510734558105e+02 2.474000000000000000e+03 0.000000000000000000e+00
1.160000000000000000e+02 4.000000000000000000e+00 4.000000000000000000e+00 3.140522619451512694e+08 3.140522619451512694e+08 3.582725385939118266e+08 3.582725385939118266e+08 4.006448476314544678e+02 1.754000000000000000e+03 0.000000000000000000e+00
1.170000000000000000e+02 4.000000000000000000e+00 4.000000000000000000e+00 3.207029109258197546e+08 3.207029109258197546e+08 3.583960924877147675e+08 3.583960924877147675e+08 4.595131168365478516e+02 2.042000000000000000e+03 0.000000000000000000e+00
1.180000000000000000e+02 4.000000000000000000e+00 4.000000000000000000e+00 3.152904926453047991e+08 3.152904926453047991e+08 3.574009116690086722e+08 3.574009116690086722e+08 3.249313178062438965e+02 1.466000000000000000e+03 0.000000000000000000e+00
1.190000000000000000e+02 4.000000000000000000e+00 4.000000000000000000e+00 3.199342340508784056e+08 3.199342340508784056e+08 3.592444639970223904e+08 3.592444639970223904e+08 4.839785292148590088e+02 2.186000000000000000e+03 0.000000000000000000e+00
1.200000000000000000e+02 4.000000000000000000e+00 4.000000000000000000e+00 3.201979394223266244e+08 3.201979394223266244e+08 3.571362539008580446e+08 3.571362539008580446e+08 3.938619318008422852e+02 1.754000000000000000e+03 0.000000000000000000e+00
1.210000000000000000e+02 4.000000000000000000e+00 4.000000000000000000e+00 3.160813028237782121e+08 3.160813028237782121e+08 3.587266810331673026e+08 3.587266810331673026e+08 3.631167261600494385e+02 1.610000000000000000e+03 0.000000000000000000e+00
1.220000000000000000e+02 4.000000000000000000e+00 4.000000000000000000e+00 3.169345748426129818e+08 3.169345748426129818e+08 3.579775366898178458e+08 3.579775366898178458e+08 3.812270028591156006e+02 1.466000000000000000e+03 0.000000000000000000e+00
1.230000000000000000e+02 4.000000000000000000e+00 4.000000000000000000e+00 3.189281825031459332e+08 3.189281825031459332e+08 3.574054970687224269e+08 3.574054970687224269e+08 4.657236759662628174e+02 1.754000000000000000e+03 0.000000000000000000e+00
1.240000000000000000e+02 4.000000000000000000e+00 4.000000000000000000e+00 3.122563551939585805e+08 3.122563551939585805e+08 3.574987985048006773e+08 3.574987985048006773e+08 4.908615143299102783e+02 1.898000000000000000e+03 0.000000000000000000e+00
1.250000000000000000e+02 4.000000000000000000e+00 4.000000000000000000e+00 3.152790723562753201e+08 3.152790723562753201e+08 3.595650422417559624e+08 3.595650422417559624e+08 4.588043034076690674e+02 2.042000000000000000e+03 0.000000000000000000e+00
1.260000000000000000e+02 4.000000000000000000e+00 4.000000000000000000e+00 3.231837943341990113e+08 3.231837943341990113e+08 3.580775233331102729e+08 3.580775233331102729e+08 4.613314590454101562e+02 1.466000000000000000e+03 0.000000000000000000e+00
1.270000000000000000e+02 4.000000000000000000e+00 4.000000000000000000e+00 3.221932429402824640e+08 3.221932429402824640e+08 3.576669872404124737e+08 3.576669872404124737e+08 3.919364902973175049e+02 1.754000000000000000e+03 0.000000000000000000e+00
1.280000000000000000e+02 4.000000000000000000e+00 4.000000000000000000e+00 3.138514133781986237e+08 3.138514133781986237e+08 3.594027546061938405e+08 3.594027546061938405e+08 6.092017018795013428e+02 2.762000000000000000e+03 0.000000000000000000e+00
1.290000000000000000e+02 4.000000000000000000e+00 4.000000000000000000e+00 3.099800605027360916e+08 3.099800605027360916e+08 3.589300927446678281e+08 3.589300927446678281e+08 8.236012451648712158e+02 3.770000000000000000e+03 0.000000000000000000e+00
1.300000000000000000e+02 4.000000000000000000e+00 4.000000000000000000e+00 3.097356281297315359e+08 3.097356281297315359e+08 3.557274315340619683e+08 3.557274315340619683e+08 3.867442128658294678e+02 1.754000000000000000e+03 0.000000000000000000e+00
1.310000000000000000e+02 4.000000000000000000e+00 4.000000000000000000e+00 3.162058253864477277e+08 3.162058253864477277e+08 3.585181395355213284e+08 3.585181395355213284e+08 3.240612990856170654e+02 1.466000000000000000e+03 0.000000000000000000e+00
1.320000000000000000e+02 4.000000000000000000e+00 4.000000000000000000e+00 3.098209564402788877e+08 3.098209564402788877e+08 3.576454431768688560e+08 3.576454431768688560e+08 3.931687347888946533e+02 1.754000000000000000e+03 0.000000000000000000e+00
1.330000000000000000e+02 4.000000000000000000e+00 4.000000000000000000e+00 3.132434882451645136e+08 3.132434882451645136e+08 3.610089506225289702e+08 3.610089506225289702e+08 4.279308135509490967e+02 1.754000000000000000e+03 0.000000000000000000e+00
1.340000000000000000e+02 4.000000000000000000e+00 4.000000000000000000e+00 3.212815909984102845e+08 3.212815909984102845e+08 3.588732285649585724e+08 3.588732285649585724e+08 4.820946335792541504e+02 1.898000000000000000e+03 0.000000000000000000e+00
1.350000000000000000e+02 4.000000000000000000e+00 4.000000000000000000e+00 3.166675799112203121e+08 3.166675799112203121e+08 3.588963852710986733e+08 3.588963852710986733e+08 5.029678275585174561e+02 2.042000000000000000e+03 0.000000000000000000e+00
1.360000000000000000e+02 4.000000000000000000e+00 4.000000000000000000e+00 3.184852141248188019e+08 3.184852141248188019e+08 3.571780633232914209e+08 3.571780633232914209e+08 4.272715573310852051e+02 1.754000000000000000e+03 0.000000000000000000e+00
1.370000000000000000e+02 4.000000000000000000e+00 4.000000000000000000e+00 3.017060967720510960e+08 3.017060967720510960e+08 3.608808275929842591e+08 3.608808275929842591e+08 6.320791187286376953e+02 2.474000000000000000e+03 0.000000000000000000e+00
1.380000000000000000e+02 4.000000000000000000e+00 4.000000000000000000e+00 3.078382649826506376e+08 3.078382649826506376e+08 3.598655115253556967e+08 3.598655115253556967e+08 6.252310938835144043e+02 2.474000000000000000e+03 0.000000000000000000e+00
1.390000000000000000e+02 4.000000000000000000e+00 4.000000000000000000e+00 3.173860154631752968e+08 3.173860154631752968e+08 3.595857382837404609e+08 3.595857382837404609e+08 9.872998144626617432e+02 3.626000000000000000e+03 0.000000000000000000e+00
1.400000000000000000e+02 4.000000000000000000e+00 4.000000000000000000e+00 3.211374871152583361e+08 3.211374871152583361e+08 3.570181623668365479e+08 3.570181623668365479e+08 4.266553962230682373e+02 1.610000000000000000e+03 0.000000000000000000e+00
1.410000000000000000e+02 4.000000000000000000e+00 4.000000000000000000e+00 3.049195658745483160e+08 3.049195658745483160e+08 3.582118815829757452e+08 3.582118815829757452e+08 5.870602941513061523e+02 2.330000000000000000e+03 0.000000000000000000e+00
1.420000000000000000e+02 4.000000000000000000e+00 4.000000000000000000e+00 3.190672614434636831e+08 3.190672614434636831e+08 3.582691914605125785e+08 3.582691914605125785e+08 4.477055795192718506e+02 1.754000000000000000e+03 0.000000000000000000e+00
1.430000000000000000e+02 4.000000000000000000e+00 4.000000000000000000e+00 3.123743249217153788e+08 3.123743249217153788e+08 3.580415069927309155e+08 3.580415069927309155e+08 5.624930877685546875e+02 2.474000000000000000e+03 0.000000000000000000e+00
1.440000000000000000e+02 4.000000000000000000e+00 4.000000000000000000e+00 3.111085742757264376e+08 3.111085742757264376e+08 3.592016833508605957e+08 3.592016833508605957e+08 5.181789357662200928e+02 2.330000000000000000e+03 0.000000000000000000e+00
1.450000000000000000e+02 4.000000000000000000e+00 4.000000000000000000e+00 3.088016158539147973e+08 3.088016158539147973e+08 3.552167643813487887e+08 3.552167643813487887e+08 3.685605595111846924e+02 1.610000000000000000e+03 0.000000000000000000e+00
1.460000000000000000e+02 4.000000000000000000e+00 4.000000000000000000e+00 3.107653935985199213e+08 3.107653935985199213e+08 3.580683041286288500e+08 3.580683041286288500e+08 5.015564255714416504e+02 2.186000000000000000e+03 0.000000000000000000e+00
1.470000000000000000e+02 4.000000000000000000e+00 4.000000000000000000e+00 3.126939689763560295e+08 3.126939689763560295e+08 3.571877373560662270e+08 3.571877373560662270e+08 5.804258351325988770e+02 2.042000000000000000e+03 0.000000000000000000e+00
1.480000000000000000e+02 4.000000000000000000e+00 4.000000000000000000e+00 3.121555678242877722e+08 3.121555678242877722e+08 3.589694357658629417e+08 3.589694357658629417e+08 6.007507340908050537e+02 2.330000000000000000e+03 0.000000000000000000e+00
1.490000000000000000e+02 4.000000000000000000e+00 4.000000000000000000e+00 3.012448045816482902e+08 3.012448045816482902e+08 3.576024915884458423e+08 3.576024915884458423e+08 5.651699635982513428e+02 2.186000000000000000e+03 0.000000000000000000e+00
1.500000000000000000e+02 4.000000000000000000e+00 4.000000000000000000e+00 3.141814397816489339e+08 3.141814397816489339e+08 3.603766811173612475e+08 3.603766811173612475e+08 6.957338287830352783e+02 2.618000000000000000e+03 0.000000000000000000e+00
1.510000000000000000e+02 4.000000000000000000e+00 4.000000000000000000e+00 3.211964181438508630e+08 3.211964181438508630e+08 3.550926329244067073e+08 3.550926329244067073e+08 4.598746118545532227e+02 1.754000000000000000e+03 0.000000000000000000e+00
1.520000000000000000e+02 4.000000000000000000e+00 4.000000000000000000e+00 3.143950654898254275e+08 3.143950654898254275e+08 3.570337788238471746e+08 3.570337788238471746e+08 3.930016024112701416e+02 1.466000000000000000e+03 0.000000000000000000e+00
1.530000000000000000e+02 4.000000000000000000e+00 4.000000000000000000e+00 3.168314848337087631e+08 3.168314848337087631e+08 3.551057561485931277e+08 3.551057561485931277e+08 4.179165463447570801e+02 1.610000000000000000e+03 0.000000000000000000e+00
1.540000000000000000e+02 4.000000000000000000e+00 4.000000000000000000e+00 3.113722678922293186e+08 3.113722678922293186e+08 3.572787786898872256e+08 3.572787786898872256e+08 4.928709192276000977e+02 1.898000000000000000e+03 0.000000000000000000e+00
1.550000000000000000e+02 4.000000000000000000e+00 4.000000000000000000e+00 3.136237273072823882e+08 3.136237273072823882e+08 3.599910067295790315e+08 3.599910067295790315e+08 6.194691505432128906e+02 2.618000000000000000e+03 0.000000000000000000e+00
1.560000000000000000e+02 4.000000000000000000e+00 4.000000000000000000e+00 3.127980052714130282e+08 3.127980052714130282e+08 3.601571177037310600e+08 3.601571177037310600e+08 5.208931102752685547e+02 2.330000000000000000e+03 0.000000000000000000e+00
1.570000000000000000e+02 4.000000000000000000e+00 4.000000000000000000e+00 3.208825938530963659e+08 3.208825938530963659e+08 3.587693030191724300e+08 3.587693030191724300e+08 8.983683040142059326e+02 3.338000000000000000e+03 0.000000000000000000e+00
1.580000000000000000e+02 4.000000000000000000e+00 4.000000000000000000e+00 3.102278586118796468e+08 3.102278586118796468e+08 3.575740466139127016e+08 3.575740466139127016e+08 5.548497171401977539e+02 2.186000000000000000e+03 0.000000000000000000e+00
1.590000000000000000e+02 4.000000000000000000e+00 4.000000000000000000e+00 3.172354745054649711e+08 3.172354745054649711e+08 3.590565660065230131e+08 3.590565660065230131e+08 6.308989465236663818e+02 2.474000000000000000e+03 0.000000000000000000e+00
1.600000000000000000e+02 4.000000000000000000e+00 4.000000000000000000e+00 3.195479948527706265e+08 3.195479948527706265e+08 3.591044415846604705e+08 3.591044415846604705e+08 3.034468677043914795e+02 1.322000000000000000e+03 0.000000000000000000e+00
1.610000000000000000e+02 4.000000000000000000e+00 4.000000000000000000e+00 3.212085231409868598e+08 3.212085231409868598e+08 3.591324213857015371e+08 3.591324213857015371e+08 4.393117825984954834e+02 1.754000000000000000e+03 0.000000000000000000e+00
1.620000000000000000e+02 4.000000000000000000e+00 4.000000000000000000e+00 3.195316805779281259e+08 3.195316805779281259e+08 3.580975578413161039e+08 3.580975578413161039e+08 3.823877770900726318e+02 1.754000000000000000e+03 0.000000000000000000e+00
1.630000000000000000e+02 4.000000000000000000e+00 4.000000000000000000e+00 3.131231278160481453e+08 3.131231278160481453e+08 3.591247386277468801e+08 3.591247386277468801e+08 5.099878385066986084e+02 2.330000000000000000e+03 0.000000000000000000e+00
1.640000000000000000e+02 4.000000000000000000e+00 4.000000000000000000e+00 3.128300389050977230e+08 3.128300389050977230e+08 3.570773913568077087e+08 3.570773913568077087e+08 4.461437852382659912e+02 2.042000000000000000e+03 0.000000000000000000e+00
1.650000000000000000e+02 4.000000000000000000e+00 4.000000000000000000e+00 3.184488982789957523e+08 3.184488982789957523e+08 3.586274394212313890e+08 3.586274394212313890e+08 4.201484916210174561e+02 1.898000000000000000e+03 0.000000000000000000e+00
1.660000000000000000e+02 4.000000000000000000e+00 4.000000000000000000e+00 3.168547416288966537e+08 3.168547416288966537e+08 3.573030416433005929e+08 3.573030416433005929e+08 6.322319798469543457e+02 2.906000000000000000e+03 0.000000000000000000e+00
1.670000000000000000e+02 4.000000000000000000e+00 4.000000000000000000e+00 3.088670156272828579e+08 3.088670156272828579e+08 3.569747589507849813e+08 3.569747589507849813e+08 3.837468032836914062e+02 1.754000000000000000e+03 0.000000000000000000e+00
1.680000000000000000e+02 4.000000000000000000e+00 4.000000000000000000e+00 3.105755840996559858e+08 3.105755840996559858e+08 3.564391673271406293e+08 3.564391673271406293e+08 3.842783560752868652e+02 1.754000000000000000e+03 0.000000000000000000e+00
1.690000000000000000e+02 4.000000000000000000e+00 4.000000000000000000e+00 3.126698098462025523e+08 3.126698098462025523e+08 3.563389177926235795e+08 3.563389177926235795e+08 4.980082418918609619e+02 2.186000000000000000e+03 0.000000000000000000e+00
1.700000000000000000e+02 4.000000000000000000e+00 4.000000000000000000e+00 3.164873372370264530e+08 3.164873372370264530e+08 3.590859709128708243e+08 3.590859709128708243e+08 5.226983067989349365e+02 2.330000000000000000e+03 0.000000000000000000e+00
1.710000000000000000e+02 4.000000000000000000e+00 4.000000000000000000e+00 3.150515909085894823e+08 3.150515909085894823e+08 3.580451065604224801e+08 3.580451065604224801e+08 3.151752429008483887e+02 1.178000000000000000e+03 0.000000000000000000e+00
1.720000000000000000e+02 4.000000000000000000e+00 4.000000000000000000e+00 3.123526569306471944e+08 3.123526569306471944e+08 3.555121768615000844e+08 3.555121768615000844e+08 9.200851769447326660e+02 3.482000000000000000e+03 0.000000000000000000e+00
1.730000000000000000e+02 4.000000000000000000e+00 4.000000000000000000e+00 3.231256238974078894e+08 3.231256238974078894e+08 3.582229899408574700e+08 3.582229899408574700e+08 5.581891493797302246e+02 2.474000000000000000e+03 0.000000000000000000e+00
1.740000000000000000e+02 4.000000000000000000e+00 4.000000000000000000e+00 3.163775498277239799e+08 3.163775498277239799e+08 3.588755933547378778e+08 3.588755933547378778e+08 4.427778894901275635e+02 2.042000000000000000e+03 0.000000000000000000e+00
1.750000000000000000e+02 4.000000000000000000e+00 4.000000000000000000e+00 3.218550079786629081e+08 3.218550079786629081e+08 3.559514277654702663e+08 3.559514277654702663e+08 4.055009639263153076e+02 1.610000000000000000e+03 0.000000000000000000e+00
1.760000000000000000e+02 4.000000000000000000e+00 4.000000000000000000e+00 3.116532568917184472e+08 3.116532568917184472e+08 3.569380422365582585e+08 3.569380422365582585e+08 6.587830023765563965e+02 2.618000000000000000e+03 0.000000000000000000e+00
1.770000000000000000e+02 4.000000000000000000e+00 4.000000000000000000e+00 3.146027878337982893e+08 3.146027878337982893e+08 3.583696392844657302e+08 3.583696392844657302e+08 6.533479409217834473e+02 2.618000000000000000e+03 0.000000000000000000e+00
1.780000000000000000e+02 4.000000000000000000e+00 4.000000000000000000e+00 3.157318151509305239e+08 3.157318151509305239e+08 3.589065026541963220e+08 3.589065026541963220e+08 5.522902238368988037e+02 2.186000000000000000e+03 0.000000000000000000e+00
1.790000000000000000e+02 4.000000000000000000e+00 4.000000000000000000e+00 3.090226719208407402e+08 3.090226719208407402e+08 3.548637366089046001e+08 3.548637366089046001e+08 5.573109805583953857e+02 2.186000000000000000e+03 0.000000000000000000e+00
1.800000000000000000e+02 4.000000000000000000e+00 4.000000000000000000e+00 3.084509603730648160e+08 3.084509603730648160e+08 3.556993826338690519e+08 3.556993826338690519e+08 3.360981056690216064e+02 1.322000000000000000e+03 0.000000000000000000e+00
1.810000000000000000e+02 4.000000000000000000e+00 4.000000000000000000e+00 3.117477766147029400e+08 3.117477766147029400e+08 3.580003434477288723e+08 3.580003434477288723e+08 5.391476171016693115e+02 2.186000000000000000e+03 0.000000000000000000e+00
1.820000000000000000e+02 4.000000000000000000e+00 4.000000000000000000e+00 3.247329876461030245e+08 3.247329876461030245e+08 3.578871678927677870e+08 3.578871678927677870e+08 3.670360503196716309e+02 1.466000000000000000e+03 0.000000000000000000e+00
1.830000000000000000e+02 4.000000000000000000e+00 4.000000000000000000e+00 3.181782740565677881e+08 3.181782740565677881e+08 3.594592268469190598e+08 3.594592268469190598e+08 4.650640203952789307e+02 1.898000000000000000e+03 0.000000000000000000e+00
1.840000000000000000e+02 4.000000000000000000e+00 4.000000000000000000e+00 3.238818500799863935e+08 3.238818500799863935e+08 3.571189144820312262e+08 3.571189144820312262e+08 5.982798359394073486e+02 2.474000000000000000e+03 0.000000000000000000e+00
1.850000000000000000e+02 4.000000000000000000e+00 4.000000000000000000e+00 3.259772920385921597e+08 3.259772920385921597e+08 3.588904588923771977e+08 3.588904588923771977e+08 4.654627826213836670e+02 1.898000000000000000e+03 0.000000000000000000e+00
1.860000000000000000e+02 4.000000000000000000e+00 4.000000000000000000e+00 3.177685074620145559e+08 3.177685074620145559e+08 3.574611755195344687e+08 3.574611755195344687e+08 3.705418317317962646e+02 1.466000000000000000e+03 0.000000000000000000e+00
1.870000000000000000e+02 4.000000000000000000e+00 4.000000000000000000e+00 3.123338386807325482e+08 3.123338386807325482e+08 3.571689447653031945e+08 3.571689447653031945e+08 4.779881775379180908e+02 1.898000000000000000e+03 0.000000000000000000e+00
1.880000000000000000e+02 4.000000000000000000e+00 4.000000000000000000e+00 3.180692996935832500e+08 3.180692996935832500e+08 3.577060923161998391e+08 3.577060923161998391e+08 4.316197392940521240e+02 1.754000000000000000e+03 0.000000000000000000e+00
1.890000000000000000e+02 4.000000000000000000e+00 4.000000000000000000e+00 3.185164003187122345e+08 3.185164003187122345e+08 3.556571857725311518e+08 3.556571857725311518e+08 6.912004885673522949e+02 2.906000000000000000e+03 0.000000000000000000e+00
1.900000000000000000e+02 4.000000000000000000e+00 4.000000000000000000e+00 3.189991736582489014e+08 3.189991736582489014e+08 3.579153798211387992e+08 3.579153798211387992e+08 9.265053656101226807e+02 2.762000000000000000e+03 0.000000000000000000e+00
1.910000000000000000e+02 4.000000000000000000e+00 4.000000000000000000e+00 3.236978451532435417e+08 3.236978451532435417e+08 3.558879338646698594e+08 3.558879338646698594e+08 5.220048050880432129e+02 1.466000000000000000e+03 0.000000000000000000e+00
1.920000000000000000e+02 4.000000000000000000e+00 4.000000000000000000e+00 3.104493968075758815e+08 3.104493968075758815e+08 3.580577607534261346e+08 3.580577607534261346e+08 5.984621672630310059e+02 1.754000000000000000e+03 0.000000000000000000e+00
1.930000000000000000e+02 4.000000000000000000e+00 4.000000000000000000e+00 3.152296534866964817e+08 3.152296534866964817e+08 3.598326016121231914e+08 3.598326016121231914e+08 5.514282839298248291e+02 1.610000000000000000e+03 0.000000000000000000e+00
1.940000000000000000e+02 4.000000000000000000e+00 4.000000000000000000e+00 3.195792271646476984e+08 3.195792271646476984e+08 3.578711731283323765e+08 3.578711731283323765e+08 5.547598855495452881e+02 1.610000000000000000e+03 0.000000000000000000e+00
1.950000000000000000e+02 4.000000000000000000e+00 4.000000000000000000e+00 3.163622029853210449e+08 3.163622029853210449e+08 3.604529330706011653e+08 3.604529330706011653e+08 1.359068573474884033e+03 4.058000000000000000e+03 0.000000000000000000e+00
1.960000000000000000e+02 4.000000000000000000e+00 4.000000000000000000e+00 3.244016397894502282e+08 3.244016397894502282e+08 3.583581866368733644e+08 3.583581866368733644e+08 5.616346871852874756e+02 1.610000000000000000e+03 0.000000000000000000e+00
1.970000000000000000e+02 4.000000000000000000e+00 4.000000000000000000e+00 3.111955535977672338e+08 3.111955535977672338e+08 3.571816261198529005e+08 3.571816261198529005e+08 9.034123270511627197e+02 2.618000000000000000e+03 0.000000000000000000e+00
1.980000000000000000e+02 4.000000000000000000e+00 4.000000000000000000e+00 3.214739218634472489e+08 3.214739218634472489e+08 3.560174483084084392e+08 3.560174483084084392e+08 4.903547208309173584e+02 1.322000000000000000e+03 0.000000000000000000e+00
1.990000000000000000e+02 4.000000000000000000e+00 4.000000000000000000e+00 3.142669165089517236e+08 3.142669165089517236e+08 3.577792838463056684e+08 3.577792838463056684e+08 5.924761159420013428e+02 1.610000000000000000e+03 0.000000000000000000e+00
