# x (m), y (m), v (m/s) for the jensen TopHat model
2.400000000000000000e+02 -1.600000000000000000e+02 8.000000000000000000e+00
2.400000000000000000e+02 -1.596796796796796798e+02 8.000000000000000000e+00
2.400000000000000000e+02 -1.593593593593593596e+02 8.000000000000000000e+00
2.400000000000000000e+02 -1.590390390390390394e+02 8.000000000000000000e+00
2.400000000000000000e+02 -1.587187187187187192e+02 8.000000000000000000e+00
2.400000000000000000e+02 -1.583983983983983990e+02 8.000000000000000000e+00
2.400000000000000000e+02 -1.580780780780780788e+02 8.000000000000000000e+00
2.400000000000000000e+02 -1.577577577577577586e+02 8.000000000000000000e+00
2.400000000000000000e+02 -1.574374374374374383e+02 8.000000000000000000e+00
2.400000000000000000e+02 -1.571171171171171181e+02 8.000000000000000000e+00
2.400000000000000000e+02 -1.567967967967967979e+02 8.000000000000000000e+00
2.400000000000000000e+02 -1.564764764764764777e+02 8.000000000000000000e+00
2.400000000000000000e+02 -1.561561561561561575e+02 8.000000000000000000e+00
2.400000000000000000e+02 -1.558358358358358373e+02 8.000000000000000000e+00
2.400000000000000000e+02 -1.555155155155155171e+02 8.000000000000000000e+00
2.400000000000000000e+02 -1.551951951951951969e+02 8.000000000000000000e+00
2.400000000000000000e+02 -1.548748748748748767e+02 8.000000000000000000e+00
2.400000000000000000e+02 -1.545545545545545565e+02 8.000000000000000000e+00
2.400000000000000000e+02 -1.542342342342342363e+02 8.000000000000000000e+00
2.400000000000000000e+02 -1.539139139139139161e+02 8.000000000000000000e+00
2.400000000000000000e+02 -1.535935935935935959e+02 8.000000000000000000e+00
2.400000000000000000e+02 -1.532732732732732757e+02 8.000000000000000000e+00
2.400000000000000000e+02 -1.529529529529529555e+02 8.000000000000000000e+00
2.400000000000000000e+02 -1.526326326326326353e+02 8.000000000000000000e+00
2.400000000000000000e+02 -1.523123123123123150e+02 8.000000000000000000e+00
2.400000000000000000e+02 -1.519919919919919948e+02 8.000000000000000000e+00
2.400000000000000000e+02 -1.516716716716716746e+02 8.000000000000000000e+00
2.400000000000000000e+02 -1.513513513513513544e+02 8.000000000000000000e+00
2.400000000000000000e+02 -1.510310310310310342e+02 8.000000000000000000e+00
2.400000000000000000e+02 -1.507107107107107140e+02 8.000000000000000000e+00
2.400000000000000000e+02 -1.503903903903903938e+02 8.000000000000000000e+00
2.400000000000000000e+02 -1.500700700700700736e+02 8.000000000000000000e+00
2.400000000000000000e+02 -1.497497497497497534e+02 8.000000000000000000e+00
2.400000000000000000e+02 -1.494294294294294332e+02 8.000000000000000000e+00
2.400000000000000000e+02 -1.491091091091091130e+02 8.000000000000000000e+00
2.400000000000000000e+02 -1.487887887887887928e+02 8.000000000000000000e+00
2.400000000000000000e+02 -1.484684684684684726e+02 8.000000000000000000e+00
2.400000000000000000e+02 -1.481481481481481524e+02 8.000000000000000000e+00
2.400000000000000000e+02 -1.478278278278278322e+02 8.000000000000000000e+00
2.400000000000000000e+02 -1.475075075075075119e+02 8.000000000000000000e+00
2.400000000000000000e+02 -1.471871871871871917e+02 8.000000000000000000e+00
2.400000000000000000e+02 -1.468668668668668715e+02 8.000000000000000000e+00
2.400000000000000000e+02 -1.465465465465465513e+02 8.000000000000000000e+00
2.400000000000000000e+02 -1.462262262262262311e+02 8.000000000000000000e+00
2.400000000000000000e+02 -1.459059059059059109e+02 8.000000000000000000e+00
2.400000000000000000e+02 -1.455855855855855907e+02 8.000000000000000000e+00
2.400000000000000000e+02 -1.452652652652652705e+02 8.000000000000000000e+00
2.400000000000000000e+02 -1.449449449449449503e+02 8.000000000000000000e+00
2.400000000000000000e+02 -1.446246246246246301e+02 8.000000000000000000e+00
2.400000000000000000e+02 -1.443043043043043099e+02 8.000000000000000000e+00
2.400000000000000000e+02 -1.439839839839839897e+02 8.000000000000000000e+00
2.400000000000000000e+02 -1.436636636636636695e+02 8.000000000000000000e+00
2.400000000000000000e+02 -1.433433433433433493e+02 8.000000000000000000e+00
2.400000000000000000e+02 -1.430230230230230291e+02 8.000000000000000000e+00
2.400000000000000000e+02 -1.427027027027027088e+02 8.000000000000000000e+00
2.400000000000000000e+02 -1.423823823823823886e+02 8.000000000000000000e+00
2.400000000000000000e+02 -1.420620620620620684e+02 8.000000000000000000e+00
2.400000000000000000e+02 -1.417417417417417482e+02 8.000000000000000000e+00
2.400000000000000000e+02 -1.414214214214214280e+02 8.000000000000000000e+00
2.400000000000000000e+02 -1.411011011011011078e+02 8.000000000000000000e+00
2.400000000000000000e+02 -1.407807807807807876e+02 8.000000000000000000e+00
2.400000000000000000e+02 -1.404604604604604674e+02 8.000000000000000000e+00
2.400000000000000000e+02 -1.401401401401401472e+02 8.000000000000000000e+00
2.400000000000000000e+02 -1.398198198198198270e+02 8.000000000000000000e+00
2.400000000000000000e+02 -1.394994994994995068e+02 8.000000000000000000e+00
2.400000000000000000e+02 -1.391791791791791866e+02 8.000000000000000000e+00
2.400000000000000000e+02 -1.388588588588588664e+02 8.000000000000000000e+00
2.400000000000000000e+02 -1.385385385385385462e+02 8.000000000000000000e+00
2.400000000000000000e+02 -1.382182182182182260e+02 8.000000000000000000e+00
2.400000000000000000e+02 -1.378978978978979058e+02 8.000000000000000000e+00
2.400000000000000000e+02 -1.375775775775775855e+02 8.000000000000000000e+00
2.400000000000000000e+02 -1.372572572572572653e+02 8.000000000000000000e+00
2.400000000000000000e+02 -1.369369369369369451e+02 8.000000000000000000e+00
2.400000000000000000e+02 -1.366166166166166249e+02 8.000000000000000000e+00
2.400000000000000000e+02 -1.362962962962963047e+02 8.000000000000000000e+00
2.400000000000000000e+02 -1.359759759759759845e+02 8.000000000000000000e+00
2.400000000000000000e+02 -1.356556556556556643e+02 8.000000000000000000e+00
2.400000000000000000e+02 -1.353353353353353441e+02 8.000000000000000000e+00
2.400000000000000000e+02 -1.350150150150150239e+02 8.000000000000000000e+00
2.400000000000000000e+02 -1.346946946946947037e+02 8.000000000000000000e+00
2.400000000000000000e+02 -1.343743743743743835e+02 8.000000000000000000e+00
2.400000000000000000e+02 -1.340540540540540633e+02 8.000000000000000000e+00
2.400000000000000000e+02 -1.337337337337337431e+02 8.000000000000000000e+00
2.400000000000000000e+02 -1.334134134134134229e+02 8.000000000000000000e+00
2.400000000000000000e+02 -1.330930930930931027e+02 8.000000000000000000e+00
2.400000000000000000e+02 -1.327727727727727824e+02 8.000000000000000000e+00
2.400000000000000000e+02 -1.324524524524524622e+02 8.000000000000000000e+00
2.400000000000000000e+02 -1.321321321321321420e+02 8.000000000000000000e+00
2.400000000000000000e+02 -1.318118118118118218e+02 8.000000000000000000e+00
2.400000000000000000e+02 -1.314914914914915016e+02 8.000000000000000000e+00
2.400000000000000000e+02 -1.311711711711711814e+02 8.000000000000000000e+00
2.400000000000000000e+02 -1.308508508508508612e+02 8.000000000000000000e+00
2.400000000000000000e+02 -1.305305305305305410e+02 8.000000000000000000e+00
2.400000000000000000e+02 -1.302102102102102208e+02 8.000000000000000000e+00
2.400000000000000000e+02 -1.298898898898899006e+02 8.000000000000000000e+00
2.400000000000000000e+02 -1.295695695695695804e+02 8.000000000000000000e+00
2.400000000000000000e+02 -1.292492492492492602e+02 8.000000000000000000e+00
2.400000000000000000e+02 -1.289289289289289400e+02 8.000000000000000000e+00
2.400000000000000000e+02 -1.286086086086086198e+02 8.000000000000000000e+00
2.400000000000000000e+02 -1.282882882882882996e+02 8.000000000000000000e+00
2.400000000000000000e+02 -1.279679679679679651e+02 8.000000000000000000e+00
2.400000000000000000e+02 -1.276476476476476449e+02 8.000000000000000000e+00
2.400000000000000000e+02 -1.273273273273273247e+02 8.000000000000000000e+00
2.400000000000000000e+02 -1.270070070070070045e+02 8.000000000000000000e+00
2.400000000000000000e+02 -1.266866866866866843e+02 8.000000000000000000e+00
2.400000000000000000e+02 -1.263663663663663641e+02 8.000000000000000000e+00
2.400000000000000000e+02 -1.260460460460460439e+02 8.000000000000000000e+00
2.400000000000000000e+02 -1.257257257257257237e+02 8.000000000000000000e+00
2.400000000000000000e+02 -1.254054054054054035e+02 8.000000000000000000e+00
2.400000000000000000e+02 -1.250850850850850833e+02 8.000000000000000000e+00
2.400000000000000000e+02 -1.247647647647647631e+02 8.000000000000000000e+00
2.400000000000000000e+02 -1.244444444444444429e+02 8.000000000000000000e+00
2.400000000000000000e+02 -1.241241241241241227e+02 8.000000000000000000e+00
2.400000000000000000e+02 -1.238038038038038025e+02 8.000000000000000000e+00
2.400000000000000000e+02 -1.234834834834834822e+02 8.000000000000000000e+00
2.400000000000000000e+02 -1.231631631631631620e+02 8.000000000000000000e+00
2.400000000000000000e+02 -1.228428428428428418e+02 8.000000000000000000e+00
2.400000000000000000e+02 -1.225225225225225216e+02 8.000000000000000000e+00
2.400000000000000000e+02 -1.222022022022022014e+02 8.000000000000000000e+00
2.400000000000000000e+02 -1.218818818818818812e+02 8.000000000000000000e+00
2.400000000000000000e+02 -1.215615615615615610e+02 8.000000000000000000e+00
2.400000000000000000e+02 -1.212412412412412408e+02 8.000000000000000000e+00
2.400000000000000000e+02 -1.209209209209209206e+02 8.000000000000000000e+00
2.400000000000000000e+02 -1.206006006006006004e+02 8.000000000000000000e+00
2.400000000000000000e+02 -1.202802802802802802e+02 8.000000000000000000e+00
2.400000000000000000e+02 -1.199599599599599600e+02 8.000000000000000000e+00
2.400000000000000000e+02 -1.196396396396396398e+02 8.000000000000000000e+00
2.400000000000000000e+02 -1.193193193193193196e+02 8.000000000000000000e+00
2.400000000000000000e+02 -1.189989989989989994e+02 8.000000000000000000e+00
2.400000000000000000e+02 -1.186786786786786791e+02 8.000000000000000000e+00
2.400000000000000000e+02 -1.183583583583583589e+02 8.000000000000000000e+00
2.400000000000000000e+02 -1.180380380380380387e+02 8.000000000000000000e+00
2.400000000000000000e+02 -1.177177177177177185e+02 8.000000000000000000e+00
2.400000000000000000e+02 -1.173973973973973983e+02 8.000000000000000000e+00
2.400000000000000000e+02 -1.170770770770770781e+02 8.000000000000000000e+00
2.400000000000000000e+02 -1.167567567567567579e+02 8.000000000000000000e+00
2.400000000000000000e+02 -1.164364364364364377e+02 8.000000000000000000e+00
2.400000000000000000e+02 -1.161161161161161175e+02 8.000000000000000000e+00
2.400000000000000000e+02 -1.157957957957957973e+02 8.000000000000000000e+00
2.400000000000000000e+02 -1.154754754754754771e+02 8.000000000000000000e+00
2.400000000000000000e+02 -1.151551551551551569e+02 8.000000000000000000e+00
2.400000000000000000e+02 -1.148348348348348367e+02 8.000000000000000000e+00
2.400000000000000000e+02 -1.145145145145145165e+02 8.000000000000000000e+00
2.400000000000000000e+02 -1.141941941941941963e+02 8.000000000000000000e+00
2.400000000000000000e+02 -1.138738738738738761e+02 8.000000000000000000e+00
2.400000000000000000e+02 -1.135535535535535558e+02 8.000000000000000000e+00
2.400000000000000000e+02 -1.132332332332332356e+02 8.000000000000000000e+00
2.400000000000000000e+02 -1.129129129129129154e+02 8.000000000000000000e+00
2.400000000000000000e+02 -1.125925925925925952e+02 8.000000000000000000e+00
2.400000000000000000e+02 -1.122722722722722750e+02 8.000000000000000000e+00
2.400000000000000000e+02 -1.119519519519519548e+02 8.000000000000000000e+00
2.400000000000000000e+02 -1.116316316316316346e+02 8.000000000000000000e+00
2.400000000000000000e+02 -1.113113113113113144e+02 8.000000000000000000e+00
2.400000000000000000e+02 -1.109909909909909942e+02 8.000000000000000000e+00
2.400000000000000000e+02 -1.106706706706706740e+02 8.000000000000000000e+00
2.400000000000000000e+02 -1.103503503503503538e+02 8.000000000000000000e+00
2.400000000000000000e+02 -1.100300300300300336e+02 8.000000000000000000e+00
2.400000000000000000e+02 -1.097097097097097134e+02 8.000000000000000000e+00
2.400000000000000000e+02 -1.093893893893893932e+02 8.000000000000000000e+00
2.400000000000000000e+02 -1.090690690690690730e+02 8.000000000000000000e+00
2.400000000000000000e+02 -1.087487487487487527e+02 8.000000000000000000e+00
2.400000000000000000e+02 -1.084284284284284183e+02 8.000000000000000000e+00
2.400000000000000000e+02 -1.081081081081080981e+02 8.000000000000000000e+00
2.400000000000000000e+02 -1.077877877877877779e+02 8.000000000000000000e+00
2.400000000000000000e+02 -1.074674674674674577e+02 8.000000000000000000e+00
2.400000000000000000e+02 -1.071471471471471375e+02 8.000000000000000000e+00
2.400000000000000000e+02 -1.068268268268268173e+02 8.000000000000000000e+00
2.400000000000000000e+02 -1.065065065065064971e+02 8.000000000000000000e+00
2.400000000000000000e+02 -1.061861861861861769e+02 8.000000000000000000e+00
2.400000000000000000e+02 -1.058658658658658567e+02 8.000000000000000000e+00
2.400000000000000000e+02 -1.055455455455455365e+02 8.000000000000000000e+00
2.400000000000000000e+02 -1.052252252252252163e+02 8.000000000000000000e+00
2.400000000000000000e+02 -1.049049049049048961e+02 8.000000000000000000e+00
2.400000000000000000e+02 -1.045845845845845759e+02 8.000000000000000000e+00
2.400000000000000000e+02 -1.042642642642642556e+02 8.000000000000000000e+00
2.400000000000000000e+02 -1.039439439439439354e+02 8.000000000000000000e+00
2.400000000000000000e+02 -1.036236236236236152e+02 8.000000000000000000e+00
2.400000000000000000e+02 -1.033033033033032950e+02 8.000000000000000000e+00
2.400000000000000000e+02 -1.029829829829829748e+02 8.000000000000000000e+00
2.400000000000000000e+02 -1.026626626626626546e+02 8.000000000000000000e+00
2.400000000000000000e+02 -1.023423423423423344e+02 8.000000000000000000e+00
2.400000000000000000e+02 -1.020220220220220142e+02 8.000000000000000000e+00
2.400000000000000000e+02 -1.017017017017016940e+02 8.000000000000000000e+00
2.400000000000000000e+02 -1.013813813813813738e+02 8.000000000000000000e+00
2.400000000000000000e+02 -1.010610610610610536e+02 8.000000000000000000e+00
2.400000000000000000e+02 -1.007407407407407334e+02 8.000000000000000000e+00
2.400000000000000000e+02 -1.004204204204204132e+02 8.000000000000000000e+00
2.400000000000000000e+02 -1.001001001001000930e+02 8.000000000000000000e+00
2.400000000000000000e+02 -9.977977977977977275e+01 8.000000000000000000e+00
2.400000000000000000e+02 -9.945945945945945255e+01 8.000000000000000000e+00
2.400000000000000000e+02 -9.913913913913913234e+01 8.000000000000000000e+00
2.400000000000000000e+02 -9.881881881881881213e+01 8.000000000000000000e+00
2.400000000000000000e+02 -9.849849849849849193e+01 8.000000000000000000e+00
2.400000000000000000e+02 -9.817817817817817172e+01 8.000000000000000000e+00
2.400000000000000000e+02 -9.785785785785785151e+01 8.000000000000000000e+00
2.400000000000000000e+02 -9.753753753753753131e+01 8.000000000000000000e+00
2.400000000000000000e+02 -9.721721721721721110e+01 8.000000000000000000e+00
2.400000000000000000e+02 -9.689689689689689089e+01 8.000000000000000000e+00
2.400000000000000000e+02 -9.657657657657657069e+01 8.000000000000000000e+00
2.400000000000000000e+02 -9.625625625625625048e+01 8.000000000000000000e+00
2.400000000000000000e+02 -9.593593593593593027e+01 8.000000000000000000e+00
2.400000000000000000e+02 -9.561561561561561007e+01 8.000000000000000000e+00
2.400000000000000000e+02 -9.529529529529528986e+01 8.000000000000000000e+00
2.400000000000000000e+02 -9.497497497497496965e+01 8.000000000000000000e+00
2.400000000000000000e+02 -9.465465465465464945e+01 8.000000000000000000e+00
2.400000000000000000e+02 -9.433433433433432924e+01 8.000000000000000000e+00
2.400000000000000000e+02 -9.401401401401400904e+01 8.000000000000000000e+00
2.400000000000000000e+02 -9.369369369369368883e+01 8.000000000000000000e+00
2.400000000000000000e+02 -9.337337337337336862e+01 8.000000000000000000e+00
2.400000000000000000e+02 -9.305305305305304842e+01 8.000000000000000000e+00
2.400000000000000000e+02 -9.273273273273272821e+01 8.000000000000000000e+00
2.400000000000000000e+02 -9.241241241241240800e+01 8.000000000000000000e+00
2.400000000000000000e+02 -9.209209209209208780e+01 8.000000000000000000e+00
2.400000000000000000e+02 -9.177177177177176759e+01 8.000000000000000000e+00
2.400000000000000000e+02 -9.145145145145144738e+01 8.000000000000000000e+00
2.400000000000000000e+02 -9.113113113113112718e+01 8.000000000000000000e+00
2.400000000000000000e+02 -9.081081081081080697e+01 8.000000000000000000e+00
2.400000000000000000e+02 -9.049049049049048676e+01 8.000000000000000000e+00
2.400000000000000000e+02 -9.017017017017016656e+01 8.000000000000000000e+00
2.400000000000000000e+02 -8.984984984984984635e+01 8.000000000000000000e+00
2.400000000000000000e+02 -8.952952952952952614e+01 8.000000000000000000e+00
2.400000000000000000e+02 -8.920920920920920594e+01 8.000000000000000000e+00
2.400000000000000000e+02 -8.888888888888888573e+01 8.000000000000000000e+00
2.400000000000000000e+02 -8.856856856856856552e+01 8.000000000000000000e+00
2.400000000000000000e+02 -8.824824824824824532e+01 8.000000000000000000e+00
2.400000000000000000e+02 -8.792792792792792511e+01 8.000000000000000000e+00
2.400000000000000000e+02 -8.760760760760760490e+01 8.000000000000000000e+00
2.400000000000000000e+02 -8.728728728728728470e+01 8.000000000000000000e+00
2.400000000000000000e+02 -8.696696696696696449e+01 8.000000000000000000e+00
2.400000000000000000e+02 -8.664664664664664429e+01 8.000000000000000000e+00
2.400000000000000000e+02 -8.632632632632632408e+01 8.000000000000000000e+00
2.400000000000000000e+02 -8.600600600600600387e+01 8.000000000000000000e+00
2.400000000000000000e+02 -8.568568568568568367e+01 8.000000000000000000e+00
2.400000000000000000e+02 -8.536536536536536346e+01 8.000000000000000000e+00
2.400000000000000000e+02 -8.504504504504504325e+01 8.000000000000000000e+00
2.400000000000000000e+02 -8.472472472472472305e+01 8.000000000000000000e+00
2.400000000000000000e+02 -8.440440440440440284e+01 8.000000000000000000e+00
2.400000000000000000e+02 -8.408408408408408263e+01 8.000000000000000000e+00
2.400000000000000000e+02 -8.376376376376376243e+01 8.000000000000000000e+00
2.400000000000000000e+02 -8.344344344344344222e+01 8.000000000000000000e+00
2.400000000000000000e+02 -8.312312312312312201e+01 8.000000000000000000e+00
2.400000000000000000e+02 -8.280280280280280181e+01 8.000000000000000000e+00
2.400000000000000000e+02 -8.248248248248248160e+01 8.000000000000000000e+00
2.400000000000000000e+02 -8.216216216216216139e+01 8.000000000000000000e+00
2.400000000000000000e+02 -8.184184184184184119e+01 8.000000000000000000e+00
2.400000000000000000e+02 -8.152152152152152098e+01 8.000000000000000000e+00
2.400000000000000000e+02 -8.120120120120120077e+01 8.000000000000000000e+00
2.400000000000000000e+02 -8.088088088088088057e+01 8.000000000000000000e+00
2.400000000000000000e+02 -8.056056056056056036e+01 8.000000000000000000e+00
2.400000000000000000e+02 -8.024024024024024015e+01 8.000000000000000000e+00
2.400000000000000000e+02 -7.991991991991991995e+01 8.000000000000000000e+00
2.400000000000000000e+02 -7.959959959959959974e+01 8.000000000000000000e+00
2.400000000000000000e+02 -7.927927927927927954e+01 8.000000000000000000e+00
2.400000000000000000e+02 -7.895895895895895933e+01 8.000000000000000000e+00
2.400000000000000000e+02 -7.863863863863863912e+01 8.000000000000000000e+00
2.400000000000000000e+02 -7.831831831831831892e+01 8.000000000000000000e+00
2.400000000000000000e+02 -7.799799799799799871e+01 8.000000000000000000e+00
2.400000000000000000e+02 -7.767767767767767850e+01 8.000000000000000000e+00
2.400000000000000000e+02 -7.735735735735735830e+01 8.000000000000000000e+00
2.400000000000000000e+02 -7.703703703703703809e+01 8.000000000000000000e+00
2.400000000000000000e+02 -7.671671671671671788e+01 8.000000000000000000e+00
2.400000000000000000e+02 -7.639639639639639768e+01 8.000000000000000000e+00
2.400000000000000000e+02 -7.607607607607607747e+01 8.000000000000000000e+00
2.400000000000000000e+02 -7.575575575575575726e+01 8.000000000000000000e+00
2.400000000000000000e+02 -7.543543543543543706e+01 8.000000000000000000e+00
2.400000000000000000e+02 -7.511511511511511685e+01 8.000000000000000000e+00
2.400000000000000000e+02 -7.479479479479479664e+01 8.000000000000000000e+00
2.400000000000000000e+02 -7.447447447447447644e+01 8.000000000000000000e+00
2.400000000000000000e+02 -7.415415415415415623e+01 8.000000000000000000e+00
2.400000000000000000e+02 -7.383383383383383602e+01 8.000000000000000000e+00
2.400000000000000000e+02 -7.351351351351351582e+01 8.000000000000000000e+00
2.400000000000000000e+02 -7.319319319319319561e+01 8.000000000000000000e+00
2.400000000000000000e+02 -7.287287287287287540e+01 8.000000000000000000e+00
2.400000000000000000e+02 -7.255255255255255520e+01 8.000000000000000000e+00
2.400000000000000000e+02 -7.223223223223223499e+01 8.000000000000000000e+00
2.400000000000000000e+02 -7.191191191191191479e+01 8.000000000000000000e+00
2.400000000000000000e+02 -7.159159159159159458e+01 8.000000000000000000e+00
2.400000000000000000e+02 -7.127127127127127437e+01 8.000000000000000000e+00
2.400000000000000000e+02 -7.095095095095095417e+01 8.000000000000000000e+00
2.400000000000000000e+02 -7.063063063063063396e+01 8.000000000000000000e+00
2.400000000000000000e+02 -7.031031031031031375e+01 8.000000000000000000e+00
2.400000000000000000e+02 -6.998998998998999355e+01 8.000000000000000000e+00
2.400000000000000000e+02 -6.966966966966967334e+01 8.000000000000000000e+00
2.400000000000000000e+02 -6.934934934934935313e+01 8.000000000000000000e+00
2.400000000000000000e+02 -6.902902902902903293e+01 8.000000000000000000e+00
2.400000000000000000e+02 -6.870870870870871272e+01 8.000000000000000000e+00
2.400000000000000000e+02 -6.838838838838839251e+01 8.000000000000000000e+00
2.400000000000000000e+02 -6.806806806806807231e+01 8.000000000000000000e+00
2.400000000000000000e+02 -6.774774774774775210e+01 8.000000000000000000e+00
2.400000000000000000e+02 -6.742742742742743189e+01 8.000000000000000000e+00
2.400000000000000000e+02 -6.710710710710711169e+01 8.000000000000000000e+00
2.400000000000000000e+02 -6.678678678678679148e+01 8.000000000000000000e+00
2.400000000000000000e+02 -6.646646646646647127e+01 8.000000000000000000e+00
2.400000000000000000e+02 -6.614614614614615107e+01 8.000000000000000000e+00
2.400000000000000000e+02 -6.582582582582583086e+01 8.000000000000000000e+00
2.400000000000000000e+02 -6.550550550550551065e+01 8.000000000000000000e+00
2.400000000000000000e+02 -6.518518518518519045e+01 8.000000000000000000e+00
2.400000000000000000e+02 -6.486486486486487024e+01 8.000000000000000000e+00
2.400000000000000000e+02 -6.454454454454455004e+01 8.000000000000000000e+00
2.400000000000000000e+02 -6.422422422422422983e+01 8.000000000000000000e+00
2.400000000000000000e+02 -6.390390390390390962e+01 8.000000000000000000e+00
2.400000000000000000e+02 -6.358358358358358942e+01 8.000000000000000000e+00
2.400000000000000000e+02 -6.326326326326326921e+01 8.000000000000000000e+00
2.400000000000000000e+02 -6.294294294294294900e+01 8.000000000000000000e+00
2.400000000000000000e+02 -6.262262262262262880e+01 8.000000000000000000e+00
2.400000000000000000e+02 -6.230230230230230859e+01 8.000000000000000000e+00
2.400000000000000000e+02 -6.198198198198198838e+01 8.000000000000000000e+00
2.400000000000000000e+02 -6.166166166166166818e+01 8.000000000000000000e+00
2.400000000000000000e+02 -6.134134134134134797e+01 8.000000000000000000e+00
2.400000000000000000e+02 -6.102102102102102776e+01 8.000000000000000000e+00
2.400000000000000000e+02 -6.070070070070070756e+01 8.000000000000000000e+00
2.400000000000000000e+02 -6.038038038038038735e+01 8.000000000000000000e+00
2.400000000000000000e+02 -6.006006006006006714e+01 8.000000000000000000e+00
2.400000000000000000e+02 -5.973973973973974694e+01 8.000000000000000000e+00
2.400000000000000000e+02 -5.941941941941942673e+01 8.000000000000000000e+00
2.400000000000000000e+02 -5.909909909909910652e+01 8.000000000000000000e+00
2.400000000000000000e+02 -5.877877877877878632e+01 8.000000000000000000e+00
2.400000000000000000e+02 -5.845845845845846611e+01 8.000000000000000000e+00
2.400000000000000000e+02 -5.813813813813814591e+01 8.000000000000000000e+00
2.400000000000000000e+02 -5.781781781781782570e+01 8.000000000000000000e+00
2.400000000000000000e+02 -5.749749749749750549e+01 8.000000000000000000e+00
2.400000000000000000e+02 -5.717717717717717107e+01 8.000000000000000000e+00
2.400000000000000000e+02 -5.685685685685685087e+01 8.000000000000000000e+00
2.400000000000000000e+02 -5.653653653653653066e+01 8.000000000000000000e+00
2.400000000000000000e+02 -5.621621621621621046e+01 8.000000000000000000e+00
2.400000000000000000e+02 -5.589589589589589025e+01 8.000000000000000000e+00
2.400000000000000000e+02 -5.557557557557557004e+01 8.000000000000000000e+00
2.400000000000000000e+02 -5.525525525525524984e+01 8.000000000000000000e+00
2.400000000000000000e+02 -5.493493493493492963e+01 8.000000000000000000e+00
2.400000000000000000e+02 -5.461461461461460942e+01 8.000000000000000000e+00
2.400000000000000000e+02 -5.429429429429428922e+01 8.000000000000000000e+00
2.400000000000000000e+02 -5.397397397397396901e+01 8.000000000000000000e+00
2.400000000000000000e+02 -5.365365365365364880e+01 8.000000000000000000e+00
2.400000000000000000e+02 -5.333333333333332860e+01 8.000000000000000000e+00
2.400000000000000000e+02 -5.301301301301300839e+01 8.000000000000000000e+00
2.400000000000000000e+02 -5.269269269269268818e+01 8.000000000000000000e+00
2.400000000000000000e+02 -5.237237237237236798e+01 8.000000000000000000e+00
2.400000000000000000e+02 -5.205205205205204777e+01 8.000000000000000000e+00
2.400000000000000000e+02 -5.173173173173172756e+01 8.000000000000000000e+00
2.400000000000000000e+02 -5.141141141141140736e+01 8.000000000000000000e+00
2.400000000000000000e+02 -5.109109109109108715e+01 8.000000000000000000e+00
2.400000000000000000e+02 -5.077077077077076694e+01 8.000000000000000000e+00
2.400000000000000000e+02 -5.045045045045044674e+01 8.000000000000000000e+00
2.400000000000000000e+02 -5.013013013013012653e+01 8.000000000000000000e+00
2.400000000000000000e+02 -4.980980980980980632e+01 8.000000000000000000e+00
2.400000000000000000e+02 -4.948948948948948612e+01 8.000000000000000000e+00
2.400000000000000000e+02 -4.916916916916916591e+01 8.000000000000000000e+00
2.400000000000000000e+02 -4.884884884884884571e+01 8.000000000000000000e+00
2.400000000000000000e+02 -4.852852852852852550e+01 8.000000000000000000e+00
2.400000000000000000e+02 -4.820820820820820529e+01 8.000000000000000000e+00
2.400000000000000000e+02 -4.788788788788788509e+01 8.000000000000000000e+00
2.400000000000000000e+02 -4.756756756756756488e+01 8.000000000000000000e+00
2.400000000000000000e+02 -4.724724724724724467e+01 8.000000000000000000e+00
2.400000000000000000e+02 -4.692692692692692447e+01 8.000000000000000000e+00
2.400000000000000000e+02 -4.660660660660660426e+01 8.000000000000000000e+00
2.400000000000000000e+02 -4.628628628628628405e+01 8.000000000000000000e+00
2.400000000000000000e+02 -4.596596596596596385e+01 8.000000000000000000e+00
2.400000000000000000e+02 -4.564564564564564364e+01 8.000000000000000000e+00
2.400000000000000000e+02 -4.532532532532532343e+01 8.000000000000000000e+00
2.400000000000000000e+02 -4.500500500500500323e+01 8.000000000000000000e+00
2.400000000000000000e+02 -4.468468468468468302e+01 8.000000000000000000e+00
2.400000000000000000e+02 -4.436436436436436281e+01 7.910877286653048124e+00
2.400000000000000000e+02 -4.404404404404404261e+01 7.512062617447902824e+00
2.400000000000000000e+02 -4.372372372372372240e+01 7.082931896672397976e+00
2.400000000000000000e+02 -4.340340340340340219e+01 6.898071625344353031e+00
2.400000000000000000e+02 -4.308308308308308199e+01 6.898071625344353031e+00
2.400000000000000000e+02 -4.276276276276276178e+01 6.898071625344353031e+00
2.400000000000000000e+02 -4.244244244244244157e+01 6.898071625344353031e+00
2.400000000000000000e+02 -4.212212212212212137e+01 6.898071625344353031e+00
2.400000000000000000e+02 -4.180180180180180116e+01 6.898071625344353031e+00
2.400000000000000000e+02 -4.148148148148148096e+01 6.898071625344353031e+00
2.400000000000000000e+02 -4.116116116116116075e+01 6.898071625344353031e+00
2.400000000000000000e+02 -4.084084084084084054e+01 6.898071625344353031e+00
2.400000000000000000e+02 -4.052052052052052034e+01 6.898071625344353031e+00
2.400000000000000000e+02 -4.020020020020020013e+01 6.898071625344353031e+00
2.400000000000000000e+02 -3.987987987987987992e+01 6.898071625344353031e+00
2.400000000000000000e+02 -3.955955955955955972e+01 6.898071625344353031e+00
2.400000000000000000e+02 -3.923923923923923951e+01 6.898071625344353031e+00
2.400000000000000000e+02 -3.891891891891891930e+01 6.898071625344353031e+00
2.400000000000000000e+02 -3.859859859859859910e+01 6.898071625344353031e+00
2.400000000000000000e+02 -3.827827827827827889e+01 6.898071625344353031e+00
2.400000000000000000e+02 -3.795795795795795868e+01 6.898071625344353031e+00
2.400000000000000000e+02 -3.763763763763763848e+01 6.898071625344353031e+00
2.400000000000000000e+02 -3.731731731731731827e+01 6.898071625344353031e+00
2.400000000000000000e+02 -3.699699699699699806e+01 6.898071625344353031e+00
2.400000000000000000e+02 -3.667667667667667786e+01 6.898071625344353031e+00
2.400000000000000000e+02 -3.635635635635635765e+01 6.898071625344353031e+00
2.400000000000000000e+02 -3.603603603603603744e+01 6.898071625344353031e+00
2.400000000000000000e+02 -3.571571571571571724e+01 6.898071625344353031e+00
2.400000000000000000e+02 -3.539539539539539703e+01 6.898071625344353031e+00
2.400000000000000000e+02 -3.507507507507507682e+01 6.898071625344353031e+00
2.400000000000000000e+02 -3.475475475475475662e+01 6.898071625344353031e+00
2.400000000000000000e+02 -3.443443443443443641e+01 6.898071625344353031e+00
2.400000000000000000e+02 -3.411411411411411621e+01 6.898071625344353031e+00
2.400000000000000000e+02 -3.379379379379379600e+01 6.898071625344353031e+00
2.400000000000000000e+02 -3.347347347347347579e+01 6.898071625344353031e+00
2.400000000000000000e+02 -3.315315315315315559e+01 6.898071625344353031e+00
2.400000000000000000e+02 -3.283283283283283538e+01 6.898071625344353031e+00
2.400000000000000000e+02 -3.251251251251251517e+01 6.898071625344353031e+00
2.400000000000000000e+02 -3.219219219219219497e+01 6.898071625344353031e+00
2.400000000000000000e+02 -3.187187187187186055e+01 6.898071625344353031e+00
2.400000000000000000e+02 -3.155155155155154034e+01 6.898071625344353031e+00
2.400000000000000000e+02 -3.123123123123122014e+01 6.898071625344353031e+00
2.400000000000000000e+02 -3.091091091091089993e+01 6.898071625344353031e+00
2.400000000000000000e+02 -3.059059059059057972e+01 6.898071625344353031e+00
2.400000000000000000e+02 -3.027027027027025952e+01 6.898071625344353031e+00
2.400000000000000000e+02 -2.994994994994993931e+01 6.898071625344353031e+00
2.400000000000000000e+02 -2.962962962962961910e+01 6.898071625344353031e+00
2.400000000000000000e+02 -2.930930930930929890e+01 6.898071625344353031e+00
2.400000000000000000e+02 -2.898898898898897869e+01 6.898071625344353031e+00
2.400000000000000000e+02 -2.866866866866865848e+01 6.898071625344353031e+00
2.400000000000000000e+02 -2.834834834834833828e+01 6.898071625344353031e+00
2.400000000000000000e+02 -2.802802802802801807e+01 6.898071625344353031e+00
2.400000000000000000e+02 -2.770770770770769786e+01 6.898071625344353031e+00
2.400000000000000000e+02 -2.738738738738737766e+01 6.898071625344353031e+00
2.400000000000000000e+02 -2.706706706706705745e+01 6.898071625344353031e+00
2.400000000000000000e+02 -2.674674674674673724e+01 6.898071625344353031e+00
2.400000000000000000e+02 -2.642642642642641704e+01 6.898071625344353031e+00
2.400000000000000000e+02 -2.610610610610609683e+01 6.898071625344353031e+00
2.400000000000000000e+02 -2.578578578578577662e+01 6.898071625344353031e+00
2.400000000000000000e+02 -2.546546546546545642e+01 6.898071625344353031e+00
2.400000000000000000e+02 -2.514514514514513621e+01 6.898071625344353031e+00
2.400000000000000000e+02 -2.482482482482481601e+01 6.898071625344353031e+00
2.400000000000000000e+02 -2.450450450450449580e+01 6.898071625344353031e+00
2.400000000000000000e+02 -2.418418418418417559e+01 6.898071625344353031e+00
2.400000000000000000e+02 -2.386386386386385539e+01 6.898071625344353031e+00
2.400000000000000000e+02 -2.354354354354353518e+01 6.898071625344353031e+00
2.400000000000000000e+02 -2.322322322322321497e+01 6.898071625344353031e+00
2.400000000000000000e+02 -2.290290290290289477e+01 6.898071625344353031e+00
2.400000000000000000e+02 -2.258258258258257456e+01 6.898071625344353031e+00
2.400000000000000000e+02 -2.226226226226225435e+01 6.898071625344353031e+00
2.400000000000000000e+02 -2.194194194194193415e+01 6.898071625344353031e+00
2.400000000000000000e+02 -2.162162162162161394e+01 6.898071625344353031e+00
2.400000000000000000e+02 -2.130130130130129373e+01 6.898071625344353031e+00
2.400000000000000000e+02 -2.098098098098097353e+01 6.898071625344353031e+00
2.400000000000000000e+02 -2.066066066066065332e+01 6.898071625344353031e+00
2.400000000000000000e+02 -2.034034034034033311e+01 6.898071625344353031e+00
2.400000000000000000e+02 -2.002002002002001291e+01 6.898071625344353031e+00
2.400000000000000000e+02 -1.969969969969969270e+01 6.898071625344353031e+00
2.400000000000000000e+02 -1.937937937937937249e+01 6.898071625344353031e+00
2.400000000000000000e+02 -1.905905905905905229e+01 6.898071625344353031e+00
2.400000000000000000e+02 -1.873873873873873208e+01 6.898071625344353031e+00
2.400000000000000000e+02 -1.841841841841841187e+01 6.898071625344353031e+00
2.400000000000000000e+02 -1.809809809809809167e+01 6.898071625344353031e+00
2.400000000000000000e+02 -1.777777777777777146e+01 6.898071625344353031e+00
2.400000000000000000e+02 -1.745745745745745126e+01 6.898071625344353031e+00
2.400000000000000000e+02 -1.713713713713713105e+01 6.898071625344353031e+00
2.400000000000000000e+02 -1.681681681681681084e+01 6.898071625344353031e+00
2.400000000000000000e+02 -1.649649649649649064e+01 6.898071625344353031e+00
2.400000000000000000e+02 -1.617617617617617043e+01 6.898071625344353031e+00
2.400000000000000000e+02 -1.585585585585585022e+01 6.898071625344353031e+00
2.400000000000000000e+02 -1.553553553553553002e+01 6.898071625344353031e+00
2.400000000000000000e+02 -1.521521521521520981e+01 6.898071625344353031e+00
2.400000000000000000e+02 -1.489489489489488960e+01 6.898071625344353031e+00
2.400000000000000000e+02 -1.457457457457456940e+01 6.898071625344353031e+00
2.400000000000000000e+02 -1.425425425425424919e+01 6.898071625344353031e+00
2.400000000000000000e+02 -1.393393393393392898e+01 6.898071625344353031e+00
2.400000000000000000e+02 -1.361361361361360878e+01 6.898071625344353031e+00
2.400000000000000000e+02 -1.329329329329328857e+01 6.898071625344353031e+00
2.400000000000000000e+02 -1.297297297297296836e+01 6.898071625344353031e+00
2.400000000000000000e+02 -1.265265265265264816e+01 6.898071625344353031e+00
2.400000000000000000e+02 -1.233233233233232795e+01 6.898071625344353031e+00
2.400000000000000000e+02 -1.201201201201200774e+01 6.898071625344353031e+00
2.400000000000000000e+02 -1.169169169169168754e+01 6.898071625344353031e+00
2.400000000000000000e+02 -1.137137137137136733e+01 6.898071625344353031e+00
2.400000000000000000e+02 -1.105105105105104712e+01 6.898071625344353031e+00
2.400000000000000000e+02 -1.073073073073072692e+01 6.898071625344353031e+00
2.400000000000000000e+02 -1.041041041041040671e+01 6.898071625344353031e+00
2.400000000000000000e+02 -1.009009009009008651e+01 6.898071625344353031e+00
2.400000000000000000e+02 -9.769769769769766299e+00 6.898071625344353031e+00
2.400000000000000000e+02 -9.449449449449446092e+00 6.898071625344353031e+00
2.400000000000000000e+02 -9.129129129129125886e+00 6.898071625344353031e+00
2.400000000000000000e+02 -8.808808808808805679e+00 6.898071625344353031e+00
2.400000000000000000e+02 -8.488488488488485473e+00 6.898071625344353031e+00
2.400000000000000000e+02 -8.168168168168165266e+00 6.898071625344353031e+00
2.400000000000000000e+02 -7.847847847847845060e+00 6.898071625344353031e+00
2.400000000000000000e+02 -7.527527527527524853e+00 6.898071625344353031e+00
2.400000000000000000e+02 -7.207207207207204647e+00 6.898071625344353031e+00
2.400000000000000000e+02 -6.886886886886884440e+00 6.898071625344353031e+00
2.400000000000000000e+02 -6.566566566566564234e+00 6.898071625344353031e+00
2.400000000000000000e+02 -6.246246246246244027e+00 6.898071625344353031e+00
2.400000000000000000e+02 -5.925925925925923821e+00 6.898071625344353031e+00
2.400000000000000000e+02 -5.605605605605603614e+00 6.898071625344353031e+00
2.400000000000000000e+02 -5.285285285285283408e+00 6.898071625344353031e+00
2.400000000000000000e+02 -4.964964964964963201e+00 6.898071625344353031e+00
2.400000000000000000e+02 -4.644644644644642995e+00 6.898071625344353031e+00
2.400000000000000000e+02 -4.324324324324322788e+00 6.898071625344353031e+00
2.400000000000000000e+02 -4.004004004004002581e+00 6.898071625344353031e+00
2.400000000000000000e+02 -3.683683683683682375e+00 6.898071625344353031e+00
2.400000000000000000e+02 -3.363363363363362168e+00 6.898071625344353031e+00
2.400000000000000000e+02 -3.043043043043041962e+00 6.898071625344353031e+00
2.400000000000000000e+02 -2.722722722722721755e+00 6.898071625344353031e+00
2.400000000000000000e+02 -2.402402402402401549e+00 6.898071625344353031e+00
2.400000000000000000e+02 -2.082082082082081342e+00 6.898071625344353031e+00
2.400000000000000000e+02 -1.761761761761761136e+00 6.898071625344353031e+00
2.400000000000000000e+02 -1.441441441441440929e+00 6.898071625344353031e+00
2.400000000000000000e+02 -1.121121121121120723e+00 6.898071625344353031e+00
2.400000000000000000e+02 -8.008008008008005163e-01 6.898071625344353031e+00
2.400000000000000000e+02 -4.804804804804803098e-01 6.898071625344353031e+00
2.400000000000000000e+02 -1.601601601601601033e-01 6.898071625344353031e+00
2.400000000000000000e+02 1.601601601601601033e-01 6.898071625344353031e+00
2.400000000000000000e+02 4.804804804804803098e-01 6.898071625344353031e+00
2.400000000000000000e+02 8.008008008008005163e-01 6.898071625344353031e+00
2.400000000000000000e+02 1.121121121121120723e+00 6.898071625344353031e+00
2.400000000000000000e+02 1.441441441441440929e+00 6.898071625344353031e+00
2.400000000000000000e+02 1.761761761761761136e+00 6.898071625344353031e+00
2.400000000000000000e+02 2.082082082082081342e+00 6.898071625344353031e+00
2.400000000000000000e+02 2.402402402402401549e+00 6.898071625344353031e+00
2.400000000000000000e+02 2.722722722722721755e+00 6.898071625344353031e+00
2.400000000000000000e+02 3.043043043043041962e+00 6.898071625344353031e+00
2.400000000000000000e+02 3.363363363363362168e+00 6.898071625344353031e+00
2.400000000000000000e+02 3.683683683683682375e+00 6.898071625344353031e+00
2.400000000000000000e+02 4.004004004004002581e+00 6.898071625344353031e+00
2.400000000000000000e+02 4.324324324324322788e+00 6.898071625344353031e+00
2.400000000000000000e+02 4.644644644644642995e+00 6.898071625344353031e+00
2.400000000000000000e+02 4.964964964964963201e+00 6.898071625344353031e+00
2.400000000000000000e+02 5.285285285285283408e+00 6.898071625344353031e+00
2.400000000000000000e+02 5.605605605605603614e+00 6.898071625344353031e+00
2.400000000000000000e+02 5.925925925925923821e+00 6.898071625344353031e+00
2.400000000000000000e+02 6.246246246246244027e+00 6.898071625344353031e+00
2.400000000000000000e+02 6.566566566566564234e+00 6.898071625344353031e+00
2.400000000000000000e+02 6.886886886886884440e+00 6.898071625344353031e+00
2.400000000000000000e+02 7.207207207207204647e+00 6.898071625344353031e+00
2.400000000000000000e+02 7.527527527527524853e+00 6.898071625344353031e+00
2.400000000000000000e+02 7.847847847847845060e+00 6.898071625344353031e+00
2.400000000000000000e+02 8.168168168168165266e+00 6.898071625344353031e+00
2.400000000000000000e+02 8.488488488488485473e+00 6.898071625344353031e+00
2.400000000000000000e+02 8.808808808808805679e+00 6.898071625344353031e+00
2.400000000000000000e+02 9.129129129129125886e+00 6.898071625344353031e+00
2.400000000000000000e+02 9.449449449449446092e+00 6.898071625344353031e+00
2.400000000000000000e+02 9.769769769769766299e+00 6.898071625344353031e+00
2.400000000000000000e+02 1.009009009009008651e+01 6.898071625344353031e+00
2.400000000000000000e+02 1.041041041041040671e+01 6.898071625344353031e+00
2.400000000000000000e+02 1.073073073073072692e+01 6.898071625344353031e+00
2.400000000000000000e+02 1.105105105105104712e+01 6.898071625344353031e+00
2.400000000000000000e+02 1.137137137137136733e+01 6.898071625344353031e+00
2.400000000000000000e+02 1.169169169169168754e+01 6.898071625344353031e+00
2.400000000000000000e+02 1.201201201201200774e+01 6.898071625344353031e+00
2.400000000000000000e+02 1.233233233233232795e+01 6.898071625344353031e+00
2.400000000000000000e+02 1.265265265265264816e+01 6.898071625344353031e+00
2.400000000000000000e+02 1.297297297297296836e+01 6.898071625344353031e+00
2.400000000000000000e+02 1.329329329329328857e+01 6.898071625344353031e+00
2.400000000000000000e+02 1.361361361361360878e+01 6.898071625344353031e+00
2.400000000000000000e+02 1.393393393393392898e+01 6.898071625344353031e+00
2.400000000000000000e+02 1.425425425425424919e+01 6.898071625344353031e+00
2.400000000000000000e+02 1.457457457457456940e+01 6.898071625344353031e+00
2.400000000000000000e+02 1.489489489489488960e+01 6.898071625344353031e+00
2.400000000000000000e+02 1.521521521521520981e+01 6.898071625344353031e+00
2.400000000000000000e+02 1.553553553553553002e+01 6.898071625344353031e+00
2.400000000000000000e+02 1.585585585585585022e+01 6.898071625344353031e+00
2.400000000000000000e+02 1.617617617617617043e+01 6.898071625344353031e+00
2.400000000000000000e+02 1.649649649649649064e+01 6.898071625344353031e+00
2.400000000000000000e+02 1.681681681681681084e+01 6.898071625344353031e+00
2.400000000000000000e+02 1.713713713713713105e+01 6.898071625344353031e+00
2.400000000000000000e+02 1.745745745745745126e+01 6.898071625344353031e+00
2.400000000000000000e+02 1.777777777777777146e+01 6.898071625344353031e+00
2.400000000000000000e+02 1.809809809809809167e+01 6.898071625344353031e+00
2.400000000000000000e+02 1.841841841841841187e+01 6.898071625344353031e+00
2.400000000000000000e+02 1.873873873873873208e+01 6.898071625344353031e+00
2.400000000000000000e+02 1.905905905905905229e+01 6.898071625344353031e+00
2.400000000000000000e+02 1.937937937937937249e+01 6.898071625344353031e+00
2.400000000000000000e+02 1.969969969969969270e+01 6.898071625344353031e+00
2.400000000000000000e+02 2.002002002002001291e+01 6.898071625344353031e+00
2.400000000000000000e+02 2.034034034034033311e+01 6.898071625344353031e+00
2.400000000000000000e+02 2.066066066066065332e+01 6.898071625344353031e+00
2.400000000000000000e+02 2.098098098098097353e+01 6.898071625344353031e+00
2.400000000000000000e+02 2.130130130130129373e+01 6.898071625344353031e+00
2.400000000000000000e+02 2.162162162162161394e+01 6.898071625344353031e+00
2.400000000000000000e+02 2.194194194194193415e+01 6.898071625344353031e+00
2.400000000000000000e+02 2.226226226226225435e+01 6.898071625344353031e+00
2.400000000000000000e+02 2.258258258258257456e+01 6.898071625344353031e+00
2.400000000000000000e+02 2.290290290290289477e+01 6.898071625344353031e+00
2.400000000000000000e+02 2.322322322322321497e+01 6.898071625344353031e+00
2.400000000000000000e+02 2.354354354354353518e+01 6.898071625344353031e+00
2.400000000000000000e+02 2.386386386386385539e+01 6.898071625344353031e+00
2.400000000000000000e+02 2.418418418418417559e+01 6.898071625344353031e+00
2.400000000000000000e+02 2.450450450450449580e+01 6.898071625344353031e+00
2.400000000000000000e+02 2.482482482482481601e+01 6.898071625344353031e+00
2.400000000000000000e+02 2.514514514514513621e+01 6.898071625344353031e+00
2.400000000000000000e+02 2.546546546546545642e+01 6.898071625344353031e+00
2.400000000000000000e+02 2.578578578578577662e+01 6.898071625344353031e+00
2.400000000000000000e+02 2.610610610610609683e+01 6.898071625344353031e+00
2.400000000000000000e+02 2.642642642642641704e+01 6.898071625344353031e+00
2.400000000000000000e+02 2.674674674674673724e+01 6.898071625344353031e+00
2.400000000000000000e+02 2.706706706706705745e+01 6.898071625344353031e+00
2.400000000000000000e+02 2.738738738738737766e+01 6.898071625344353031e+00
2.400000000000000000e+02 2.770770770770769786e+01 6.898071625344353031e+00
2.400000000000000000e+02 2.802802802802801807e+01 6.898071625344353031e+00
2.400000000000000000e+02 2.834834834834833828e+01 6.898071625344353031e+00
2.400000000000000000e+02 2.866866866866865848e+01 6.898071625344353031e+00
2.400000000000000000e+02 2.898898898898897869e+01 6.898071625344353031e+00
2.400000000000000000e+02 2.930930930930929890e+01 6.898071625344353031e+00
2.400000000000000000e+02 2.962962962962961910e+01 6.898071625344353031e+00
2.400000000000000000e+02 2.994994994994993931e+01 6.898071625344353031e+00
2.400000000000000000e+02 3.027027027027025952e+01 6.898071625344353031e+00
2.400000000000000000e+02 3.059059059059057972e+01 6.898071625344353031e+00
2.400000000000000000e+02 3.091091091091089993e+01 6.898071625344353031e+00
2.400000000000000000e+02 3.123123123123122014e+01 6.898071625344353031e+00
2.400000000000000000e+02 3.155155155155154034e+01 6.898071625344353031e+00
2.400000000000000000e+02 3.187187187187186055e+01 6.898071625344353031e+00
2.400000000000000000e+02 3.219219219219218076e+01 6.898071625344353031e+00
2.400000000000000000e+02 3.251251251251250096e+01 6.898071625344353031e+00
2.400000000000000000e+02 3.283283283283282117e+01 6.898071625344353031e+00
2.400000000000000000e+02 3.315315315315314137e+01 6.898071625344353031e+00
2.400000000000000000e+02 3.347347347347346158e+01 6.898071625344353031e+00
2.400000000000000000e+02 3.379379379379378179e+01 6.898071625344353031e+00
2.400000000000000000e+02 3.411411411411410199e+01 6.898071625344353031e+00
2.400000000000000000e+02 3.443443443443442220e+01 6.898071625344353031e+00
2.400000000000000000e+02 3.475475475475474241e+01 6.898071625344353031e+00
2.400000000000000000e+02 3.507507507507506261e+01 6.898071625344353031e+00
2.400000000000000000e+02 3.539539539539538282e+01 6.898071625344353031e+00
2.400000000000000000e+02 3.571571571571570303e+01 6.898071625344353031e+00
2.400000000000000000e+02 3.603603603603602323e+01 6.898071625344353031e+00
2.400000000000000000e+02 3.635635635635634344e+01 6.898071625344353031e+00
2.400000000000000000e+02 3.667667667667666365e+01 6.898071625344353031e+00
2.400000000000000000e+02 3.699699699699698385e+01 6.898071625344353031e+00
2.400000000000000000e+02 3.731731731731730406e+01 6.898071625344353031e+00
2.400000000000000000e+02 3.763763763763762427e+01 6.898071625344353031e+00
2.400000000000000000e+02 3.795795795795794447e+01 6.898071625344353031e+00
2.400000000000000000e+02 3.827827827827826468e+01 6.898071625344353031e+00
2.400000000000000000e+02 3.859859859859858489e+01 6.898071625344353031e+00
2.400000000000000000e+02 3.891891891891890509e+01 6.898071625344353031e+00
2.400000000000000000e+02 3.923923923923922530e+01 6.898071625344353031e+00
2.400000000000000000e+02 3.955955955955954551e+01 6.898071625344353031e+00
2.400000000000000000e+02 3.987987987987986571e+01 6.898071625344353031e+00
2.400000000000000000e+02 4.020020020020018592e+01 6.898071625344353031e+00
2.400000000000000000e+02 4.052052052052050612e+01 6.898071625344353031e+00
2.400000000000000000e+02 4.084084084084082633e+01 6.898071625344353031e+00
2.400000000000000000e+02 4.116116116116114654e+01 6.898071625344353031e+00
2.400000000000000000e+02 4.148148148148146674e+01 6.898071625344353031e+00
2.400000000000000000e+02 4.180180180180178695e+01 6.898071625344353031e+00
2.400000000000000000e+02 4.212212212212210716e+01 6.898071625344353031e+00
2.400000000000000000e+02 4.244244244244242736e+01 6.898071625344353031e+00
2.400000000000000000e+02 4.276276276276274757e+01 6.898071625344353031e+00
2.400000000000000000e+02 4.308308308308306778e+01 6.898071625344353031e+00
2.400000000000000000e+02 4.340340340340338798e+01 6.898071625344353031e+00
2.400000000000000000e+02 4.372372372372370819e+01 7.082931896671799343e+00
2.400000000000000000e+02 4.404404404404402840e+01 7.512062617447963220e+00
2.400000000000000000e+02 4.436436436436434860e+01 7.910877286692884702e+00
2.400000000000000000e+02 4.468468468468466881e+01 8.000000000000000000e+00
2.400000000000000000e+02 4.500500500500498902e+01 8.000000000000000000e+00
2.400000000000000000e+02 4.532532532532533764e+01 8.000000000000000000e+00
2.400000000000000000e+02 4.564564564564565785e+01 8.000000000000000000e+00
2.400000000000000000e+02 4.596596596596597806e+01 8.000000000000000000e+00
2.400000000000000000e+02 4.628628628628629826e+01 8.000000000000000000e+00
2.400000000000000000e+02 4.660660660660661847e+01 8.000000000000000000e+00
2.400000000000000000e+02 4.692692692692693868e+01 8.000000000000000000e+00
2.400000000000000000e+02 4.724724724724725888e+01 8.000000000000000000e+00
2.400000000000000000e+02 4.756756756756757909e+01 8.000000000000000000e+00
2.400000000000000000e+02 4.788788788788789930e+01 8.000000000000000000e+00
2.400000000000000000e+02 4.820820820820821950e+01 8.000000000000000000e+00
2.400000000000000000e+02 4.852852852852853971e+01 8.000000000000000000e+00
2.400000000000000000e+02 4.884884884884885992e+01 8.000000000000000000e+00
2.400000000000000000e+02 4.916916916916918012e+01 8.000000000000000000e+00
2.400000000000000000e+02 4.948948948948950033e+01 8.000000000000000000e+00
2.400000000000000000e+02 4.980980980980982054e+01 8.000000000000000000e+00
2.400000000000000000e+02 5.013013013013014074e+01 8.000000000000000000e+00
2.400000000000000000e+02 5.045045045045046095e+01 8.000000000000000000e+00
2.400000000000000000e+02 5.077077077077078116e+01 8.000000000000000000e+00
2.400000000000000000e+02 5.109109109109110136e+01 8.000000000000000000e+00
2.400000000000000000e+02 5.141141141141142157e+01 8.000000000000000000e+00
2.400000000000000000e+02 5.173173173173174177e+01 8.000000000000000000e+00
2.400000000000000000e+02 5.205205205205206198e+01 8.000000000000000000e+00
2.400000000000000000e+02 5.237237237237238219e+01 8.000000000000000000e+00
2.400000000000000000e+02 5.269269269269270239e+01 8.000000000000000000e+00
2.400000000000000000e+02 5.301301301301302260e+01 8.000000000000000000e+00
2.400000000000000000e+02 5.333333333333334281e+01 8.000000000000000000e+00
2.400000000000000000e+02 5.365365365365366301e+01 8.000000000000000000e+00
2.400000000000000000e+02 5.397397397397398322e+01 8.000000000000000000e+00
2.400000000000000000e+02 5.429429429429430343e+01 8.000000000000000000e+00
2.400000000000000000e+02 5.461461461461462363e+01 8.000000000000000000e+00
2.400000000000000000e+02 5.493493493493494384e+01 8.000000000000000000e+00
2.400000000000000000e+02 5.525525525525526405e+01 8.000000000000000000e+00
2.400000000000000000e+02 5.557557557557558425e+01 8.000000000000000000e+00
2.400000000000000000e+02 5.589589589589590446e+01 8.000000000000000000e+00
2.400000000000000000e+02 5.621621621621622467e+01 8.000000000000000000e+00
2.400000000000000000e+02 5.653653653653654487e+01 8.000000000000000000e+00
2.400000000000000000e+02 5.685685685685686508e+01 8.000000000000000000e+00
2.400000000000000000e+02 5.717717717717718529e+01 8.000000000000000000e+00
2.400000000000000000e+02 5.749749749749750549e+01 8.000000000000000000e+00
2.400000000000000000e+02 5.781781781781782570e+01 8.000000000000000000e+00
2.400000000000000000e+02 5.813813813813814591e+01 8.000000000000000000e+00
2.400000000000000000e+02 5.845845845845846611e+01 8.000000000000000000e+00
2.400000000000000000e+02 5.877877877877878632e+01 8.000000000000000000e+00
2.400000000000000000e+02 5.909909909909910652e+01 8.000000000000000000e+00
2.400000000000000000e+02 5.941941941941942673e+01 8.000000000000000000e+00
2.400000000000000000e+02 5.973973973973974694e+01 8.000000000000000000e+00
2.400000000000000000e+02 6.006006006006006714e+01 8.000000000000000000e+00
2.400000000000000000e+02 6.038038038038038735e+01 8.000000000000000000e+00
2.400000000000000000e+02 6.070070070070070756e+01 8.000000000000000000e+00
2.400000000000000000e+02 6.102102102102102776e+01 8.000000000000000000e+00
2.400000000000000000e+02 6.134134134134134797e+01 8.000000000000000000e+00
2.400000000000000000e+02 6.166166166166166818e+01 8.000000000000000000e+00
2.400000000000000000e+02 6.198198198198198838e+01 8.000000000000000000e+00
2.400000000000000000e+02 6.230230230230230859e+01 8.000000000000000000e+00
2.400000000000000000e+02 6.262262262262262880e+01 8.000000000000000000e+00
2.400000000000000000e+02 6.294294294294294900e+01 8.000000000000000000e+00
2.400000000000000000e+02 6.326326326326326921e+01 8.000000000000000000e+00
2.400000000000000000e+02 6.358358358358358942e+01 8.000000000000000000e+00
2.400000000000000000e+02 6.390390390390390962e+01 8.000000000000000000e+00
2.400000000000000000e+02 6.422422422422422983e+01 8.000000000000000000e+00
2.400000000000000000e+02 6.454454454454455004e+01 8.000000000000000000e+00
2.400000000000000000e+02 6.486486486486487024e+01 8.000000000000000000e+00
2.400000000000000000e+02 6.518518518518519045e+01 8.000000000000000000e+00
2.400000000000000000e+02 6.550550550550551065e+01 8.000000000000000000e+00
2.400000000000000000e+02 6.582582582582583086e+01 8.000000000000000000e+00
2.400000000000000000e+02 6.614614614614615107e+01 8.000000000000000000e+00
2.400000000000000000e+02 6.646646646646647127e+01 8.000000000000000000e+00
2.400000000000000000e+02 6.678678678678679148e+01 8.000000000000000000e+00
2.400000000000000000e+02 6.710710710710711169e+01 8.000000000000000000e+00
2.400000000000000000e+02 6.742742742742743189e+01 8.000000000000000000e+00
2.400000000000000000e+02 6.774774774774775210e+01 8.000000000000000000e+00
2.400000000000000000e+02 6.806806806806807231e+01 8.000000000000000000e+00
2.400000000000000000e+02 6.838838838838839251e+01 8.000000000000000000e+00
2.400000000000000000e+02 6.870870870870871272e+01 8.000000000000000000e+00
2.400000000000000000e+02 6.902902902902903293e+01 8.000000000000000000e+00
2.400000000000000000e+02 6.934934934934935313e+01 8.000000000000000000e+00
2.400000000000000000e+02 6.966966966966967334e+01 8.000000000000000000e+00
2.400000000000000000e+02 6.998998998998999355e+01 8.000000000000000000e+00
2.400000000000000000e+02 7.031031031031031375e+01 8.000000000000000000e+00
2.400000000000000000e+02 7.063063063063063396e+01 8.000000000000000000e+00
2.400000000000000000e+02 7.095095095095095417e+01 8.000000000000000000e+00
2.400000000000000000e+02 7.127127127127127437e+01 8.000000000000000000e+00
2.400000000000000000e+02 7.159159159159159458e+01 8.000000000000000000e+00
2.400000000000000000e+02 7.191191191191191479e+01 8.000000000000000000e+00
2.400000000000000000e+02 7.223223223223223499e+01 8.000000000000000000e+00
2.400000000000000000e+02 7.255255255255255520e+01 8.000000000000000000e+00
2.400000000000000000e+02 7.287287287287287540e+01 8.000000000000000000e+00
2.400000000000000000e+02 7.319319319319319561e+01 8.000000000000000000e+00
2.400000000000000000e+02 7.351351351351351582e+01 8.000000000000000000e+00
2.400000000000000000e+02 7.383383383383383602e+01 8.000000000000000000e+00
2.400000000000000000e+02 7.415415415415415623e+01 8.000000000000000000e+00
2.400000000000000000e+02 7.447447447447447644e+01 8.000000000000000000e+00
2.400000000000000000e+02 7.479479479479479664e+01 8.000000000000000000e+00
2.400000000000000000e+02 7.511511511511511685e+01 8.000000000000000000e+00
2.400000000000000000e+02 7.543543543543543706e+01 8.000000000000000000e+00
2.400000000000000000e+02 7.575575575575575726e+01 8.000000000000000000e+00
2.400000000000000000e+02 7.607607607607607747e+01 8.000000000000000000e+00
2.400000000000000000e+02 7.639639639639639768e+01 8.000000000000000000e+00
2.400000000000000000e+02 7.671671671671671788e+01 8.000000000000000000e+00
2.400000000000000000e+02 7.703703703703703809e+01 8.000000000000000000e+00
2.400000000000000000e+02 7.735735735735735830e+01 8.000000000000000000e+00
2.400000000000000000e+02 7.767767767767767850e+01 8.000000000000000000e+00
2.400000000000000000e+02 7.799799799799799871e+01 8.000000000000000000e+00
2.400000000000000000e+02 7.831831831831831892e+01 8.000000000000000000e+00
2.400000000000000000e+02 7.863863863863863912e+01 8.000000000000000000e+00
2.400000000000000000e+02 7.895895895895895933e+01 8.000000000000000000e+00
2.400000000000000000e+02 7.927927927927927954e+01 8.000000000000000000e+00
2.400000000000000000e+02 7.959959959959959974e+01 8.000000000000000000e+00
2.400000000000000000e+02 7.991991991991991995e+01 8.000000000000000000e+00
2.400000000000000000e+02 8.024024024024024015e+01 8.000000000000000000e+00
2.400000000000000000e+02 8.056056056056056036e+01 8.000000000000000000e+00
2.400000000000000000e+02 8.088088088088088057e+01 8.000000000000000000e+00
2.400000000000000000e+02 8.120120120120120077e+01 8.000000000000000000e+00
2.400000000000000000e+02 8.152152152152152098e+01 8.000000000000000000e+00
2.400000000000000000e+02 8.184184184184184119e+01 8.000000000000000000e+00
2.400000000000000000e+02 8.216216216216216139e+01 8.000000000000000000e+00
2.400000000000000000e+02 8.248248248248248160e+01 8.000000000000000000e+00
2.400000000000000000e+02 8.280280280280280181e+01 8.000000000000000000e+00
2.400000000000000000e+02 8.312312312312312201e+01 8.000000000000000000e+00
2.400000000000000000e+02 8.344344344344344222e+01 8.000000000000000000e+00
2.400000000000000000e+02 8.376376376376376243e+01 8.000000000000000000e+00
2.400000000000000000e+02 8.408408408408408263e+01 8.000000000000000000e+00
2.400000000000000000e+02 8.440440440440440284e+01 8.000000000000000000e+00
2.400000000000000000e+02 8.472472472472472305e+01 8.000000000000000000e+00
2.400000000000000000e+02 8.504504504504504325e+01 8.000000000000000000e+00
2.400000000000000000e+02 8.536536536536536346e+01 8.000000000000000000e+00
2.400000000000000000e+02 8.568568568568568367e+01 8.000000000000000000e+00
2.400000000000000000e+02 8.600600600600600387e+01 8.000000000000000000e+00
2.400000000000000000e+02 8.632632632632632408e+01 8.000000000000000000e+00
2.400000000000000000e+02 8.664664664664664429e+01 8.000000000000000000e+00
2.400000000000000000e+02 8.696696696696696449e+01 8.000000000000000000e+00
2.400000000000000000e+02 8.728728728728728470e+01 8.000000000000000000e+00
2.400000000000000000e+02 8.760760760760760490e+01 8.000000000000000000e+00
2.400000000000000000e+02 8.792792792792792511e+01 8.000000000000000000e+00
2.400000000000000000e+02 8.824824824824824532e+01 8.000000000000000000e+00
2.400000000000000000e+02 8.856856856856856552e+01 8.000000000000000000e+00
2.400000000000000000e+02 8.888888888888888573e+01 8.000000000000000000e+00
2.400000000000000000e+02 8.920920920920920594e+01 8.000000000000000000e+00
2.400000000000000000e+02 8.952952952952952614e+01 8.000000000000000000e+00
2.400000000000000000e+02 8.984984984984984635e+01 8.000000000000000000e+00
2.400000000000000000e+02 9.017017017017016656e+01 8.000000000000000000e+00
2.400000000000000000e+02 9.049049049049048676e+01 8.000000000000000000e+00
2.400000000000000000e+02 9.081081081081080697e+01 8.000000000000000000e+00
2.400000000000000000e+02 9.113113113113112718e+01 8.000000000000000000e+00
2.400000000000000000e+02 9.145145145145144738e+01 8.000000000000000000e+00
2.400000000000000000e+02 9.177177177177176759e+01 8.000000000000000000e+00
2.400000000000000000e+02 9.209209209209208780e+01 8.000000000000000000e+00
2.400000000000000000e+02 9.241241241241240800e+01 8.000000000000000000e+00
2.400000000000000000e+02 9.273273273273272821e+01 8.000000000000000000e+00
2.400000000000000000e+02 9.305305305305304842e+01 8.000000000000000000e+00
2.400000000000000000e+02 9.337337337337336862e+01 8.000000000000000000e+00
2.400000000000000000e+02 9.369369369369368883e+01 8.000000000000000000e+00
2.400000000000000000e+02 9.401401401401400904e+01 8.000000000000000000e+00
2.400000000000000000e+02 9.433433433433432924e+01 8.000000000000000000e+00
2.400000000000000000e+02 9.465465465465464945e+01 8.000000000000000000e+00
2.400000000000000000e+02 9.497497497497496965e+01 8.000000000000000000e+00
2.400000000000000000e+02 9.529529529529528986e+01 8.000000000000000000e+00
2.400000000000000000e+02 9.561561561561561007e+01 8.000000000000000000e+00
2.400000000000000000e+02 9.593593593593593027e+01 8.000000000000000000e+00
2.400000000000000000e+02 9.625625625625627890e+01 8.000000000000000000e+00
2.400000000000000000e+02 9.657657657657659911e+01 8.000000000000000000e+00
2.400000000000000000e+02 9.689689689689691932e+01 8.000000000000000000e+00
2.400000000000000000e+02 9.721721721721723952e+01 8.000000000000000000e+00
2.400000000000000000e+02 9.753753753753755973e+01 8.000000000000000000e+00
2.400000000000000000e+02 9.785785785785787994e+01 8.000000000000000000e+00
2.400000000000000000e+02 9.817817817817820014e+01 8.000000000000000000e+00
2.400000000000000000e+02 9.849849849849852035e+01 8.000000000000000000e+00
2.400000000000000000e+02 9.881881881881884055e+01 8.000000000000000000e+00
2.400000000000000000e+02 9.913913913913916076e+01 8.000000000000000000e+00
2.400000000000000000e+02 9.945945945945948097e+01 8.000000000000000000e+00
2.400000000000000000e+02 9.977977977977980117e+01 8.000000000000000000e+00
2.400000000000000000e+02 1.001001001001001214e+02 8.000000000000000000e+00
2.400000000000000000e+02 1.004204204204204416e+02 8.000000000000000000e+00
2.400000000000000000e+02 1.007407407407407618e+02 8.000000000000000000e+00
2.400000000000000000e+02 1.010610610610610820e+02 8.000000000000000000e+00
2.400000000000000000e+02 1.013813813813814022e+02 8.000000000000000000e+00
2.400000000000000000e+02 1.017017017017017224e+02 8.000000000000000000e+00
2.400000000000000000e+02 1.020220220220220426e+02 8.000000000000000000e+00
2.400000000000000000e+02 1.023423423423423628e+02 8.000000000000000000e+00
2.400000000000000000e+02 1.026626626626626830e+02 8.000000000000000000e+00
2.400000000000000000e+02 1.029829829829830032e+02 8.000000000000000000e+00
2.400000000000000000e+02 1.033033033033033234e+02 8.000000000000000000e+00
2.400000000000000000e+02 1.036236236236236437e+02 8.000000000000000000e+00
2.400000000000000000e+02 1.039439439439439639e+02 8.000000000000000000e+00
2.400000000000000000e+02 1.042642642642642841e+02 8.000000000000000000e+00
2.400000000000000000e+02 1.045845845845846043e+02 8.000000000000000000e+00
2.400000000000000000e+02 1.049049049049049245e+02 8.000000000000000000e+00
2.400000000000000000e+02 1.052252252252252447e+02 8.000000000000000000e+00
2.400000000000000000e+02 1.055455455455455649e+02 8.000000000000000000e+00
2.400000000000000000e+02 1.058658658658658851e+02 8.000000000000000000e+00
2.400000000000000000e+02 1.061861861861862053e+02 8.000000000000000000e+00
2.400000000000000000e+02 1.065065065065065255e+02 8.000000000000000000e+00
2.400000000000000000e+02 1.068268268268268457e+02 8.000000000000000000e+00
2.400000000000000000e+02 1.071471471471471659e+02 8.000000000000000000e+00
2.400000000000000000e+02 1.074674674674674861e+02 8.000000000000000000e+00
2.400000000000000000e+02 1.077877877877878063e+02 8.000000000000000000e+00
2.400000000000000000e+02 1.081081081081081265e+02 8.000000000000000000e+00
2.400000000000000000e+02 1.084284284284284468e+02 8.000000000000000000e+00
2.400000000000000000e+02 1.087487487487487670e+02 8.000000000000000000e+00
2.400000000000000000e+02 1.090690690690690872e+02 8.000000000000000000e+00
2.400000000000000000e+02 1.093893893893894074e+02 8.000000000000000000e+00
2.400000000000000000e+02 1.097097097097097276e+02 8.000000000000000000e+00
2.400000000000000000e+02 1.100300300300300478e+02 8.000000000000000000e+00
2.400000000000000000e+02 1.103503503503503680e+02 8.000000000000000000e+00
2.400000000000000000e+02 1.106706706706706882e+02 8.000000000000000000e+00
2.400000000000000000e+02 1.109909909909910084e+02 8.000000000000000000e+00
2.400000000000000000e+02 1.113113113113113286e+02 8.000000000000000000e+00
2.400000000000000000e+02 1.116316316316316488e+02 8.000000000000000000e+00
2.400000000000000000e+02 1.119519519519519690e+02 8.000000000000000000e+00
2.400000000000000000e+02 1.122722722722722892e+02 8.000000000000000000e+00
2.400000000000000000e+02 1.125925925925926094e+02 8.000000000000000000e+00
2.400000000000000000e+02 1.129129129129129296e+02 8.000000000000000000e+00
2.400000000000000000e+02 1.132332332332332498e+02 8.000000000000000000e+00
2.400000000000000000e+02 1.135535535535535701e+02 8.000000000000000000e+00
2.400000000000000000e+02 1.138738738738738903e+02 8.000000000000000000e+00
2.400000000000000000e+02 1.141941941941942105e+02 8.000000000000000000e+00
2.400000000000000000e+02 1.145145145145145307e+02 8.000000000000000000e+00
2.400000000000000000e+02 1.148348348348348509e+02 8.000000000000000000e+00
2.400000000000000000e+02 1.151551551551551711e+02 8.000000000000000000e+00
2.400000000000000000e+02 1.154754754754754913e+02 8.000000000000000000e+00
2.400000000000000000e+02 1.157957957957958115e+02 8.000000000000000000e+00
2.400000000000000000e+02 1.161161161161161317e+02 8.000000000000000000e+00
2.400000000000000000e+02 1.164364364364364519e+02 8.000000000000000000e+00
2.400000000000000000e+02 1.167567567567567721e+02 8.000000000000000000e+00
2.400000000000000000e+02 1.170770770770770923e+02 8.000000000000000000e+00
2.400000000000000000e+02 1.173973973973974125e+02 8.000000000000000000e+00
2.400000000000000000e+02 1.177177177177177327e+02 8.000000000000000000e+00
2.400000000000000000e+02 1.180380380380380529e+02 8.000000000000000000e+00
2.400000000000000000e+02 1.183583583583583732e+02 8.000000000000000000e+00
2.400000000000000000e+02 1.186786786786786934e+02 8.000000000000000000e+00
2.400000000000000000e+02 1.189989989989990136e+02 8.000000000000000000e+00
2.400000000000000000e+02 1.193193193193193338e+02 8.000000000000000000e+00
2.400000000000000000e+02 1.196396396396396540e+02 8.000000000000000000e+00
2.400000000000000000e+02 1.199599599599599742e+02 8.000000000000000000e+00
2.400000000000000000e+02 1.202802802802802944e+02 8.000000000000000000e+00
2.400000000000000000e+02 1.206006006006006146e+02 8.000000000000000000e+00
2.400000000000000000e+02 1.209209209209209348e+02 8.000000000000000000e+00
2.400000000000000000e+02 1.212412412412412550e+02 8.000000000000000000e+00
2.400000000000000000e+02 1.215615615615615752e+02 8.000000000000000000e+00
2.400000000000000000e+02 1.218818818818818954e+02 8.000000000000000000e+00
2.400000000000000000e+02 1.222022022022022156e+02 8.000000000000000000e+00
2.400000000000000000e+02 1.225225225225225358e+02 8.000000000000000000e+00
2.400000000000000000e+02 1.228428428428428560e+02 8.000000000000000000e+00
2.400000000000000000e+02 1.231631631631631763e+02 8.000000000000000000e+00
2.400000000000000000e+02 1.234834834834834965e+02 8.000000000000000000e+00
2.400000000000000000e+02 1.238038038038038167e+02 8.000000000000000000e+00
2.400000000000000000e+02 1.241241241241241369e+02 8.000000000000000000e+00
2.400000000000000000e+02 1.244444444444444571e+02 8.000000000000000000e+00
2.400000000000000000e+02 1.247647647647647773e+02 8.000000000000000000e+00
2.400000000000000000e+02 1.250850850850850975e+02 8.000000000000000000e+00
2.400000000000000000e+02 1.254054054054054177e+02 8.000000000000000000e+00
2.400000000000000000e+02 1.257257257257257379e+02 8.000000000000000000e+00
2.400000000000000000e+02 1.260460460460460581e+02 8.000000000000000000e+00
2.400000000000000000e+02 1.263663663663663783e+02 8.000000000000000000e+00
2.400000000000000000e+02 1.266866866866866985e+02 8.000000000000000000e+00
2.400000000000000000e+02 1.270070070070070187e+02 8.000000000000000000e+00
2.400000000000000000e+02 1.273273273273273389e+02 8.000000000000000000e+00
2.400000000000000000e+02 1.276476476476476591e+02 8.000000000000000000e+00
2.400000000000000000e+02 1.279679679679679793e+02 8.000000000000000000e+00
2.400000000000000000e+02 1.282882882882882996e+02 8.000000000000000000e+00
2.400000000000000000e+02 1.286086086086086198e+02 8.000000000000000000e+00
2.400000000000000000e+02 1.289289289289289400e+02 8.000000000000000000e+00
2.400000000000000000e+02 1.292492492492492602e+02 8.000000000000000000e+00
2.400000000000000000e+02 1.295695695695695804e+02 8.000000000000000000e+00
2.400000000000000000e+02 1.298898898898899006e+02 8.000000000000000000e+00
2.400000000000000000e+02 1.302102102102102208e+02 8.000000000000000000e+00
2.400000000000000000e+02 1.305305305305305410e+02 8.000000000000000000e+00
2.400000000000000000e+02 1.308508508508508612e+02 8.000000000000000000e+00
2.400000000000000000e+02 1.311711711711711814e+02 8.000000000000000000e+00
2.400000000000000000e+02 1.314914914914915016e+02 8.000000000000000000e+00
2.400000000000000000e+02 1.318118118118118218e+02 8.000000000000000000e+00
2.400000000000000000e+02 1.321321321321321420e+02 8.000000000000000000e+00
2.400000000000000000e+02 1.324524524524524622e+02 8.000000000000000000e+00
2.400000000000000000e+02 1.327727727727727824e+02 8.000000000000000000e+00
2.400000000000000000e+02 1.330930930930931027e+02 8.000000000000000000e+00
2.400000000000000000e+02 1.334134134134134229e+02 8.000000000000000000e+00
2.400000000000000000e+02 1.337337337337337431e+02 8.000000000000000000e+00
2.400000000000000000e+02 1.340540540540540633e+02 8.000000000000000000e+00
2.400000000000000000e+02 1.343743743743743835e+02 8.000000000000000000e+00
2.400000000000000000e+02 1.346946946946947037e+02 8.000000000000000000e+00
2.400000000000000000e+02 1.350150150150150239e+02 8.000000000000000000e+00
2.400000000000000000e+02 1.353353353353353441e+02 8.000000000000000000e+00
2.400000000000000000e+02 1.356556556556556643e+02 8.000000000000000000e+00
2.400000000000000000e+02 1.359759759759759845e+02 8.000000000000000000e+00
2.400000000000000000e+02 1.362962962962963047e+02 8.000000000000000000e+00
2.400000000000000000e+02 1.366166166166166249e+02 8.000000000000000000e+00
2.400000000000000000e+02 1.369369369369369451e+02 8.000000000000000000e+00
2.400000000000000000e+02 1.372572572572572653e+02 8.000000000000000000e+00
2.400000000000000000e+02 1.375775775775775855e+02 8.000000000000000000e+00
2.400000000000000000e+02 1.378978978978979058e+02 8.000000000000000000e+00
2.400000000000000000e+02 1.382182182182182260e+02 8.000000000000000000e+00
2.400000000000000000e+02 1.385385385385385462e+02 8.000000000000000000e+00
2.400000000000000000e+02 1.388588588588588664e+02 8.000000000000000000e+00
2.400000000000000000e+02 1.391791791791791866e+02 8.000000000000000000e+00
2.400000000000000000e+02 1.394994994994995068e+02 8.000000000000000000e+00
2.400000000000000000e+02 1.398198198198198270e+02 8.000000000000000000e+00
2.400000000000000000e+02 1.401401401401401472e+02 8.000000000000000000e+00
2.400000000000000000e+02 1.404604604604604674e+02 8.000000000000000000e+00
2.400000000000000000e+02 1.407807807807807876e+02 8.000000000000000000e+00
2.400000000000000000e+02 1.411011011011011078e+02 8.000000000000000000e+00
2.400000000000000000e+02 1.414214214214214280e+02 8.000000000000000000e+00
2.400000000000000000e+02 1.417417417417417482e+02 8.000000000000000000e+00
2.400000000000000000e+02 1.420620620620620684e+02 8.000000000000000000e+00
2.400000000000000000e+02 1.423823823823823886e+02 8.000000000000000000e+00
2.400000000000000000e+02 1.427027027027027088e+02 8.000000000000000000e+00
2.400000000000000000e+02 1.430230230230230291e+02 8.000000000000000000e+00
2.400000000000000000e+02 1.433433433433433493e+02 8.000000000000000000e+00
2.400000000000000000e+02 1.436636636636636695e+02 8.000000000000000000e+00
2.400000000000000000e+02 1.439839839839839897e+02 8.000000000000000000e+00
2.400000000000000000e+02 1.443043043043043099e+02 8.000000000000000000e+00
2.400000000000000000e+02 1.446246246246246301e+02 8.000000000000000000e+00
2.400000000000000000e+02 1.449449449449449503e+02 8.000000000000000000e+00
2.400000000000000000e+02 1.452652652652652705e+02 8.000000000000000000e+00
2.400000000000000000e+02 1.455855855855855907e+02 8.000000000000000000e+00
2.400000000000000000e+02 1.459059059059059109e+02 8.000000000000000000e+00
2.400000000000000000e+02 1.462262262262262311e+02 8.000000000000000000e+00
2.400000000000000000e+02 1.465465465465465513e+02 8.000000000000000000e+00
2.400000000000000000e+02 1.468668668668668715e+02 8.000000000000000000e+00
2.400000000000000000e+02 1.471871871871871917e+02 8.000000000000000000e+00
2.400000000000000000e+02 1.475075075075075119e+02 8.000000000000000000e+00
2.400000000000000000e+02 1.478278278278278322e+02 8.000000000000000000e+00
2.400000000000000000e+02 1.481481481481481524e+02 8.000000000000000000e+00
2.400000000000000000e+02 1.484684684684684726e+02 8.000000000000000000e+00
2.400000000000000000e+02 1.487887887887887928e+02 8.000000000000000000e+00
2.400000000000000000e+02 1.491091091091091130e+02 8.000000000000000000e+00
2.400000000000000000e+02 1.494294294294294332e+02 8.000000000000000000e+00
2.400000000000000000e+02 1.497497497497497534e+02 8.000000000000000000e+00
2.400000000000000000e+02 1.500700700700700736e+02 8.000000000000000000e+00
2.400000000000000000e+02 1.503903903903903938e+02 8.000000000000000000e+00
2.400000000000000000e+02 1.507107107107107140e+02 8.000000000000000000e+00
2.400000000000000000e+02 1.510310310310310342e+02 8.000000000000000000e+00
2.400000000000000000e+02 1.513513513513513544e+02 8.000000000000000000e+00
2.400000000000000000e+02 1.516716716716716746e+02 8.000000000000000000e+00
2.400000000000000000e+02 1.519919919919919948e+02 8.000000000000000000e+00
2.400000000000000000e+02 1.523123123123123150e+02 8.000000000000000000e+00
2.400000000000000000e+02 1.526326326326326353e+02 8.000000000000000000e+00
2.400000000000000000e+02 1.529529529529529555e+02 8.000000000000000000e+00
2.400000000000000000e+02 1.532732732732732757e+02 8.000000000000000000e+00
2.400000000000000000e+02 1.535935935935935959e+02 8.000000000000000000e+00
2.400000000000000000e+02 1.539139139139139161e+02 8.000000000000000000e+00
2.400000000000000000e+02 1.542342342342342363e+02 8.000000000000000000e+00
2.400000000000000000e+02 1.545545545545545565e+02 8.000000000000000000e+00
2.400000000000000000e+02 1.548748748748748767e+02 8.000000000000000000e+00
2.400000000000000000e+02 1.551951951951951969e+02 8.000000000000000000e+00
2.400000000000000000e+02 1.555155155155155171e+02 8.000000000000000000e+00
2.400000000000000000e+02 1.558358358358358373e+02 8.000000000000000000e+00
2.400000000000000000e+02 1.561561561561561575e+02 8.000000000000000000e+00
2.400000000000000000e+02 1.564764764764764777e+02 8.000000000000000000e+00
2.400000000000000000e+02 1.567967967967967979e+02 8.000000000000000000e+00
2.400000000000000000e+02 1.571171171171171181e+02 8.000000000000000000e+00
2.400000000000000000e+02 1.574374374374374383e+02 8.000000000000000000e+00
2.400000000000000000e+02 1.577577577577577586e+02 8.000000000000000000e+00
2.400000000000000000e+02 1.580780780780780788e+02 8.000000000000000000e+00
2.400000000000000000e+02 1.583983983983983990e+02 8.000000000000000000e+00
2.400000000000000000e+02 1.587187187187187192e+02 8.000000000000000000e+00
2.400000000000000000e+02 1.590390390390390394e+02 8.000000000000000000e+00
2.400000000000000000e+02 1.593593593593593596e+02 8.000000000000000000e+00
2.400000000000000000e+02 1.596796796796796798e+02 8.000000000000000000e+00
2.400000000000000000e+02 1.600000000000000000e+02 8.000000000000000000e+00
