# # run number, ti calc, ti opt, aep init calc (kW), aep init opt (kW), aep run calc (kW), aep run opt (kW), run time (s), obj func calls, sens func calls
0.000000000000000000e+00 1.000000000000000000e+00 4.000000000000000000e+00 0.000000000000000000e+00 1.152744097804910183e+09 1.152744097804910183e+09 1.207194835128671169e+09 1.207194835128671169e+09 1.240919055938720703e+03 0.000000000000000000e+00 0.000000000000000000e+00
1.000000000000000000e+00 1.000000000000000000e+00 4.000000000000000000e+00 0.000000000000000000e+00 1.062295277447052836e+09 1.062295277447052836e+09 1.185306362608208179e+09 1.185306362608208179e+09 1.849201210021972656e+03 0.000000000000000000e+00 0.000000000000000000e+00
2.000000000000000000e+00 1.000000000000000000e+00 4.000000000000000000e+00 0.000000000000000000e+00 1.046369501606091022e+09 1.046369501606091022e+09 1.170541621730091572e+09 1.170541621730091572e+09 1.814797749042510986e+03 0.000000000000000000e+00 0.000000000000000000e+00
3.000000000000000000e+00 1.000000000000000000e+00 4.000000000000000000e+00 0.000000000000000000e+00 1.097674913103874445e+09 1.097674913103874445e+09 1.176281148424200058e+09 1.176281148424200058e+09 1.619429401874542236e+03 0.000000000000000000e+00 0.000000000000000000e+00
4.000000000000000000e+00 1.000000000000000000e+00 4.000000000000000000e+00 0.000000000000000000e+00 1.077968680220043182e+09 1.077968680220043182e+09 1.184172369663514614e+09 1.184172369663514614e+09 1.480898616075515747e+03 0.000000000000000000e+00 0.000000000000000000e+00
5.000000000000000000e+00 1.000000000000000000e+00 4.000000000000000000e+00 0.000000000000000000e+00 1.061176235239643455e+09 1.061176235239643455e+09 1.190390777445871592e+09 1.190390777445871592e+09 2.868809292793273926e+03 0.000000000000000000e+00 0.000000000000000000e+00
6.000000000000000000e+00 1.000000000000000000e+00 4.000000000000000000e+00 0.000000000000000000e+00 1.053186207192119718e+09 1.053186207192119718e+09 1.159905985210216522e+09 1.159905985210216522e+09 1.572283885002136230e+03 0.000000000000000000e+00 0.000000000000000000e+00
7.000000000000000000e+00 1.000000000000000000e+00 4.000000000000000000e+00 0.000000000000000000e+00 1.082623732811756134e+09 1.082623732811756134e+09 1.189261945484094381e+09 1.189261945484094381e+09 1.130852035999298096e+03 0.000000000000000000e+00 0.000000000000000000e+00
8.000000000000000000e+00 1.000000000000000000e+00 4.000000000000000000e+00 0.000000000000000000e+00 1.066036704616138697e+09 1.066036704616138697e+09 1.190211204472771406e+09 1.190211204472771406e+09 2.671250135183334351e+03 0.000000000000000000e+00 0.000000000000000000e+00
9.000000000000000000e+00 1.000000000000000000e+00 4.000000000000000000e+00 0.000000000000000000e+00 1.054480786095321894e+09 1.054480786095321894e+09 1.188796078257997036e+09 1.188796078257997036e+09 2.970501932144165039e+03 0.000000000000000000e+00 0.000000000000000000e+00
1.000000000000000000e+01 1.000000000000000000e+00 4.000000000000000000e+00 0.000000000000000000e+00 1.077634852807302952e+09 1.077634852807302952e+09 1.191578065273305416e+09 1.191578065273305416e+09 1.885024974822998047e+03 0.000000000000000000e+00 0.000000000000000000e+00
1.100000000000000000e+01 1.000000000000000000e+00 4.000000000000000000e+00 0.000000000000000000e+00 1.050316469666860461e+09 1.050316469666860461e+09 1.181929399588188648e+09 1.181929399588188648e+09 8.640933541059494019e+03 0.000000000000000000e+00 0.000000000000000000e+00
1.200000000000000000e+01 1.000000000000000000e+00 4.000000000000000000e+00 0.000000000000000000e+00 1.076151720640945196e+09 1.076151720640945196e+09 1.169646682187018633e+09 1.169646682187018633e+09 1.791503354072570801e+03 0.000000000000000000e+00 0.000000000000000000e+00
1.300000000000000000e+01 1.000000000000000000e+00 4.000000000000000000e+00 0.000000000000000000e+00 1.037469622521556377e+09 1.037469622521556377e+09 1.186968177250163317e+09 1.186968177250163317e+09 2.170136990070343018e+03 0.000000000000000000e+00 0.000000000000000000e+00
1.400000000000000000e+01 1.000000000000000000e+00 4.000000000000000000e+00 0.000000000000000000e+00 1.048344987482856035e+09 1.048344987482856035e+09 1.190751687124680996e+09 1.190751687124680996e+09 1.492554064989089966e+03 0.000000000000000000e+00 0.000000000000000000e+00
1.500000000000000000e+01 1.000000000000000000e+00 4.000000000000000000e+00 0.000000000000000000e+00 1.054700428302247405e+09 1.054700428302247405e+09 1.177762708142504692e+09 1.177762708142504692e+09 2.021575538158416748e+03 0.000000000000000000e+00 0.000000000000000000e+00
1.600000000000000000e+01 1.000000000000000000e+00 4.000000000000000000e+00 0.000000000000000000e+00 1.080294595908013105e+09 1.080294595908013105e+09 1.192365794358134747e+09 1.192365794358134747e+09 2.496564503908157349e+03 0.000000000000000000e+00 0.000000000000000000e+00
1.700000000000000000e+01 1.000000000000000000e+00 4.000000000000000000e+00 0.000000000000000000e+00 1.061865512481660604e+09 1.061865512481660604e+09 1.164136487313283682e+09 1.164136487313283682e+09 1.512537055969238281e+03 0.000000000000000000e+00 0.000000000000000000e+00
1.800000000000000000e+01 1.000000000000000000e+00 4.000000000000000000e+00 0.000000000000000000e+00 1.045900540097139239e+09 1.045900540097139239e+09 1.164915819344257355e+09 1.164915819344257355e+09 1.535462740898132324e+03 0.000000000000000000e+00 0.000000000000000000e+00
1.900000000000000000e+01 1.000000000000000000e+00 4.000000000000000000e+00 0.000000000000000000e+00 1.098786807313512325e+09 1.098786807313512325e+09 1.183911835978050232e+09 1.183911835978050232e+09 2.980840282917022705e+04 0.000000000000000000e+00 0.000000000000000000e+00
2.000000000000000000e+01 1.000000000000000000e+00 4.000000000000000000e+00 0.000000000000000000e+00 1.067817377503703594e+09 1.067817377503703594e+09 1.184843376748365164e+09 1.184843376748365164e+09 2.299961386919021606e+03 0.000000000000000000e+00 0.000000000000000000e+00
2.100000000000000000e+01 1.000000000000000000e+00 4.000000000000000000e+00 0.000000000000000000e+00 1.061460951740001678e+09 1.061460951740001678e+09 1.199972022946379662e+09 1.199972022946379662e+09 3.162530930042266846e+03 0.000000000000000000e+00 0.000000000000000000e+00
2.200000000000000000e+01 1.000000000000000000e+00 4.000000000000000000e+00 0.000000000000000000e+00 1.090333632006197691e+09 1.090333632006197691e+09 1.190291148922594070e+09 1.190291148922594070e+09 2.428525241136550903e+03 0.000000000000000000e+00 0.000000000000000000e+00
2.300000000000000000e+01 1.000000000000000000e+00 4.000000000000000000e+00 0.000000000000000000e+00 1.057822988215190411e+09 1.057822988215190411e+09 1.193150865725883961e+09 1.193150865725883961e+09 1.528723145961761475e+03 0.000000000000000000e+00 0.000000000000000000e+00
2.400000000000000000e+01 1.000000000000000000e+00 4.000000000000000000e+00 0.000000000000000000e+00 1.056506079923216343e+09 1.056506079923216343e+09 1.191096502785592079e+09 1.191096502785592079e+09 4.682838078975677490e+03 0.000000000000000000e+00 0.000000000000000000e+00
2.500000000000000000e+01 1.000000000000000000e+00 4.000000000000000000e+00 0.000000000000000000e+00 1.057739684167523861e+09 1.057739684167523861e+09 1.179178318527660370e+09 1.179178318527660370e+09 1.772293362140655518e+03 0.000000000000000000e+00 0.000000000000000000e+00
2.600000000000000000e+01 1.000000000000000000e+00 4.000000000000000000e+00 0.000000000000000000e+00 1.064277999273812056e+09 1.064277999273812056e+09 1.182808416320772171e+09 1.182808416320772171e+09 2.290776953935623169e+03 0.000000000000000000e+00 0.000000000000000000e+00
2.700000000000000000e+01 1.000000000000000000e+00 4.000000000000000000e+00 0.000000000000000000e+00 1.070169285472838879e+09 1.070169285472838879e+09 1.178157748349032640e+09 1.178157748349032640e+09 2.255630318164825439e+03 0.000000000000000000e+00 0.000000000000000000e+00
2.800000000000000000e+01 1.000000000000000000e+00 4.000000000000000000e+00 0.000000000000000000e+00 1.079592932509528637e+09 1.079592932509528637e+09 1.178441369471748829e+09 1.178441369471748829e+09 2.624428512215614319e+04 0.000000000000000000e+00 0.000000000000000000e+00
2.900000000000000000e+01 1.000000000000000000e+00 4.000000000000000000e+00 0.000000000000000000e+00 1.082145036910158873e+09 1.082145036910158873e+09 1.189536297280548334e+09 1.189536297280548334e+09 1.946344049930572510e+03 0.000000000000000000e+00 0.000000000000000000e+00
3.000000000000000000e+01 1.000000000000000000e+00 4.000000000000000000e+00 0.000000000000000000e+00 1.073411455409566760e+09 1.073411455409566760e+09 1.188823290384250641e+09 1.188823290384250641e+09 1.339091459035873413e+03 0.000000000000000000e+00 0.000000000000000000e+00
3.100000000000000000e+01 1.000000000000000000e+00 4.000000000000000000e+00 0.000000000000000000e+00 1.050400146934036493e+09 1.050400146934036493e+09 1.185597032930642843e+09 1.185597032930642843e+09 1.064653885412216187e+04 0.000000000000000000e+00 0.000000000000000000e+00
3.200000000000000000e+01 1.000000000000000000e+00 4.000000000000000000e+00 0.000000000000000000e+00 1.061383889567707777e+09 1.061383889567707777e+09 1.172359967070612907e+09 1.172359967070612907e+09 2.052101654052734375e+03 0.000000000000000000e+00 0.000000000000000000e+00
3.300000000000000000e+01 1.000000000000000000e+00 4.000000000000000000e+00 0.000000000000000000e+00 1.060755286612610579e+09 1.060755286612610579e+09 1.187728501296405792e+09 1.187728501296405792e+09 5.150011294126510620e+03 0.000000000000000000e+00 0.000000000000000000e+00
3.400000000000000000e+01 1.000000000000000000e+00 4.000000000000000000e+00 0.000000000000000000e+00 1.058622297499746680e+09 1.058622297499746680e+09 1.193603642839513302e+09 1.193603642839513302e+09 2.644518131971359253e+03 0.000000000000000000e+00 0.000000000000000000e+00
3.500000000000000000e+01 1.000000000000000000e+00 4.000000000000000000e+00 0.000000000000000000e+00 1.047045553602372885e+09 1.047045553602372885e+09 1.185684101096655130e+09 1.185684101096655130e+09 1.874291518926620483e+03 0.000000000000000000e+00 0.000000000000000000e+00
3.600000000000000000e+01 1.000000000000000000e+00 4.000000000000000000e+00 0.000000000000000000e+00 1.075671065442818880e+09 1.075671065442818880e+09 1.180669516557566881e+09 1.180669516557566881e+09 2.465980647087097168e+03 0.000000000000000000e+00 0.000000000000000000e+00
3.700000000000000000e+01 1.000000000000000000e+00 4.000000000000000000e+00 0.000000000000000000e+00 1.099913033807770014e+09 1.099913033807770014e+09 1.192535092272765160e+09 1.192535092272765160e+09 1.686986999034881592e+03 0.000000000000000000e+00 0.000000000000000000e+00
3.800000000000000000e+01 1.000000000000000000e+00 4.000000000000000000e+00 0.000000000000000000e+00 1.060980123050249815e+09 1.060980123050249815e+09 1.191855997178167582e+09 1.191855997178167582e+09 1.373697109937667847e+03 0.000000000000000000e+00 0.000000000000000000e+00
3.900000000000000000e+01 1.000000000000000000e+00 4.000000000000000000e+00 0.000000000000000000e+00 1.064821432345283151e+09 1.064821432345283151e+09 1.185887221272813082e+09 1.185887221272813082e+09 3.065930045127868652e+03 0.000000000000000000e+00 0.000000000000000000e+00
4.000000000000000000e+01 1.000000000000000000e+00 4.000000000000000000e+00 0.000000000000000000e+00 1.070393957436915040e+09 1.070393957436915040e+09 1.190874288183865547e+09 1.190874288183865547e+09 2.075770749092102051e+03 0.000000000000000000e+00 0.000000000000000000e+00
4.100000000000000000e+01 1.000000000000000000e+00 4.000000000000000000e+00 0.000000000000000000e+00 1.074139464927712679e+09 1.074139464927712679e+09 1.194788125969594717e+09 1.194788125969594717e+09 2.738630385875701904e+03 0.000000000000000000e+00 0.000000000000000000e+00
4.200000000000000000e+01 1.000000000000000000e+00 4.000000000000000000e+00 0.000000000000000000e+00 1.083481584011529446e+09 1.083481584011529446e+09 1.183537841030225992e+09 1.183537841030225992e+09 2.643693120956420898e+03 0.000000000000000000e+00 0.000000000000000000e+00
4.300000000000000000e+01 1.000000000000000000e+00 4.000000000000000000e+00 0.000000000000000000e+00 1.052253616198145986e+09 1.052253616198145986e+09 1.191220978321211576e+09 1.191220978321211576e+09 2.500800884008407593e+03 0.000000000000000000e+00 0.000000000000000000e+00
4.400000000000000000e+01 1.000000000000000000e+00 4.000000000000000000e+00 0.000000000000000000e+00 1.081493812742782354e+09 1.081493812742782354e+09 1.186588188883085728e+09 1.186588188883085728e+09 3.212717215061187744e+03 0.000000000000000000e+00 0.000000000000000000e+00
4.500000000000000000e+01 1.000000000000000000e+00 4.000000000000000000e+00 0.000000000000000000e+00 1.078741632182852030e+09 1.078741632182852030e+09 1.188822324613696098e+09 1.188822324613696098e+09 3.168780919075012207e+03 0.000000000000000000e+00 0.000000000000000000e+00
4.600000000000000000e+01 1.000000000000000000e+00 4.000000000000000000e+00 0.000000000000000000e+00 1.066178840859645128e+09 1.066178840859645128e+09 1.179973300512023926e+09 1.179973300512023926e+09 4.600945708990097046e+03 0.000000000000000000e+00 0.000000000000000000e+00
4.700000000000000000e+01 1.000000000000000000e+00 4.000000000000000000e+00 0.000000000000000000e+00 1.059861605974902630e+09 1.059861605974902630e+09 1.183362904073841333e+09 1.183362904073841333e+09 4.580321762084960938e+03 0.000000000000000000e+00 0.000000000000000000e+00
4.800000000000000000e+01 1.000000000000000000e+00 4.000000000000000000e+00 0.000000000000000000e+00 1.060004710459317207e+09 1.060004710459317207e+09 1.195351410937766314e+09 1.195351410937766314e+09 2.993691975831985474e+03 0.000000000000000000e+00 0.000000000000000000e+00
4.900000000000000000e+01 1.000000000000000000e+00 4.000000000000000000e+00 0.000000000000000000e+00 1.068087374869931936e+09 1.068087374869931936e+09 1.180651687072082520e+09 1.180651687072082520e+09 3.026794881105422974e+03 0.000000000000000000e+00 0.000000000000000000e+00
5.000000000000000000e+01 1.000000000000000000e+00 4.000000000000000000e+00 0.000000000000000000e+00 1.062941311298186064e+09 1.062941311298186064e+09 1.186421697456110716e+09 1.186421697456110716e+09 2.956717901945114136e+03 0.000000000000000000e+00 0.000000000000000000e+00
5.100000000000000000e+01 1.000000000000000000e+00 4.000000000000000000e+00 0.000000000000000000e+00 1.077489015080105543e+09 1.077489015080105543e+09 1.193008844530612230e+09 1.193008844530612230e+09 3.068707110881805420e+03 0.000000000000000000e+00 0.000000000000000000e+00
5.200000000000000000e+01 1.000000000000000000e+00 4.000000000000000000e+00 0.000000000000000000e+00 1.062711136835126996e+09 1.062711136835126996e+09 1.182126269290586233e+09 1.182126269290586233e+09 2.814378206014633179e+03 0.000000000000000000e+00 0.000000000000000000e+00
5.300000000000000000e+01 1.000000000000000000e+00 4.000000000000000000e+00 0.000000000000000000e+00 1.059468467384999156e+09 1.059468467384999156e+09 1.177649679386759043e+09 1.177649679386759043e+09 5.379083076953887939e+03 0.000000000000000000e+00 0.000000000000000000e+00
5.400000000000000000e+01 1.000000000000000000e+00 4.000000000000000000e+00 0.000000000000000000e+00 1.062799629180985808e+09 1.062799629180985808e+09 1.186005274439934254e+09 1.186005274439934254e+09 2.239715237855911255e+03 0.000000000000000000e+00 0.000000000000000000e+00
5.500000000000000000e+01 1.000000000000000000e+00 4.000000000000000000e+00 0.000000000000000000e+00 1.076861170945259571e+09 1.076861170945259571e+09 1.188472533817193270e+09 1.188472533817193270e+09 2.517882654190063477e+03 0.000000000000000000e+00 0.000000000000000000e+00
5.600000000000000000e+01 1.000000000000000000e+00 4.000000000000000000e+00 0.000000000000000000e+00 1.067273536795216441e+09 1.067273536795216441e+09 1.180654986488294840e+09 1.180654986488294840e+09 1.957744831800460815e+03 0.000000000000000000e+00 0.000000000000000000e+00
5.700000000000000000e+01 1.000000000000000000e+00 4.000000000000000000e+00 0.000000000000000000e+00 1.079585801698395014e+09 1.079585801698395014e+09 1.200683881082365513e+09 1.200683881082365513e+09 3.461230986833572388e+03 0.000000000000000000e+00 0.000000000000000000e+00
5.800000000000000000e+01 1.000000000000000000e+00 4.000000000000000000e+00 0.000000000000000000e+00 1.074498984474011183e+09 1.074498984474011183e+09 1.197446326454477310e+09 1.197446326454477310e+09 3.317664400100708008e+03 0.000000000000000000e+00 0.000000000000000000e+00
5.900000000000000000e+01 1.000000000000000000e+00 4.000000000000000000e+00 0.000000000000000000e+00 1.057416751138468742e+09 1.057416751138468742e+09 1.186572921122810602e+09 1.186572921122810602e+09 2.438111114978790283e+03 0.000000000000000000e+00 0.000000000000000000e+00
6.000000000000000000e+01 1.000000000000000000e+00 4.000000000000000000e+00 0.000000000000000000e+00 1.072367685096232295e+09 1.072367685096232295e+09 1.179430762549600124e+09 1.179430762549600124e+09 1.921091556072235107e+03 0.000000000000000000e+00 0.000000000000000000e+00
6.100000000000000000e+01 1.000000000000000000e+00 4.000000000000000000e+00 0.000000000000000000e+00 1.086948539363164663e+09 1.086948539363164663e+09 1.183474749657683611e+09 1.183474749657683611e+09 1.393893694162368774e+03 0.000000000000000000e+00 0.000000000000000000e+00
6.200000000000000000e+01 1.000000000000000000e+00 4.000000000000000000e+00 0.000000000000000000e+00 1.088460932344900846e+09 1.088460932344900846e+09 1.192268977387270927e+09 1.192268977387270927e+09 1.496880724906921387e+03 0.000000000000000000e+00 0.000000000000000000e+00
6.300000000000000000e+01 1.000000000000000000e+00 4.000000000000000000e+00 0.000000000000000000e+00 1.062845322510020733e+09 1.062845322510020733e+09 1.187017415390076876e+09 1.187017415390076876e+09 1.567893850088119507e+03 0.000000000000000000e+00 0.000000000000000000e+00
6.400000000000000000e+01 1.000000000000000000e+00 4.000000000000000000e+00 0.000000000000000000e+00 1.030841838696621895e+09 1.030841838696621895e+09 1.177600772402175665e+09 1.177600772402175665e+09 1.385092386007308960e+03 0.000000000000000000e+00 0.000000000000000000e+00
6.500000000000000000e+01 1.000000000000000000e+00 4.000000000000000000e+00 0.000000000000000000e+00 1.048667981563867927e+09 1.048667981563867927e+09 1.177009215564216137e+09 1.177009215564216137e+09 2.871247478961944580e+03 0.000000000000000000e+00 0.000000000000000000e+00
6.600000000000000000e+01 1.000000000000000000e+00 4.000000000000000000e+00 0.000000000000000000e+00 1.096967883720061541e+09 1.096967883720061541e+09 1.192701819684621811e+09 1.192701819684621811e+09 1.646488958120346069e+03 0.000000000000000000e+00 0.000000000000000000e+00
6.700000000000000000e+01 1.000000000000000000e+00 4.000000000000000000e+00 0.000000000000000000e+00 1.077425540160299301e+09 1.077425540160299301e+09 1.193301016414402008e+09 1.193301016414402008e+09 1.006126763105392456e+03 0.000000000000000000e+00 0.000000000000000000e+00
6.800000000000000000e+01 1.000000000000000000e+00 4.000000000000000000e+00 0.000000000000000000e+00 1.081582445973693371e+09 1.081582445973693371e+09 1.189417652091834784e+09 1.189417652091834784e+09 1.989283078193664551e+03 0.000000000000000000e+00 0.000000000000000000e+00
6.900000000000000000e+01 1.000000000000000000e+00 4.000000000000000000e+00 0.000000000000000000e+00 1.062037646259064436e+09 1.062037646259064436e+09 1.176196432730637550e+09 1.176196432730637550e+09 1.608329092025756836e+03 0.000000000000000000e+00 0.000000000000000000e+00
7.000000000000000000e+01 1.000000000000000000e+00 4.000000000000000000e+00 0.000000000000000000e+00 1.055225935108998537e+09 1.055225935108998537e+09 1.185601169853666306e+09 1.185601169853666306e+09 2.748832309007644653e+03 0.000000000000000000e+00 0.000000000000000000e+00
7.100000000000000000e+01 1.000000000000000000e+00 4.000000000000000000e+00 0.000000000000000000e+00 1.044618274447936773e+09 1.044618274447936773e+09 1.186249312112187624e+09 1.186249312112187624e+09 1.471892690896987915e+03 0.000000000000000000e+00 0.000000000000000000e+00
7.300000000000000000e+01 1.000000000000000000e+00 4.000000000000000000e+00 0.000000000000000000e+00 1.068331386469019413e+09 1.068331386469019413e+09 1.185458995413660049e+09 1.185458995413660049e+09 2.113046077966690063e+03 0.000000000000000000e+00 0.000000000000000000e+00
7.400000000000000000e+01 1.000000000000000000e+00 4.000000000000000000e+00 0.000000000000000000e+00 1.088249326503807783e+09 1.088249326503807783e+09 1.198205078034434080e+09 1.198205078034434080e+09 2.273074175119400024e+03 0.000000000000000000e+00 0.000000000000000000e+00
7.500000000000000000e+01 1.000000000000000000e+00 4.000000000000000000e+00 0.000000000000000000e+00 1.073927193788217783e+09 1.073927193788217783e+09 1.169631240621645212e+09 1.169631240621645212e+09 2.045547030925750732e+03 0.000000000000000000e+00 0.000000000000000000e+00
7.600000000000000000e+01 1.000000000000000000e+00 4.000000000000000000e+00 0.000000000000000000e+00 1.060302638847335339e+09 1.060302638847335339e+09 1.194151456993001938e+09 1.194151456993001938e+09 1.488996177911758423e+03 0.000000000000000000e+00 0.000000000000000000e+00
7.700000000000000000e+01 1.000000000000000000e+00 4.000000000000000000e+00 0.000000000000000000e+00 1.079068988348214149e+09 1.079068988348214149e+09 1.193582032463161945e+09 1.193582032463161945e+09 2.107617248058319092e+03 0.000000000000000000e+00 0.000000000000000000e+00
7.800000000000000000e+01 1.000000000000000000e+00 4.000000000000000000e+00 0.000000000000000000e+00 1.077260022885036707e+09 1.077260022885036707e+09 1.191376288253374577e+09 1.191376288253374577e+09 2.685319805145263672e+03 0.000000000000000000e+00 0.000000000000000000e+00
7.900000000000000000e+01 1.000000000000000000e+00 4.000000000000000000e+00 0.000000000000000000e+00 1.072009203263375759e+09 1.072009203263375759e+09 1.191184781720033646e+09 1.191184781720033646e+09 2.103081959009170532e+03 0.000000000000000000e+00 0.000000000000000000e+00
8.000000000000000000e+01 1.000000000000000000e+00 4.000000000000000000e+00 0.000000000000000000e+00 1.035477606050294876e+09 1.035477606050294876e+09 1.180429315453980684e+09 1.180429315453980684e+09 2.367250107049942017e+03 0.000000000000000000e+00 0.000000000000000000e+00
8.100000000000000000e+01 1.000000000000000000e+00 4.000000000000000000e+00 0.000000000000000000e+00 1.096041090636325359e+09 1.096041090636325359e+09 1.192040364335928679e+09 1.192040364335928679e+09 1.592082031965255737e+03 0.000000000000000000e+00 0.000000000000000000e+00
8.200000000000000000e+01 1.000000000000000000e+00 4.000000000000000000e+00 0.000000000000000000e+00 1.079085751154223204e+09 1.079085751154223204e+09 1.186099757426377058e+09 1.186099757426377058e+09 1.705475239992141724e+03 0.000000000000000000e+00 0.000000000000000000e+00
8.300000000000000000e+01 1.000000000000000000e+00 4.000000000000000000e+00 0.000000000000000000e+00 1.078465329634473801e+09 1.078465329634473801e+09 1.198770967225466967e+09 1.198770967225466967e+09 2.259535326004028320e+03 0.000000000000000000e+00 0.000000000000000000e+00
8.400000000000000000e+01 1.000000000000000000e+00 4.000000000000000000e+00 0.000000000000000000e+00 1.082133389425939798e+09 1.082133389425939798e+09 1.191385976119560242e+09 1.191385976119560242e+09 1.967438354969024658e+03 0.000000000000000000e+00 0.000000000000000000e+00
8.500000000000000000e+01 1.000000000000000000e+00 4.000000000000000000e+00 0.000000000000000000e+00 1.068931197286554694e+09 1.068931197286554694e+09 1.176563646166930676e+09 1.176563646166930676e+09 1.905841631174087524e+03 0.000000000000000000e+00 0.000000000000000000e+00
8.600000000000000000e+01 1.000000000000000000e+00 4.000000000000000000e+00 0.000000000000000000e+00 1.046157664460696101e+09 1.046157664460696101e+09 1.178670338111778259e+09 1.178670338111778259e+09 1.763944699048995972e+03 0.000000000000000000e+00 0.000000000000000000e+00
8.700000000000000000e+01 1.000000000000000000e+00 4.000000000000000000e+00 0.000000000000000000e+00 1.088262846234256983e+09 1.088262846234256983e+09 1.181455512401527643e+09 1.181455512401527643e+09 1.399967063903808594e+03 0.000000000000000000e+00 0.000000000000000000e+00
8.800000000000000000e+01 1.000000000000000000e+00 4.000000000000000000e+00 0.000000000000000000e+00 1.079787118475553513e+09 1.079787118475553513e+09 1.184018849818976641e+09 1.184018849818976641e+09 1.290594254970550537e+03 0.000000000000000000e+00 0.000000000000000000e+00
8.900000000000000000e+01 1.000000000000000000e+00 4.000000000000000000e+00 0.000000000000000000e+00 1.067257738524854660e+09 1.067257738524854660e+09 1.192468862523413897e+09 1.192468862523413897e+09 2.087193321943283081e+03 0.000000000000000000e+00 0.000000000000000000e+00
9.000000000000000000e+01 1.000000000000000000e+00 4.000000000000000000e+00 0.000000000000000000e+00 1.066989769950071812e+09 1.066989769950071812e+09 1.184392883852093458e+09 1.184392883852093458e+09 1.310327604055404663e+03 0.000000000000000000e+00 0.000000000000000000e+00
9.100000000000000000e+01 1.000000000000000000e+00 4.000000000000000000e+00 0.000000000000000000e+00 1.087451786959133863e+09 1.087451786959133863e+09 1.189239758038707733e+09 1.189239758038707733e+09 1.114524148941040039e+03 0.000000000000000000e+00 0.000000000000000000e+00
9.200000000000000000e+01 1.000000000000000000e+00 4.000000000000000000e+00 0.000000000000000000e+00 1.070377145391079187e+09 1.070377145391079187e+09 1.195361266924940109e+09 1.195361266924940109e+09 2.170160955905914307e+03 0.000000000000000000e+00 0.000000000000000000e+00
9.300000000000000000e+01 1.000000000000000000e+00 4.000000000000000000e+00 0.000000000000000000e+00 1.085623934361163139e+09 1.085623934361163139e+09 1.176614844878955364e+09 1.176614844878955364e+09 2.676787117004394531e+03 0.000000000000000000e+00 0.000000000000000000e+00
9.400000000000000000e+01 1.000000000000000000e+00 4.000000000000000000e+00 0.000000000000000000e+00 1.068309387256007433e+09 1.068309387256007433e+09 1.197929809391704559e+09 1.197929809391704559e+09 1.527882893085479736e+03 0.000000000000000000e+00 0.000000000000000000e+00
9.500000000000000000e+01 1.000000000000000000e+00 4.000000000000000000e+00 0.000000000000000000e+00 1.065461694550299406e+09 1.065461694550299406e+09 1.185668022397567511e+09 1.185668022397567511e+09 2.072314027070999146e+03 0.000000000000000000e+00 0.000000000000000000e+00
9.600000000000000000e+01 1.000000000000000000e+00 4.000000000000000000e+00 0.000000000000000000e+00 1.095648127504866362e+09 1.095648127504866362e+09 1.190938200488260508e+09 1.190938200488260508e+09 1.283246829986572266e+03 0.000000000000000000e+00 0.000000000000000000e+00
9.700000000000000000e+01 1.000000000000000000e+00 4.000000000000000000e+00 0.000000000000000000e+00 1.068290374371189356e+09 1.068290374371189356e+09 1.191479517838787079e+09 1.191479517838787079e+09 2.585898399829864502e+03 0.000000000000000000e+00 0.000000000000000000e+00
9.800000000000000000e+01 1.000000000000000000e+00 4.000000000000000000e+00 0.000000000000000000e+00 1.062441787334974527e+09 1.062441787334974527e+09 1.184475353930199146e+09 1.184475353930199146e+09 2.093057446002960205e+03 0.000000000000000000e+00 0.000000000000000000e+00
9.900000000000000000e+01 1.000000000000000000e+00 4.000000000000000000e+00 0.000000000000000000e+00 1.093614841595603943e+09 1.093614841595603943e+09 1.187766330576123476e+09 1.187766330576123476e+09 1.837368767976760864e+03 0.000000000000000000e+00 0.000000000000000000e+00
1.000000000000000000e+02 1.000000000000000000e+00 4.000000000000000000e+00 0.000000000000000000e+00 1.084981513686897993e+09 1.084981513686897993e+09 1.190178171789046526e+09 1.190178171789046526e+09 1.208979616165161133e+03 0.000000000000000000e+00 0.000000000000000000e+00
1.010000000000000000e+02 1.000000000000000000e+00 4.000000000000000000e+00 0.000000000000000000e+00 1.080376420490159035e+09 1.080376420490159035e+09 1.182142902910312891e+09 1.182142902910312891e+09 1.652902268171310425e+03 0.000000000000000000e+00 0.000000000000000000e+00
1.020000000000000000e+02 1.000000000000000000e+00 4.000000000000000000e+00 0.000000000000000000e+00 1.073868657006496906e+09 1.073868657006496906e+09 1.181074928800151110e+09 1.181074928800151110e+09 1.504207625865936279e+03 0.000000000000000000e+00 0.000000000000000000e+00
1.030000000000000000e+02 1.000000000000000000e+00 4.000000000000000000e+00 0.000000000000000000e+00 1.039405640293295026e+09 1.039405640293295026e+09 1.186629694720352650e+09 1.186629694720352650e+09 1.799482847929000854e+03 0.000000000000000000e+00 0.000000000000000000e+00
1.040000000000000000e+02 1.000000000000000000e+00 4.000000000000000000e+00 0.000000000000000000e+00 1.093695168449689388e+09 1.093695168449689388e+09 1.191944027151329041e+09 1.191944027151329041e+09 2.218203706979751587e+03 0.000000000000000000e+00 0.000000000000000000e+00
1.050000000000000000e+02 1.000000000000000000e+00 4.000000000000000000e+00 0.000000000000000000e+00 1.091282693060364723e+09 1.091282693060364723e+09 1.188947695714838505e+09 1.188947695714838505e+09 1.261600868940353394e+03 0.000000000000000000e+00 0.000000000000000000e+00
1.060000000000000000e+02 1.000000000000000000e+00 4.000000000000000000e+00 0.000000000000000000e+00 1.037571633012398124e+09 1.037571633012398124e+09 1.184919765193955898e+09 1.184919765193955898e+09 1.085181439876556396e+03 0.000000000000000000e+00 0.000000000000000000e+00
1.070000000000000000e+02 1.000000000000000000e+00 4.000000000000000000e+00 0.000000000000000000e+00 1.077268011551116228e+09 1.077268011551116228e+09 1.178421905455371857e+09 1.178421905455371857e+09 1.721395787954330444e+03 0.000000000000000000e+00 0.000000000000000000e+00
1.080000000000000000e+02 1.000000000000000000e+00 4.000000000000000000e+00 0.000000000000000000e+00 1.079496035430898428e+09 1.079496035430898428e+09 1.191187661528647900e+09 1.191187661528647900e+09 1.413511119842529297e+03 0.000000000000000000e+00 0.000000000000000000e+00
1.090000000000000000e+02 1.000000000000000000e+00 4.000000000000000000e+00 0.000000000000000000e+00 1.039309074929518700e+09 1.039309074929518700e+09 1.177160585394719601e+09 1.177160585394719601e+09 1.338605011940002441e+03 0.000000000000000000e+00 0.000000000000000000e+00
1.100000000000000000e+02 1.000000000000000000e+00 4.000000000000000000e+00 0.000000000000000000e+00 1.054078644154299378e+09 1.054078644154299378e+09 1.178560173329186916e+09 1.178560173329186916e+09 1.702551095962524414e+03 0.000000000000000000e+00 0.000000000000000000e+00
1.110000000000000000e+02 1.000000000000000000e+00 4.000000000000000000e+00 0.000000000000000000e+00 1.037546441848016739e+09 1.037546441848016739e+09 1.170120152023924828e+09 1.170120152023924828e+09 1.714567635059356689e+03 0.000000000000000000e+00 0.000000000000000000e+00
1.120000000000000000e+02 1.000000000000000000e+00 4.000000000000000000e+00 0.000000000000000000e+00 1.066581035666404486e+09 1.066581035666404486e+09 1.197114835711661100e+09 1.197114835711661100e+09 2.059231474161148071e+03 0.000000000000000000e+00 0.000000000000000000e+00
1.130000000000000000e+02 1.000000000000000000e+00 4.000000000000000000e+00 0.000000000000000000e+00 1.060005493047708154e+09 1.060005493047708154e+09 1.179570603022873163e+09 1.179570603022873163e+09 1.364482895135879517e+03 0.000000000000000000e+00 0.000000000000000000e+00
1.140000000000000000e+02 1.000000000000000000e+00 4.000000000000000000e+00 0.000000000000000000e+00 1.100498433115496874e+09 1.100498433115496874e+09 1.188846560340465069e+09 1.188846560340465069e+09 1.944587825512886047e+04 0.000000000000000000e+00 0.000000000000000000e+00
1.150000000000000000e+02 1.000000000000000000e+00 4.000000000000000000e+00 0.000000000000000000e+00 1.057515300932535410e+09 1.057515300932535410e+09 1.167908185511888027e+09 1.167908185511888027e+09 1.589534679889678955e+03 0.000000000000000000e+00 0.000000000000000000e+00
1.160000000000000000e+02 1.000000000000000000e+00 4.000000000000000000e+00 0.000000000000000000e+00 1.087610380914126396e+09 1.087610380914126396e+09 1.193565343024633884e+09 1.193565343024633884e+09 1.436623876810073853e+03 0.000000000000000000e+00 0.000000000000000000e+00
1.170000000000000000e+02 1.000000000000000000e+00 4.000000000000000000e+00 0.000000000000000000e+00 1.063814609665004611e+09 1.063814609665004611e+09 1.194972814439154148e+09 1.194972814439154148e+09 1.972049840927124023e+03 0.000000000000000000e+00 0.000000000000000000e+00
1.180000000000000000e+02 1.000000000000000000e+00 4.000000000000000000e+00 0.000000000000000000e+00 1.074816627223645449e+09 1.074816627223645449e+09 1.182917581433456898e+09 1.182917581433456898e+09 1.384761871099472046e+03 0.000000000000000000e+00 0.000000000000000000e+00
1.190000000000000000e+02 1.000000000000000000e+00 4.000000000000000000e+00 0.000000000000000000e+00 1.061138143912620306e+09 1.061138143912620306e+09 1.174730976294802427e+09 1.174730976294802427e+09 1.571266628026962280e+03 0.000000000000000000e+00 0.000000000000000000e+00
1.200000000000000000e+02 1.000000000000000000e+00 4.000000000000000000e+00 0.000000000000000000e+00 1.077331115770824671e+09 1.077331115770824671e+09 1.191838500478517532e+09 1.191838500478517532e+09 1.648379101037979126e+03 0.000000000000000000e+00 0.000000000000000000e+00
1.210000000000000000e+02 1.000000000000000000e+00 4.000000000000000000e+00 0.000000000000000000e+00 1.093116763610556602e+09 1.093116763610556602e+09 1.191991863567965508e+09 1.191991863567965508e+09 1.143349809885025024e+03 0.000000000000000000e+00 0.000000000000000000e+00
1.220000000000000000e+02 1.000000000000000000e+00 4.000000000000000000e+00 0.000000000000000000e+00 1.069370248550307751e+09 1.069370248550307751e+09 1.198252427759896278e+09 1.198252427759896278e+09 1.865679185152053833e+03 0.000000000000000000e+00 0.000000000000000000e+00
1.230000000000000000e+02 1.000000000000000000e+00 4.000000000000000000e+00 0.000000000000000000e+00 1.075831995919412851e+09 1.075831995919412851e+09 1.186669614054011583e+09 1.186669614054011583e+09 2.240365131139755249e+03 0.000000000000000000e+00 0.000000000000000000e+00
1.240000000000000000e+02 1.000000000000000000e+00 4.000000000000000000e+00 0.000000000000000000e+00 1.050972229828450441e+09 1.050972229828450441e+09 1.185603540268850565e+09 1.185603540268850565e+09 1.783249716997146606e+03 0.000000000000000000e+00 0.000000000000000000e+00
1.250000000000000000e+02 1.000000000000000000e+00 4.000000000000000000e+00 0.000000000000000000e+00 1.074155253110686779e+09 1.074155253110686779e+09 1.183320549796806812e+09 1.183320549796806812e+09 1.977642450809478760e+03 0.000000000000000000e+00 0.000000000000000000e+00
1.260000000000000000e+02 1.000000000000000000e+00 4.000000000000000000e+00 0.000000000000000000e+00 1.073492162271373749e+09 1.073492162271373749e+09 1.196388819461384058e+09 1.196388819461384058e+09 2.014335075139999390e+03 0.000000000000000000e+00 0.000000000000000000e+00
1.270000000000000000e+02 1.000000000000000000e+00 4.000000000000000000e+00 0.000000000000000000e+00 1.069029611348922372e+09 1.069029611348922372e+09 1.187127305284562588e+09 1.187127305284562588e+09 1.441718169927597046e+03 0.000000000000000000e+00 0.000000000000000000e+00
1.280000000000000000e+02 1.000000000000000000e+00 4.000000000000000000e+00 0.000000000000000000e+00 1.070152215398698568e+09 1.070152215398698568e+09 1.183314334602994204e+09 1.183314334602994204e+09 2.140607618093490601e+03 0.000000000000000000e+00 0.000000000000000000e+00
1.290000000000000000e+02 1.000000000000000000e+00 4.000000000000000000e+00 0.000000000000000000e+00 1.077158267715178728e+09 1.077158267715178728e+09 1.176210202731881857e+09 1.176210202731881857e+09 1.332821841001510620e+03 0.000000000000000000e+00 0.000000000000000000e+00
1.300000000000000000e+02 1.000000000000000000e+00 4.000000000000000000e+00 0.000000000000000000e+00 1.054709274118243814e+09 1.054709274118243814e+09 1.181242916570601225e+09 1.181242916570601225e+09 3.475852493047714233e+03 0.000000000000000000e+00 0.000000000000000000e+00
1.310000000000000000e+02 1.000000000000000000e+00 4.000000000000000000e+00 0.000000000000000000e+00 1.052048651160019994e+09 1.052048651160019994e+09 1.193707721471407890e+09 1.193707721471407890e+09 1.414569640874862671e+03 0.000000000000000000e+00 0.000000000000000000e+00
1.320000000000000000e+02 1.000000000000000000e+00 4.000000000000000000e+00 0.000000000000000000e+00 1.066748595899340391e+09 1.066748595899340391e+09 1.184850172011041403e+09 1.184850172011041403e+09 1.288954721212387085e+03 0.000000000000000000e+00 0.000000000000000000e+00
1.330000000000000000e+02 1.000000000000000000e+00 4.000000000000000000e+00 0.000000000000000000e+00 1.060430898772195578e+09 1.060430898772195578e+09 1.182977942682100534e+09 1.182977942682100534e+09 1.683338376045227051e+03 0.000000000000000000e+00 0.000000000000000000e+00
1.340000000000000000e+02 1.000000000000000000e+00 4.000000000000000000e+00 0.000000000000000000e+00 1.059237825344712973e+09 1.059237825344712973e+09 1.192833548087275028e+09 1.192833548087275028e+09 1.619235392093658447e+03 0.000000000000000000e+00 0.000000000000000000e+00
1.350000000000000000e+02 1.000000000000000000e+00 4.000000000000000000e+00 0.000000000000000000e+00 1.095161951545782328e+09 1.095161951545782328e+09 1.187476008192716122e+09 1.187476008192716122e+09 1.518347470045089722e+03 0.000000000000000000e+00 0.000000000000000000e+00
1.360000000000000000e+02 1.000000000000000000e+00 4.000000000000000000e+00 0.000000000000000000e+00 1.076180433895442486e+09 1.076180433895442486e+09 1.176268837925803423e+09 1.176268837925803423e+09 1.101721086978912354e+03 0.000000000000000000e+00 0.000000000000000000e+00
1.370000000000000000e+02 1.000000000000000000e+00 4.000000000000000000e+00 0.000000000000000000e+00 1.089091714070552349e+09 1.089091714070552349e+09 1.184982759633142233e+09 1.184982759633142233e+09 1.671322240114212036e+03 0.000000000000000000e+00 0.000000000000000000e+00
1.380000000000000000e+02 1.000000000000000000e+00 4.000000000000000000e+00 0.000000000000000000e+00 1.083550696002947807e+09 1.083550696002947807e+09 1.191380464558076620e+09 1.191380464558076620e+09 1.194303788900375366e+03 0.000000000000000000e+00 0.000000000000000000e+00
1.390000000000000000e+02 1.000000000000000000e+00 4.000000000000000000e+00 0.000000000000000000e+00 1.077450098617619753e+09 1.077450098617619753e+09 1.184194945838356256e+09 1.184194945838356256e+09 1.536068536043167114e+03 0.000000000000000000e+00 0.000000000000000000e+00
1.400000000000000000e+02 1.000000000000000000e+00 4.000000000000000000e+00 0.000000000000000000e+00 1.048067962540053248e+09 1.048067962540053248e+09 1.186061434495006084e+09 1.186061434495006084e+09 2.255555572986602783e+03 0.000000000000000000e+00 0.000000000000000000e+00
1.410000000000000000e+02 1.000000000000000000e+00 4.000000000000000000e+00 0.000000000000000000e+00 1.075106962533457279e+09 1.075106962533457279e+09 1.179632921950414419e+09 1.179632921950414419e+09 1.584024027109146118e+03 0.000000000000000000e+00 0.000000000000000000e+00
1.420000000000000000e+02 1.000000000000000000e+00 4.000000000000000000e+00 0.000000000000000000e+00 1.050506207478795528e+09 1.050506207478795528e+09 1.188003266561743021e+09 1.188003266561743021e+09 2.897248476028442383e+03 0.000000000000000000e+00 0.000000000000000000e+00
1.430000000000000000e+02 1.000000000000000000e+00 4.000000000000000000e+00 0.000000000000000000e+00 1.068722862082265496e+09 1.068722862082265496e+09 1.188944329518031597e+09 1.188944329518031597e+09 2.066087388992309570e+03 0.000000000000000000e+00 0.000000000000000000e+00
1.440000000000000000e+02 1.000000000000000000e+00 4.000000000000000000e+00 0.000000000000000000e+00 1.075972646213930845e+09 1.075972646213930845e+09 1.197390977078936338e+09 1.197390977078936338e+09 2.012356258869171143e+03 0.000000000000000000e+00 0.000000000000000000e+00
1.450000000000000000e+02 1.000000000000000000e+00 4.000000000000000000e+00 0.000000000000000000e+00 1.058877799623440623e+09 1.058877799623440623e+09 1.180810962537511826e+09 1.180810962537511826e+09 1.742439667940139771e+03 0.000000000000000000e+00 0.000000000000000000e+00
1.460000000000000000e+02 1.000000000000000000e+00 4.000000000000000000e+00 0.000000000000000000e+00 1.098930323313830853e+09 1.098930323313830853e+09 1.191120072022141457e+09 1.191120072022141457e+09 1.542164714097976685e+03 0.000000000000000000e+00 0.000000000000000000e+00
1.470000000000000000e+02 1.000000000000000000e+00 4.000000000000000000e+00 0.000000000000000000e+00 1.080217778267033100e+09 1.080217778267033100e+09 1.179871732740556240e+09 1.179871732740556240e+09 1.457175770998001099e+03 0.000000000000000000e+00 0.000000000000000000e+00
1.480000000000000000e+02 1.000000000000000000e+00 4.000000000000000000e+00 0.000000000000000000e+00 1.060461900298968315e+09 1.060461900298968315e+09 1.182426905700903416e+09 1.182426905700903416e+09 1.750109573125839233e+03 0.000000000000000000e+00 0.000000000000000000e+00
1.490000000000000000e+02 1.000000000000000000e+00 4.000000000000000000e+00 0.000000000000000000e+00 1.076338060984398603e+09 1.076338060984398603e+09 1.188098081814456701e+09 1.188098081814456701e+09 1.355909445047378540e+03 0.000000000000000000e+00 0.000000000000000000e+00
1.500000000000000000e+02 1.000000000000000000e+00 4.000000000000000000e+00 0.000000000000000000e+00 1.050339557832579017e+09 1.050339557832579017e+09 1.182497097421173573e+09 1.182497097421173573e+09 2.244760738849639893e+03 0.000000000000000000e+00 0.000000000000000000e+00
1.510000000000000000e+02 1.000000000000000000e+00 4.000000000000000000e+00 0.000000000000000000e+00 1.055176781234151483e+09 1.055176781234151483e+09 1.182300697250492573e+09 1.182300697250492573e+09 2.036326738834381104e+03 0.000000000000000000e+00 0.000000000000000000e+00
1.520000000000000000e+02 1.000000000000000000e+00 4.000000000000000000e+00 0.000000000000000000e+00 1.071717963236017466e+09 1.071717963236017466e+09 1.188994830219036102e+09 1.188994830219036102e+09 1.673997879981994629e+03 0.000000000000000000e+00 0.000000000000000000e+00
1.530000000000000000e+02 1.000000000000000000e+00 4.000000000000000000e+00 0.000000000000000000e+00 1.057921672107191682e+09 1.057921672107191682e+09 1.187245469759972572e+09 1.187245469759972572e+09 2.743225591182708740e+03 0.000000000000000000e+00 0.000000000000000000e+00
1.540000000000000000e+02 1.000000000000000000e+00 4.000000000000000000e+00 0.000000000000000000e+00 1.041746139978254914e+09 1.041746139978254914e+09 1.188847441650455713e+09 1.188847441650455713e+09 3.123411015033721924e+03 0.000000000000000000e+00 0.000000000000000000e+00
1.550000000000000000e+02 1.000000000000000000e+00 4.000000000000000000e+00 0.000000000000000000e+00 1.054220281301232338e+09 1.054220281301232338e+09 1.181291273400795698e+09 1.181291273400795698e+09 2.151260440111160278e+03 0.000000000000000000e+00 0.000000000000000000e+00
1.560000000000000000e+02 1.000000000000000000e+00 4.000000000000000000e+00 0.000000000000000000e+00 1.084505083136139631e+09 1.084505083136139631e+09 1.191369410209630728e+09 1.191369410209630728e+09 2.040360319137573242e+03 0.000000000000000000e+00 0.000000000000000000e+00
1.570000000000000000e+02 1.000000000000000000e+00 4.000000000000000000e+00 0.000000000000000000e+00 1.076382194452615499e+09 1.076382194452615499e+09 1.188087852094284058e+09 1.188087852094284058e+09 1.980941627979278564e+03 0.000000000000000000e+00 0.000000000000000000e+00
1.580000000000000000e+02 1.000000000000000000e+00 4.000000000000000000e+00 0.000000000000000000e+00 1.069159757490579486e+09 1.069159757490579486e+09 1.193088986172779560e+09 1.193088986172779560e+09 1.278849674940109253e+03 0.000000000000000000e+00 0.000000000000000000e+00
1.590000000000000000e+02 1.000000000000000000e+00 4.000000000000000000e+00 0.000000000000000000e+00 1.061998488453332186e+09 1.061998488453332186e+09 1.189692968577049971e+09 1.189692968577049971e+09 2.196924282073974609e+03 0.000000000000000000e+00 0.000000000000000000e+00
1.600000000000000000e+02 1.000000000000000000e+00 4.000000000000000000e+00 0.000000000000000000e+00 1.083200028319856167e+09 1.083200028319856167e+09 1.184195193421784163e+09 1.184195193421784163e+09 2.099141443014144897e+03 0.000000000000000000e+00 0.000000000000000000e+00
1.610000000000000000e+02 1.000000000000000000e+00 4.000000000000000000e+00 0.000000000000000000e+00 1.080816194419045925e+09 1.080816194419045925e+09 1.187274198962992191e+09 1.187274198962992191e+09 1.343733557939529419e+03 0.000000000000000000e+00 0.000000000000000000e+00
1.620000000000000000e+02 1.000000000000000000e+00 4.000000000000000000e+00 0.000000000000000000e+00 1.076389914146121264e+09 1.076389914146121264e+09 1.189760506288155317e+09 1.189760506288155317e+09 1.324700041055679321e+03 0.000000000000000000e+00 0.000000000000000000e+00
1.630000000000000000e+02 1.000000000000000000e+00 4.000000000000000000e+00 0.000000000000000000e+00 1.077959134151849508e+09 1.077959134151849508e+09 1.185859797934691906e+09 1.185859797934691906e+09 1.247349107027053833e+03 0.000000000000000000e+00 0.000000000000000000e+00
1.640000000000000000e+02 1.000000000000000000e+00 4.000000000000000000e+00 0.000000000000000000e+00 1.067739799917268395e+09 1.067739799917268395e+09 1.193081514682395458e+09 1.193081514682395458e+09 1.558448201894760132e+03 0.000000000000000000e+00 0.000000000000000000e+00
1.650000000000000000e+02 1.000000000000000000e+00 4.000000000000000000e+00 0.000000000000000000e+00 1.059961120965692401e+09 1.059961120965692401e+09 1.181810754380575895e+09 1.181810754380575895e+09 2.134174682140350342e+03 0.000000000000000000e+00 0.000000000000000000e+00
1.660000000000000000e+02 1.000000000000000000e+00 4.000000000000000000e+00 0.000000000000000000e+00 1.089165088933692932e+09 1.089165088933692932e+09 1.189892800436709166e+09 1.189892800436709166e+09 1.815715739965438843e+03 0.000000000000000000e+00 0.000000000000000000e+00
1.670000000000000000e+02 1.000000000000000000e+00 4.000000000000000000e+00 0.000000000000000000e+00 1.095895886928652287e+09 1.095895886928652287e+09 1.192986871812693596e+09 1.192986871812693596e+09 1.337508221864700317e+03 0.000000000000000000e+00 0.000000000000000000e+00
1.680000000000000000e+02 1.000000000000000000e+00 4.000000000000000000e+00 0.000000000000000000e+00 1.093431325942902327e+09 1.093431325942902327e+09 1.186535689085921764e+09 1.186535689085921764e+09 1.418468117952346802e+03 0.000000000000000000e+00 0.000000000000000000e+00
1.690000000000000000e+02 1.000000000000000000e+00 4.000000000000000000e+00 0.000000000000000000e+00 1.078036149572094440e+09 1.078036149572094440e+09 1.184957460078691721e+09 1.184957460078691721e+09 1.400776140928268433e+03 0.000000000000000000e+00 0.000000000000000000e+00
1.700000000000000000e+02 1.000000000000000000e+00 4.000000000000000000e+00 0.000000000000000000e+00 1.060688673194590211e+09 1.060688673194590211e+09 1.170521976603003263e+09 1.170521976603003263e+09 1.353613500118255615e+03 0.000000000000000000e+00 0.000000000000000000e+00
1.710000000000000000e+02 1.000000000000000000e+00 4.000000000000000000e+00 0.000000000000000000e+00 1.063364154300464392e+09 1.063364154300464392e+09 1.187384011119683743e+09 1.187384011119683743e+09 2.241105550050735474e+03 0.000000000000000000e+00 0.000000000000000000e+00
1.720000000000000000e+02 1.000000000000000000e+00 4.000000000000000000e+00 0.000000000000000000e+00 1.054205824782422304e+09 1.054205824782422304e+09 1.179199308955375195e+09 1.179199308955375195e+09 1.336732732057571411e+03 0.000000000000000000e+00 0.000000000000000000e+00
1.730000000000000000e+02 1.000000000000000000e+00 4.000000000000000000e+00 0.000000000000000000e+00 1.083716194963683128e+09 1.083716194963683128e+09 1.189507546229036331e+09 1.189507546229036331e+09 9.755224058628082275e+02 0.000000000000000000e+00 0.000000000000000000e+00
1.740000000000000000e+02 1.000000000000000000e+00 4.000000000000000000e+00 0.000000000000000000e+00 1.059203139050492883e+09 1.059203139050492883e+09 1.187430713259295702e+09 1.187430713259295702e+09 2.556030781030654907e+03 0.000000000000000000e+00 0.000000000000000000e+00
1.750000000000000000e+02 1.000000000000000000e+00 4.000000000000000000e+00 0.000000000000000000e+00 1.081419403139506102e+09 1.081419403139506102e+09 1.178160388720252514e+09 1.178160388720252514e+09 2.717428077936172485e+03 0.000000000000000000e+00 0.000000000000000000e+00
1.760000000000000000e+02 1.000000000000000000e+00 4.000000000000000000e+00 0.000000000000000000e+00 1.094063976784584522e+09 1.094063976784584522e+09 1.181573160349054098e+09 1.181573160349054098e+09 1.617415677070617676e+03 0.000000000000000000e+00 0.000000000000000000e+00
1.770000000000000000e+02 1.000000000000000000e+00 4.000000000000000000e+00 0.000000000000000000e+00 1.075612708170519590e+09 1.075612708170519590e+09 1.182343385893622160e+09 1.182343385893622160e+09 1.429553312063217163e+03 0.000000000000000000e+00 0.000000000000000000e+00
1.780000000000000000e+02 1.000000000000000000e+00 4.000000000000000000e+00 0.000000000000000000e+00 1.049228564068264961e+09 1.049228564068264961e+09 1.186994529362875223e+09 1.186994529362875223e+09 1.596714109897613525e+03 0.000000000000000000e+00 0.000000000000000000e+00
1.790000000000000000e+02 1.000000000000000000e+00 4.000000000000000000e+00 0.000000000000000000e+00 1.112334888040708303e+09 1.112334888040708303e+09 1.194407762220213890e+09 1.194407762220213890e+09 1.547554583072662354e+03 0.000000000000000000e+00 0.000000000000000000e+00
1.800000000000000000e+02 1.000000000000000000e+00 4.000000000000000000e+00 0.000000000000000000e+00 1.058746921989138007e+09 1.058746921989138007e+09 1.187332280777139187e+09 1.187332280777139187e+09 1.803391525983810425e+03 0.000000000000000000e+00 0.000000000000000000e+00
1.810000000000000000e+02 1.000000000000000000e+00 4.000000000000000000e+00 0.000000000000000000e+00 1.049899385933251858e+09 1.049899385933251858e+09 1.182756403416729450e+09 1.182756403416729450e+09 1.410914987087249756e+03 0.000000000000000000e+00 0.000000000000000000e+00
1.820000000000000000e+02 1.000000000000000000e+00 4.000000000000000000e+00 0.000000000000000000e+00 1.033268268050529242e+09 1.033268268050529242e+09 1.184113329603000641e+09 1.184113329603000641e+09 1.938297735929489136e+03 0.000000000000000000e+00 0.000000000000000000e+00
1.830000000000000000e+02 1.000000000000000000e+00 4.000000000000000000e+00 0.000000000000000000e+00 1.066108928072794557e+09 1.066108928072794557e+09 1.184395340437586069e+09 1.184395340437586069e+09 2.229518983125686646e+03 0.000000000000000000e+00 0.000000000000000000e+00
1.840000000000000000e+02 1.000000000000000000e+00 4.000000000000000000e+00 0.000000000000000000e+00 1.040720995257514954e+09 1.040720995257514954e+09 1.173459048057760239e+09 1.173459048057760239e+09 1.969032435894012451e+03 0.000000000000000000e+00 0.000000000000000000e+00
1.850000000000000000e+02 1.000000000000000000e+00 4.000000000000000000e+00 0.000000000000000000e+00 1.084637563021778107e+09 1.084637563021778107e+09 1.187567068277113676e+09 1.187567068277113676e+09 2.470348780155181885e+03 0.000000000000000000e+00 0.000000000000000000e+00
1.860000000000000000e+02 1.000000000000000000e+00 4.000000000000000000e+00 0.000000000000000000e+00 1.081065572771483183e+09 1.081065572771483183e+09 1.178340455735607862e+09 1.178340455735607862e+09 1.771550297975540161e+03 0.000000000000000000e+00 0.000000000000000000e+00
1.870000000000000000e+02 1.000000000000000000e+00 4.000000000000000000e+00 0.000000000000000000e+00 1.091229277075780630e+09 1.091229277075780630e+09 1.195719614468246460e+09 1.195719614468246460e+09 2.813667845010757446e+03 0.000000000000000000e+00 0.000000000000000000e+00
1.880000000000000000e+02 1.000000000000000000e+00 4.000000000000000000e+00 0.000000000000000000e+00 1.095818090241341591e+09 1.095818090241341591e+09 1.189431487572633743e+09 1.189431487572633743e+09 1.346562502145767212e+03 0.000000000000000000e+00 0.000000000000000000e+00
1.890000000000000000e+02 1.000000000000000000e+00 4.000000000000000000e+00 0.000000000000000000e+00 1.055174905553443670e+09 1.055174905553443670e+09 1.191186442057426214e+09 1.191186442057426214e+09 2.677581071853637695e+03 0.000000000000000000e+00 0.000000000000000000e+00
1.900000000000000000e+02 1.000000000000000000e+00 4.000000000000000000e+00 0.000000000000000000e+00 1.077406425024329424e+09 1.077406425024329424e+09 1.202325687847568989e+09 1.202325687847568989e+09 1.363384531021118164e+03 0.000000000000000000e+00 0.000000000000000000e+00
1.910000000000000000e+02 1.000000000000000000e+00 4.000000000000000000e+00 0.000000000000000000e+00 1.096264803209434509e+09 1.096264803209434509e+09 1.195428561587450266e+09 1.195428561587450266e+09 2.452455125093460083e+03 0.000000000000000000e+00 0.000000000000000000e+00
1.920000000000000000e+02 1.000000000000000000e+00 4.000000000000000000e+00 0.000000000000000000e+00 1.083958812371826410e+09 1.083958812371826410e+09 1.181632802552975178e+09 1.181632802552975178e+09 1.998178974151611328e+03 0.000000000000000000e+00 0.000000000000000000e+00
1.930000000000000000e+02 1.000000000000000000e+00 4.000000000000000000e+00 0.000000000000000000e+00 1.073893218749958277e+09 1.073893218749958277e+09 1.186413092263395309e+09 1.186413092263395309e+09 1.432264955043792725e+03 0.000000000000000000e+00 0.000000000000000000e+00
1.940000000000000000e+02 1.000000000000000000e+00 4.000000000000000000e+00 0.000000000000000000e+00 1.067062998387844443e+09 1.067062998387844443e+09 1.187918220751357317e+09 1.187918220751357317e+09 1.277016049861907959e+03 0.000000000000000000e+00 0.000000000000000000e+00
1.950000000000000000e+02 1.000000000000000000e+00 4.000000000000000000e+00 0.000000000000000000e+00 1.040826181541734576e+09 1.040826181541734576e+09 1.191738589229486465e+09 1.191738589229486465e+09 4.031288228797912598e+04 0.000000000000000000e+00 0.000000000000000000e+00
1.960000000000000000e+02 1.000000000000000000e+00 4.000000000000000000e+00 0.000000000000000000e+00 1.074109674931478977e+09 1.074109674931478977e+09 1.183211598112946749e+09 1.183211598112946749e+09 1.533127883911132812e+03 0.000000000000000000e+00 0.000000000000000000e+00
1.970000000000000000e+02 1.000000000000000000e+00 4.000000000000000000e+00 0.000000000000000000e+00 1.061472977125219464e+09 1.061472977125219464e+09 1.184714892192328930e+09 1.184714892192328930e+09 1.781830430984497070e+03 0.000000000000000000e+00 0.000000000000000000e+00
1.980000000000000000e+02 1.000000000000000000e+00 4.000000000000000000e+00 0.000000000000000000e+00 1.074730101053503275e+09 1.074730101053503275e+09 1.197322168666658640e+09 1.197322168666658640e+09 1.529353833913803101e+03 0.000000000000000000e+00 0.000000000000000000e+00
1.990000000000000000e+02 1.000000000000000000e+00 4.000000000000000000e+00 0.000000000000000000e+00 1.038270821753152728e+09 1.038270821753152728e+09 1.177307233240024328e+09 1.177307233240024328e+09 1.589096185922622681e+03 0.000000000000000000e+00 0.000000000000000000e+00
