# # run number, ti calc, ti opt, aep init calc (kW), aep init opt (kW), aep run calc (kW), aep run opt (kW), run time (s), obj func calls, sens func calls
0.000000000000000000e+00 4.000000000000000000e+00 5.000000000000000000e+00 1.533390139744620919e+08 1.533390582376442254e+08 1.629225235889858007e+08 1.629221430930843949e+08 2.006311233043670654e+02 3.420000000000000000e+02 2.670000000000000000e+02
1.000000000000000000e+00 4.000000000000000000e+00 5.000000000000000000e+00 1.295619299413524866e+08 1.295629399937770814e+08 1.295619299413524866e+08 1.295629399937770814e+08 7.391358852386474609e+00 7.900000000000000000e+01 4.000000000000000000e+00
2.000000000000000000e+00 4.000000000000000000e+00 5.000000000000000000e+00 1.285076507444450259e+08 1.285082579576872438e+08 1.285076507444450259e+08 1.285082579576872289e+08 7.571533441543579102e+00 7.900000000000000000e+01 4.000000000000000000e+00
3.000000000000000000e+00 4.000000000000000000e+00 5.000000000000000000e+00 1.370795951011385620e+08 1.370807118521415889e+08 1.559706452110251784e+08 1.559699612634382844e+08 1.195855829715728760e+02 2.300000000000000000e+02 1.550000000000000000e+02
4.000000000000000000e+00 4.000000000000000000e+00 5.000000000000000000e+00 1.360097631636491120e+08 1.360104268744665384e+08 1.575176604662820399e+08 1.575173050015823841e+08 1.158736159801483154e+02 2.240000000000000000e+02 1.490000000000000000e+02
5.000000000000000000e+00 4.000000000000000000e+00 5.000000000000000000e+00 1.314642500784345865e+08 1.314655817462382615e+08 1.583236305527060330e+08 1.583231080594686568e+08 1.790485160350799561e+02 3.130000000000000000e+02 2.380000000000000000e+02
6.000000000000000000e+00 4.000000000000000000e+00 5.000000000000000000e+00 1.311704942747435272e+08 1.311711192021635622e+08 1.571708719714378119e+08 1.571705076753015220e+08 7.144187474250793457e+01 1.580000000000000000e+02 8.300000000000000000e+01
7.000000000000000000e+00 4.000000000000000000e+00 5.000000000000000000e+00 1.331455594190173298e+08 1.331466161960240602e+08 1.331455594190173149e+08 1.331466161960240901e+08 7.772509574890136719e+00 7.900000000000000000e+01 4.000000000000000000e+00
8.000000000000000000e+00 4.000000000000000000e+00 5.000000000000000000e+00 1.317808626282849312e+08 1.317811584426968396e+08 1.601756525490927696e+08 1.601751929370898306e+08 1.543066563606262207e+02 2.640000000000000000e+02 1.890000000000000000e+02
9.000000000000000000e+00 4.000000000000000000e+00 5.000000000000000000e+00 1.300735607836976945e+08 1.300738078208159506e+08 1.594124958178473413e+08 1.594119242346798480e+08 1.376666183471679688e+02 2.430000000000000000e+02 1.680000000000000000e+02
1.000000000000000000e+01 4.000000000000000000e+00 5.000000000000000000e+00 1.352004367268597186e+08 1.352009088777533770e+08 1.594997831323185265e+08 1.594990678438804150e+08 1.310688173770904541e+02 2.320000000000000000e+02 1.570000000000000000e+02
1.100000000000000000e+01 4.000000000000000000e+00 5.000000000000000000e+00 1.295632032412664741e+08 1.295639619058951288e+08 1.592413184636247158e+08 1.592405362238907516e+08 1.631360020637512207e+02 2.930000000000000000e+02 2.180000000000000000e+02
1.200000000000000000e+01 4.000000000000000000e+00 5.000000000000000000e+00 1.346700166141996384e+08 1.346704259255583584e+08 1.573206479387999773e+08 1.573204442692012787e+08 1.577596333026885986e+02 2.850000000000000000e+02 2.100000000000000000e+02
1.300000000000000000e+01 4.000000000000000000e+00 5.000000000000000000e+00 1.258637070024488866e+08 1.258639846446771175e+08 1.572382540765610337e+08 1.572379351460087299e+08 1.756317663192749023e+02 3.120000000000000000e+02 2.370000000000000000e+02
1.400000000000000000e+01 4.000000000000000000e+00 5.000000000000000000e+00 1.291629060135164857e+08 1.291634711769137233e+08 1.291629060135164857e+08 1.291634711769137383e+08 7.478020429611206055e+00 7.900000000000000000e+01 4.000000000000000000e+00
1.500000000000000000e+01 4.000000000000000000e+00 5.000000000000000000e+00 1.291151882804242820e+08 1.291157572774715573e+08 1.580808004265226424e+08 1.580804286193748713e+08 3.633702330589294434e+02 5.410000000000000000e+02 4.660000000000000000e+02
1.600000000000000000e+01 4.000000000000000000e+00 5.000000000000000000e+00 1.359521151598657370e+08 1.359528421085319519e+08 1.623886948450064659e+08 1.623884675534241498e+08 1.032092628479003906e+02 1.970000000000000000e+02 1.220000000000000000e+02
1.700000000000000000e+01 4.000000000000000000e+00 5.000000000000000000e+00 1.311791844401716292e+08 1.311799028233872205e+08 1.547868461519567370e+08 1.547867753397249877e+08 2.305114810466766357e+02 3.600000000000000000e+02 2.850000000000000000e+02
1.800000000000000000e+01 4.000000000000000000e+00 5.000000000000000000e+00 1.273687011075628251e+08 1.273691850821955800e+08 1.571191740445221364e+08 1.571188959426194131e+08 2.270234594345092773e+02 3.520000000000000000e+02 2.770000000000000000e+02
1.900000000000000000e+01 4.000000000000000000e+00 5.000000000000000000e+00 1.387477968614086807e+08 1.387485454549620450e+08 1.614416655888552666e+08 1.614412265583148003e+08 2.070794172286987305e+02 3.290000000000000000e+02 2.540000000000000000e+02
2.000000000000000000e+01 4.000000000000000000e+00 5.000000000000000000e+00 1.339450092914439738e+08 1.339460103457358927e+08 1.584304613931140006e+08 1.584303362230529189e+08 1.877494082450866699e+02 3.050000000000000000e+02 2.300000000000000000e+02
2.100000000000000000e+01 4.000000000000000000e+00 5.000000000000000000e+00 1.330622974566752762e+08 1.330624346730233133e+08 1.608430470604487062e+08 1.608425926868177354e+08 1.463366727828979492e+02 2.490000000000000000e+02 1.740000000000000000e+02
2.200000000000000000e+01 4.000000000000000000e+00 5.000000000000000000e+00 1.368964821305337548e+08 1.368996181317131519e+08 1.602184850998846591e+08 1.602177270763555467e+08 1.163371503353118896e+02 2.110000000000000000e+02 1.360000000000000000e+02
2.300000000000000000e+01 4.000000000000000000e+00 5.000000000000000000e+00 1.304405570395938158e+08 1.304423464258810878e+08 1.582971132113645077e+08 1.582967725206272602e+08 1.551638875007629395e+02 2.590000000000000000e+02 1.840000000000000000e+02
2.400000000000000000e+01 4.000000000000000000e+00 5.000000000000000000e+00 1.303188152729832232e+08 1.303200829266783148e+08 1.574832843079901934e+08 1.574829060999751985e+08 1.696730380058288574e+02 2.760000000000000000e+02 2.010000000000000000e+02
2.500000000000000000e+01 4.000000000000000000e+00 5.000000000000000000e+00 1.305697724197355211e+08 1.305701056945331097e+08 1.596447153177262545e+08 1.596444748645871580e+08 1.461052944660186768e+02 2.480000000000000000e+02 1.730000000000000000e+02
2.600000000000000000e+01 4.000000000000000000e+00 5.000000000000000000e+00 1.318120665511827022e+08 1.318131213051373065e+08 1.590223271713970602e+08 1.590220038418677449e+08 1.825157406330108643e+02 2.990000000000000000e+02 2.240000000000000000e+02
2.700000000000000000e+01 4.000000000000000000e+00 5.000000000000000000e+00 1.333580535498808920e+08 1.333599232139264941e+08 1.599198252152629495e+08 1.599195143461349607e+08 1.469306294918060303e+02 2.510000000000000000e+02 1.760000000000000000e+02
2.800000000000000000e+01 4.000000000000000000e+00 5.000000000000000000e+00 1.358991776494616270e+08 1.359015007571243048e+08 1.575124454288074672e+08 1.575123370390781462e+08 1.108951518535614014e+02 2.050000000000000000e+02 1.300000000000000000e+02
2.900000000000000000e+01 4.000000000000000000e+00 5.000000000000000000e+00 1.373561241274532080e+08 1.373564747319018245e+08 1.594841061479283571e+08 1.594839631482158303e+08 2.064851272106170654e+02 3.270000000000000000e+02 2.520000000000000000e+02
3.000000000000000000e+01 4.000000000000000000e+00 5.000000000000000000e+00 1.348616969452922642e+08 1.348623402745546103e+08 1.580785079659067094e+08 1.580783805347382724e+08 1.326231591701507568e+02 2.310000000000000000e+02 1.560000000000000000e+02
3.100000000000000000e+01 4.000000000000000000e+00 5.000000000000000000e+00 1.295466536011721790e+08 1.295478725314471573e+08 1.610362433166703880e+08 1.610360211385568380e+08 2.381718671321868896e+02 3.620000000000000000e+02 2.870000000000000000e+02
3.200000000000000000e+01 4.000000000000000000e+00 5.000000000000000000e+00 1.324579887815756500e+08 1.324587667870048881e+08 1.565954469363194704e+08 1.565947886057475209e+08 2.085020112991333008e+02 3.290000000000000000e+02 2.540000000000000000e+02
3.300000000000000000e+01 4.000000000000000000e+00 5.000000000000000000e+00 1.309999882329913080e+08 1.310010972459223121e+08 1.606388463513865769e+08 1.606385875899530947e+08 1.294894826412200928e+02 2.270000000000000000e+02 1.520000000000000000e+02
3.400000000000000000e+01 4.000000000000000000e+00 5.000000000000000000e+00 1.307502185336024016e+08 1.307509272439163476e+08 1.562571105839002728e+08 1.562565354450035691e+08 1.548572025299072266e+02 2.660000000000000000e+02 1.910000000000000000e+02
3.500000000000000000e+01 4.000000000000000000e+00 5.000000000000000000e+00 1.279050686861706227e+08 1.279061664894306511e+08 1.611898660428527594e+08 1.611894805485954881e+08 1.455889554023742676e+02 2.540000000000000000e+02 1.790000000000000000e+02
3.600000000000000000e+01 4.000000000000000000e+00 5.000000000000000000e+00 1.345306585947497189e+08 1.345313277306631804e+08 1.594256814409064949e+08 1.594253276117316484e+08 1.465659568309783936e+02 2.540000000000000000e+02 1.790000000000000000e+02
3.700000000000000000e+01 4.000000000000000000e+00 5.000000000000000000e+00 1.400571842597610652e+08 1.400576590247555971e+08 1.400571842597610652e+08 1.400576590247555971e+08 7.697017908096313477e+00 7.900000000000000000e+01 4.000000000000000000e+00
3.800000000000000000e+01 4.000000000000000000e+00 5.000000000000000000e+00 1.306746989684545994e+08 1.306754976288305819e+08 1.597326743873892725e+08 1.597326465116783977e+08 1.112584555149078369e+02 2.060000000000000000e+02 1.310000000000000000e+02
3.900000000000000000e+01 4.000000000000000000e+00 5.000000000000000000e+00 1.339265670666113496e+08 1.339267072757712752e+08 1.585086775091222227e+08 1.585082723816837668e+08 9.570692110061645508e+01 1.870000000000000000e+02 1.120000000000000000e+02
4.000000000000000000e+01 4.000000000000000000e+00 5.000000000000000000e+00 1.347393267378887832e+08 1.347401370512100756e+08 1.569769234902709424e+08 1.569767556817575991e+08 7.619975662231445312e+01 1.630000000000000000e+02 8.800000000000000000e+01
4.100000000000000000e+01 4.000000000000000000e+00 5.000000000000000000e+00 1.347259026652666032e+08 1.347265543769709170e+08 1.592390673875131309e+08 1.592388080455504954e+08 1.145301022529602051e+02 2.130000000000000000e+02 1.380000000000000000e+02
4.200000000000000000e+01 4.000000000000000000e+00 5.000000000000000000e+00 1.366204699115237296e+08 1.366218046307620108e+08 1.580083409536816776e+08 1.580081171403967440e+08 1.168330228328704834e+02 2.230000000000000000e+02 1.480000000000000000e+02
4.300000000000000000e+01 4.000000000000000000e+00 5.000000000000000000e+00 1.296238951237811744e+08 1.296253338767835945e+08 1.296238951237811744e+08 1.296253338767835945e+08 7.537263631820678711e+00 7.900000000000000000e+01 4.000000000000000000e+00
4.400000000000000000e+01 4.000000000000000000e+00 5.000000000000000000e+00 1.349241215149185061e+08 1.349258203943884969e+08 1.563748158646849394e+08 1.563740504615292847e+08 1.874352860450744629e+02 3.190000000000000000e+02 2.440000000000000000e+02
4.500000000000000000e+01 4.000000000000000000e+00 5.000000000000000000e+00 1.352124852722090781e+08 1.352136839523778856e+08 1.590697328434203267e+08 1.590693022247873843e+08 9.259906244277954102e+01 1.900000000000000000e+02 1.150000000000000000e+02
4.600000000000000000e+01 4.000000000000000000e+00 5.000000000000000000e+00 1.326454032877826244e+08 1.326464595960209668e+08 1.326454032877826542e+08 1.326464595960209519e+08 7.583687543869018555e+00 7.900000000000000000e+01 4.000000000000000000e+00
4.700000000000000000e+01 4.000000000000000000e+00 5.000000000000000000e+00 1.318119624142631143e+08 1.318125667496071160e+08 1.597552342268266976e+08 1.597547774305475950e+08 1.421802656650543213e+02 2.730000000000000000e+02 1.980000000000000000e+02
4.800000000000000000e+01 4.000000000000000000e+00 5.000000000000000000e+00 1.322391893253500164e+08 1.322399936881255507e+08 1.605906657881142497e+08 1.605905390611923039e+08 1.226410958766937256e+02 2.440000000000000000e+02 1.690000000000000000e+02
4.900000000000000000e+01 4.000000000000000000e+00 5.000000000000000000e+00 1.343116764892688096e+08 1.343122736048871279e+08 1.343116764892688096e+08 1.343122736048871279e+08 6.930488824844360352e+00 7.900000000000000000e+01 4.000000000000000000e+00
5.000000000000000000e+01 4.000000000000000000e+00 5.000000000000000000e+00 1.320857980769679099e+08 1.320869459745253772e+08 1.565836356557708681e+08 1.565834396179350615e+08 1.143621444702148438e+02 2.050000000000000000e+02 1.300000000000000000e+02
5.100000000000000000e+01 4.000000000000000000e+00 5.000000000000000000e+00 1.349056836508889496e+08 1.349059105179558396e+08 1.599708296956619918e+08 1.599706789026315510e+08 3.891007120609283447e+02 5.370000000000000000e+02 4.620000000000000000e+02
5.200000000000000000e+01 4.000000000000000000e+00 5.000000000000000000e+00 1.329383190674436837e+08 1.329404449815123230e+08 1.577812718923796117e+08 1.577811267477957010e+08 1.521308112144470215e+02 2.520000000000000000e+02 1.770000000000000000e+02
5.300000000000000000e+01 4.000000000000000000e+00 5.000000000000000000e+00 1.303731735460772663e+08 1.303739441585519165e+08 1.595855182703534961e+08 1.595851332968418598e+08 2.456212825775146484e+02 3.650000000000000000e+02 2.900000000000000000e+02
5.400000000000000000e+01 4.000000000000000000e+00 5.000000000000000000e+00 1.328358677061952204e+08 1.328364568239491135e+08 1.602869515394202173e+08 1.602867292270940542e+08 1.716561532020568848e+02 2.860000000000000000e+02 2.110000000000000000e+02
5.500000000000000000e+01 4.000000000000000000e+00 5.000000000000000000e+00 1.357479575146516562e+08 1.357484721637838781e+08 1.553793103294298649e+08 1.553790016407895386e+08 1.350138561725616455e+02 2.370000000000000000e+02 1.620000000000000000e+02
5.600000000000000000e+01 4.000000000000000000e+00 5.000000000000000000e+00 1.341892256951734871e+08 1.341900940979273319e+08 1.341892256951735169e+08 1.341900940979273468e+08 7.466090679168701172e+00 7.900000000000000000e+01 4.000000000000000000e+00
5.700000000000000000e+01 4.000000000000000000e+00 5.000000000000000000e+00 1.372481865080830455e+08 1.372485106193709373e+08 1.615650378805579841e+08 1.615644901176272631e+08 2.317889332771301270e+02 3.650000000000000000e+02 2.900000000000000000e+02
5.800000000000000000e+01 4.000000000000000000e+00 5.000000000000000000e+00 1.337561347650076598e+08 1.337563907112140656e+08 1.601628676787963212e+08 1.601622152578761578e+08 1.041489493846893311e+02 1.980000000000000000e+02 1.230000000000000000e+02
5.900000000000000000e+01 4.000000000000000000e+00 5.000000000000000000e+00 1.320589562567523271e+08 1.320595285562036783e+08 1.601564947390416265e+08 1.601562978455959857e+08 1.766901588439941406e+02 2.890000000000000000e+02 2.140000000000000000e+02
6.000000000000000000e+01 4.000000000000000000e+00 5.000000000000000000e+00 1.334265982104865015e+08 1.334277413874404132e+08 1.566445099381456077e+08 1.566441756329613030e+08 3.180235240459442139e+02 4.960000000000000000e+02 4.210000000000000000e+02
6.100000000000000000e+01 4.000000000000000000e+00 5.000000000000000000e+00 1.376707775355710387e+08 1.376712289668763876e+08 1.581555356705404520e+08 1.581552563696083128e+08 1.736415636539459229e+02 2.880000000000000000e+02 2.130000000000000000e+02
6.200000000000000000e+01 4.000000000000000000e+00 5.000000000000000000e+00 1.385537248899561167e+08 1.385545074198102653e+08 1.385537248899561465e+08 1.385545074198102653e+08 7.173964977264404297e+00 7.900000000000000000e+01 4.000000000000000000e+00
6.300000000000000000e+01 4.000000000000000000e+00 5.000000000000000000e+00 1.328717204532525390e+08 1.328727292290312946e+08 1.328717204532525539e+08 1.328727292290312946e+08 7.315240383148193359e+00 7.900000000000000000e+01 4.000000000000000000e+00
6.400000000000000000e+01 4.000000000000000000e+00 5.000000000000000000e+00 1.264519693887743354e+08 1.264528606300704330e+08 1.264519693887743503e+08 1.264528606300704479e+08 7.354134798049926758e+00 7.900000000000000000e+01 4.000000000000000000e+00
6.500000000000000000e+01 4.000000000000000000e+00 5.000000000000000000e+00 1.295279465090803653e+08 1.295286719911744446e+08 1.549942602166282237e+08 1.549936762281271517e+08 9.254783987998962402e+01 1.880000000000000000e+02 1.130000000000000000e+02
6.600000000000000000e+01 4.000000000000000000e+00 5.000000000000000000e+00 1.386987713685267568e+08 1.386991127412641943e+08 1.606017992842139006e+08 1.606010761033171415e+08 1.174421696662902832e+02 2.220000000000000000e+02 1.470000000000000000e+02
6.700000000000000000e+01 4.000000000000000000e+00 5.000000000000000000e+00 1.348196124658019543e+08 1.348209594112206697e+08 1.610825480892728269e+08 1.610823424269998670e+08 1.060660128593444824e+02 2.080000000000000000e+02 1.330000000000000000e+02
6.800000000000000000e+01 4.000000000000000000e+00 5.000000000000000000e+00 1.341840323999063522e+08 1.341843843522504121e+08 1.591882394150559604e+08 1.591881814995590746e+08 1.052978627681732178e+02 2.060000000000000000e+02 1.310000000000000000e+02
6.900000000000000000e+01 4.000000000000000000e+00 5.000000000000000000e+00 1.314810741205542386e+08 1.314825850818058103e+08 1.579805786077549756e+08 1.579802281558063328e+08 1.881027400493621826e+02 3.240000000000000000e+02 2.490000000000000000e+02
7.000000000000000000e+01 4.000000000000000000e+00 5.000000000000000000e+00 1.307472314934651107e+08 1.307478093788499385e+08 1.600576044743281007e+08 1.600573844663648903e+08 2.252399072647094727e+02 3.520000000000000000e+02 2.770000000000000000e+02
7.100000000000000000e+01 4.000000000000000000e+00 5.000000000000000000e+00 1.271785389037184864e+08 1.271795267052473426e+08 1.595322152258155644e+08 1.595320507847577929e+08 1.601146514415740967e+02 2.660000000000000000e+02 1.910000000000000000e+02
7.200000000000000000e+01 4.000000000000000000e+00 5.000000000000000000e+00 1.353409121736965775e+08 1.353428723660115004e+08 1.613768680831649005e+08 1.613764798323902488e+08 1.099678452014923096e+02 2.030000000000000000e+02 1.280000000000000000e+02
7.300000000000000000e+01 4.000000000000000000e+00 5.000000000000000000e+00 1.337684194169633090e+08 1.337692276310245395e+08 1.586377922857938707e+08 1.586374068489500582e+08 2.091932203769683838e+02 3.320000000000000000e+02 2.570000000000000000e+02
7.400000000000000000e+01 4.000000000000000000e+00 5.000000000000000000e+00 1.373385797116086185e+08 1.373399409493832886e+08 1.601106643251045048e+08 1.601102711438343525e+08 2.283042352199554443e+02 3.560000000000000000e+02 2.810000000000000000e+02
7.500000000000000000e+01 4.000000000000000000e+00 5.000000000000000000e+00 1.360574994160883725e+08 1.360583378313904107e+08 1.573218359978371859e+08 1.573218871078622043e+08 2.172817959785461426e+02 3.410000000000000000e+02 2.660000000000000000e+02
7.600000000000000000e+01 4.000000000000000000e+00 5.000000000000000000e+00 1.321788306546946019e+08 1.321794356363153309e+08 1.583837788858624995e+08 1.583835176782402694e+08 2.192139906883239746e+02 3.440000000000000000e+02 2.690000000000000000e+02
7.700000000000000000e+01 4.000000000000000000e+00 5.000000000000000000e+00 1.360007501242707372e+08 1.360018310874763131e+08 1.605464278339678943e+08 1.605463339075293541e+08 1.095741209983825684e+02 2.030000000000000000e+02 1.280000000000000000e+02
7.800000000000000000e+01 4.000000000000000000e+00 5.000000000000000000e+00 1.350827815215594172e+08 1.350842821618858278e+08 1.592303286342743635e+08 1.592303051757061481e+08 8.347623777389526367e+01 1.720000000000000000e+02 9.700000000000000000e+01
7.900000000000000000e+01 4.000000000000000000e+00 5.000000000000000000e+00 1.331480252059898973e+08 1.331486156000010371e+08 1.573113967445216775e+08 1.573112717177711129e+08 1.356371533870697021e+02 2.390000000000000000e+02 1.640000000000000000e+02
8.000000000000000000e+01 4.000000000000000000e+00 5.000000000000000000e+00 1.260279221843246371e+08 1.260282836202767044e+08 1.573089312863533795e+08 1.573085725811324716e+08 1.078553290367126465e+02 2.020000000000000000e+02 1.270000000000000000e+02
8.100000000000000000e+01 4.000000000000000000e+00 5.000000000000000000e+00 1.389317411155026257e+08 1.389320246037132740e+08 1.583548664296425879e+08 1.583545156880837381e+08 3.403397057056427002e+02 5.300000000000000000e+02 4.550000000000000000e+02
8.200000000000000000e+01 4.000000000000000000e+00 5.000000000000000000e+00 1.366643819625511169e+08 1.366644829893082082e+08 1.606554708515194058e+08 1.606549786169808507e+08 1.527694022655487061e+02 2.600000000000000000e+02 1.850000000000000000e+02
8.300000000000000000e+01 4.000000000000000000e+00 5.000000000000000000e+00 1.354827744265988767e+08 1.354834146024100482e+08 1.601022547948472798e+08 1.601018464617965817e+08 1.489421761035919189e+02 2.560000000000000000e+02 1.810000000000000000e+02
8.400000000000000000e+01 4.000000000000000000e+00 5.000000000000000000e+00 1.363780303821896315e+08 1.363784966871578693e+08 1.580722560720368326e+08 1.580719531045384109e+08 7.475430822372436523e+01 1.610000000000000000e+02 8.600000000000000000e+01
8.500000000000000000e+01 4.000000000000000000e+00 5.000000000000000000e+00 1.324030754085644335e+08 1.324037248766425699e+08 1.574809881238846779e+08 1.574803642673277855e+08 1.757265286445617676e+02 2.970000000000000000e+02 2.220000000000000000e+02
8.600000000000000000e+01 4.000000000000000000e+00 5.000000000000000000e+00 1.275251189217265695e+08 1.275258879056715667e+08 1.275251189217265695e+08 1.275258879056715667e+08 7.427259683609008789e+00 7.900000000000000000e+01 4.000000000000000000e+00
8.700000000000000000e+01 4.000000000000000000e+00 5.000000000000000000e+00 1.367734071200947165e+08 1.367744731784656942e+08 1.594183338262279630e+08 1.594178786019846201e+08 2.008867776393890381e+02 3.250000000000000000e+02 2.500000000000000000e+02
8.800000000000000000e+01 4.000000000000000000e+00 5.000000000000000000e+00 1.334265963467357159e+08 1.334273330778188705e+08 1.567204306421087384e+08 1.567198217909772396e+08 1.440052723884582520e+02 2.500000000000000000e+02 1.750000000000000000e+02
8.900000000000000000e+01 4.000000000000000000e+00 5.000000000000000000e+00 1.331525450823083669e+08 1.331534978088617176e+08 1.586592558245117366e+08 1.586588797154425979e+08 2.686213662624359131e+02 4.120000000000000000e+02 3.370000000000000000e+02
9.000000000000000000e+01 4.000000000000000000e+00 5.000000000000000000e+00 1.343683348099146485e+08 1.343700210059551895e+08 1.572182915800909102e+08 1.572182859760252833e+08 1.772379102706909180e+02 2.910000000000000000e+02 2.160000000000000000e+02
9.100000000000000000e+01 4.000000000000000000e+00 5.000000000000000000e+00 1.364333697783539295e+08 1.364340231436786950e+08 1.364333697783539295e+08 1.364340231436787248e+08 7.628382205963134766e+00 7.900000000000000000e+01 4.000000000000000000e+00
9.200000000000000000e+01 4.000000000000000000e+00 5.000000000000000000e+00 1.329565497798619568e+08 1.329569427955317795e+08 1.583815029354465306e+08 1.583810547715195119e+08 1.946575791835784912e+02 3.140000000000000000e+02 2.390000000000000000e+02
9.300000000000000000e+01 4.000000000000000000e+00 5.000000000000000000e+00 1.367394850303303301e+08 1.367401170344275236e+08 1.569826851293278337e+08 1.569823071672150493e+08 1.519761550426483154e+02 2.650000000000000000e+02 1.900000000000000000e+02
9.400000000000000000e+01 4.000000000000000000e+00 5.000000000000000000e+00 1.326719694031057060e+08 1.326726635270999670e+08 1.583531819344704449e+08 1.583529820310277343e+08 2.334293313026428223e+02 3.710000000000000000e+02 2.960000000000000000e+02
9.500000000000000000e+01 4.000000000000000000e+00 5.000000000000000000e+00 1.330825264867765754e+08 1.330832966847441047e+08 1.577641073024665415e+08 1.577631348327588141e+08 1.562311551570892334e+02 2.670000000000000000e+02 1.920000000000000000e+02
9.600000000000000000e+01 4.000000000000000000e+00 5.000000000000000000e+00 1.379720127607906163e+08 1.379735999093262553e+08 1.600802974589132965e+08 1.600798686178939641e+08 2.046594626903533936e+02 3.310000000000000000e+02 2.560000000000000000e+02
9.700000000000000000e+01 4.000000000000000000e+00 5.000000000000000000e+00 1.337653779570225179e+08 1.337671076052370667e+08 1.586230232584167123e+08 1.586226962780851722e+08 1.778469784259796143e+02 2.970000000000000000e+02 2.220000000000000000e+02
9.800000000000000000e+01 4.000000000000000000e+00 5.000000000000000000e+00 1.323278085939794481e+08 1.323288949496524632e+08 1.599084887625575066e+08 1.599081270039466023e+08 1.621429724693298340e+02 2.780000000000000000e+02 2.030000000000000000e+02
9.900000000000000000e+01 4.000000000000000000e+00 5.000000000000000000e+00 1.367954413368946016e+08 1.367964093391094506e+08 1.367954413368946314e+08 1.367964093391094506e+08 7.626592636108398438e+00 7.900000000000000000e+01 4.000000000000000000e+00
1.000000000000000000e+02 4.000000000000000000e+00 5.000000000000000000e+00 1.364331891794251204e+08 1.364346425918046236e+08 1.364331891794250906e+08 1.364346425918046236e+08 5.721717357635498047e+00 7.900000000000000000e+01 4.000000000000000000e+00
1.010000000000000000e+02 4.000000000000000000e+00 5.000000000000000000e+00 1.348164408360273540e+08 1.348172448039090931e+08 1.573801618489445448e+08 1.573795117880895734e+08 1.999570682048797607e+02 4.250000000000000000e+02 3.500000000000000000e+02
1.020000000000000000e+02 4.000000000000000000e+00 5.000000000000000000e+00 1.339962749838096499e+08 1.339981891035447568e+08 1.581271547444144785e+08 1.581266785106737018e+08 1.622550489902496338e+02 3.470000000000000000e+02 2.720000000000000000e+02
1.030000000000000000e+02 4.000000000000000000e+00 5.000000000000000000e+00 1.282738044079990834e+08 1.282743748669341952e+08 1.612814422174217701e+08 1.612812064830422103e+08 1.150954051017761230e+02 2.620000000000000000e+02 1.870000000000000000e+02
1.040000000000000000e+02 4.000000000000000000e+00 5.000000000000000000e+00 1.386108539299563468e+08 1.386114625970351100e+08 1.601161595196868479e+08 1.601158577333055735e+08 1.730599789619445801e+02 3.760000000000000000e+02 3.010000000000000000e+02
1.050000000000000000e+02 4.000000000000000000e+00 5.000000000000000000e+00 1.372077872715809643e+08 1.372083572222692966e+08 1.593801811393388510e+08 1.593798867041136324e+08 1.251415891647338867e+02 2.810000000000000000e+02 2.060000000000000000e+02
1.060000000000000000e+02 4.000000000000000000e+00 5.000000000000000000e+00 1.268854580822440684e+08 1.268858595050067604e+08 1.587907819765056372e+08 1.587903652180395722e+08 9.083631324768066406e+01 2.240000000000000000e+02 1.490000000000000000e+02
1.070000000000000000e+02 4.000000000000000000e+00 5.000000000000000000e+00 1.350796261022531986e+08 1.350799232668372393e+08 1.583084833445496261e+08 1.583079464843815565e+08 1.465895709991455078e+02 3.130000000000000000e+02 2.380000000000000000e+02
1.080000000000000000e+02 4.000000000000000000e+00 5.000000000000000000e+00 1.352885808211193085e+08 1.352888109109267294e+08 1.585510841406711042e+08 1.585504843248882294e+08 1.145071976184844971e+02 2.620000000000000000e+02 1.870000000000000000e+02
1.090000000000000000e+02 4.000000000000000000e+00 5.000000000000000000e+00 1.269378984595021158e+08 1.269384728335162997e+08 1.269378984595021307e+08 1.269384728335162997e+08 5.736732721328735352e+00 7.900000000000000000e+01 4.000000000000000000e+00
1.100000000000000000e+02 4.000000000000000000e+00 5.000000000000000000e+00 1.305111787627122104e+08 1.305121429844455421e+08 1.573483159071130753e+08 1.573480692360742986e+08 1.364223859310150146e+02 3.010000000000000000e+02 2.260000000000000000e+02
1.110000000000000000e+02 4.000000000000000000e+00 5.000000000000000000e+00 1.259330020143000931e+08 1.259339925962097645e+08 1.566527617006076872e+08 1.566524690856930912e+08 8.073617577552795410e+01 1.950000000000000000e+02 1.200000000000000000e+02
1.120000000000000000e+02 4.000000000000000000e+00 5.000000000000000000e+00 1.323506466513163447e+08 1.323511753853643835e+08 1.604900817480741739e+08 1.604897343155399859e+08 1.096169302463531494e+02 2.590000000000000000e+02 1.840000000000000000e+02
1.130000000000000000e+02 4.000000000000000000e+00 5.000000000000000000e+00 1.321104039936306030e+08 1.321116150783871561e+08 1.321104039936306030e+08 1.321116150783871412e+08 5.757937192916870117e+00 7.900000000000000000e+01 4.000000000000000000e+00
1.140000000000000000e+02 4.000000000000000000e+00 5.000000000000000000e+00 1.395763372246738374e+08 1.395769099457572699e+08 1.592018795992068648e+08 1.592016214098632336e+08 1.103614823818206787e+02 2.560000000000000000e+02 1.810000000000000000e+02
1.150000000000000000e+02 4.000000000000000000e+00 5.000000000000000000e+00 1.315018047249899805e+08 1.315030234397756904e+08 1.315018047249899805e+08 1.315030234397756904e+08 5.813035249710083008e+00 7.900000000000000000e+01 4.000000000000000000e+00
1.160000000000000000e+02 4.000000000000000000e+00 5.000000000000000000e+00 1.377644111192907989e+08 1.377648808522144556e+08 1.612891665119367838e+08 1.612885947415325344e+08 9.684519028663635254e+01 2.390000000000000000e+02 1.640000000000000000e+02
1.170000000000000000e+02 4.000000000000000000e+00 5.000000000000000000e+00 1.310141917867961079e+08 1.310156496461138576e+08 1.576790818722935617e+08 1.576787887811619043e+08 1.863019859790802002e+02 4.130000000000000000e+02 3.380000000000000000e+02
1.180000000000000000e+02 4.000000000000000000e+00 5.000000000000000000e+00 1.331529434451057166e+08 1.331537213689990491e+08 1.600373351531893611e+08 1.600372957223342657e+08 2.276454195976257324e+02 4.970000000000000000e+02 4.220000000000000000e+02
1.190000000000000000e+02 4.000000000000000000e+00 5.000000000000000000e+00 1.322427284923307300e+08 1.322431316814968884e+08 1.322427284923307002e+08 1.322431316814969033e+08 5.980923891067504883e+00 7.900000000000000000e+01 4.000000000000000000e+00
1.200000000000000000e+02 4.000000000000000000e+00 5.000000000000000000e+00 1.354695729377106428e+08 1.354702471156867445e+08 1.354695729377106428e+08 1.354702471156867146e+08 5.783311128616333008e+00 7.900000000000000000e+01 4.000000000000000000e+00
1.210000000000000000e+02 4.000000000000000000e+00 5.000000000000000000e+00 1.389098024065226316e+08 1.389107629500333965e+08 1.573308467556278408e+08 1.573306244538858533e+08 1.171784842014312744e+02 2.730000000000000000e+02 1.980000000000000000e+02
1.220000000000000000e+02 4.000000000000000000e+00 5.000000000000000000e+00 1.326625710011562407e+08 1.326634799312460721e+08 1.601072452563771307e+08 1.601068425827108920e+08 1.367612695693969727e+02 3.100000000000000000e+02 2.350000000000000000e+02
1.230000000000000000e+02 4.000000000000000000e+00 5.000000000000000000e+00 1.350065032596589625e+08 1.350072758881631196e+08 1.350065032596589625e+08 1.350072758881631196e+08 6.025067806243896484e+00 7.900000000000000000e+01 4.000000000000000000e+00
1.240000000000000000e+02 4.000000000000000000e+00 5.000000000000000000e+00 1.278090170245954692e+08 1.278093868275698423e+08 1.627248797879942954e+08 1.627240100278125703e+08 1.903288607597351074e+02 4.050000000000000000e+02 3.300000000000000000e+02
1.250000000000000000e+02 4.000000000000000000e+00 5.000000000000000000e+00 1.348402867038979828e+08 1.348407616596055925e+08 1.579635534666181207e+08 1.579629891020104289e+08 9.498219943046569824e+01 2.300000000000000000e+02 1.550000000000000000e+02
1.260000000000000000e+02 4.000000000000000000e+00 5.000000000000000000e+00 1.332230320705039501e+08 1.332232394531161338e+08 1.626549292793214917e+08 1.626547699090895653e+08 7.523216891288757324e+01 1.960000000000000000e+02 1.210000000000000000e+02
1.270000000000000000e+02 4.000000000000000000e+00 5.000000000000000000e+00 1.332698609548356235e+08 1.332707652758907378e+08 1.332698609548356235e+08 1.332707652758907378e+08 5.802058935165405273e+00 7.900000000000000000e+01 4.000000000000000000e+00
1.280000000000000000e+02 4.000000000000000000e+00 5.000000000000000000e+00 1.323092500774390548e+08 1.323096090809580982e+08 1.577174823979262412e+08 1.577170963375451267e+08 1.724074921607971191e+02 3.790000000000000000e+02 3.040000000000000000e+02
1.290000000000000000e+02 4.000000000000000000e+00 5.000000000000000000e+00 1.339224734454903305e+08 1.339241384839224517e+08 1.607983110635809600e+08 1.607980936181894541e+08 6.140576057434082031e+02 9.030000000000000000e+02 8.280000000000000000e+02
1.300000000000000000e+02 4.000000000000000000e+00 5.000000000000000000e+00 1.303170074600643367e+08 1.303177295936559588e+08 1.582528271001270115e+08 1.582520967673836946e+08 1.005609362125396729e+02 2.450000000000000000e+02 1.700000000000000000e+02
1.310000000000000000e+02 4.000000000000000000e+00 5.000000000000000000e+00 1.301105278370649517e+08 1.301110015666100681e+08 1.607272256235004961e+08 1.607265780857630372e+08 8.665000963211059570e+01 2.170000000000000000e+02 1.420000000000000000e+02
1.320000000000000000e+02 4.000000000000000000e+00 5.000000000000000000e+00 1.313878795683342665e+08 1.313883357641741633e+08 1.595448673180495799e+08 1.595444499689122736e+08 1.013754529953002930e+02 2.440000000000000000e+02 1.690000000000000000e+02
1.330000000000000000e+02 4.000000000000000000e+00 5.000000000000000000e+00 1.318937808994181305e+08 1.318946227267677784e+08 1.565152477589253783e+08 1.565148993964678943e+08 2.670322613716125488e+02 5.560000000000000000e+02 4.810000000000000000e+02
1.340000000000000000e+02 4.000000000000000000e+00 5.000000000000000000e+00 1.301521630552963018e+08 1.301532968706960529e+08 1.586060508348636031e+08 1.586054658664931357e+08 1.955473692417144775e+02 4.070000000000000000e+02 3.320000000000000000e+02
1.350000000000000000e+02 4.000000000000000000e+00 5.000000000000000000e+00 1.390471799519575238e+08 1.390488416719874740e+08 1.390471799519574940e+08 1.390488416719874740e+08 5.843587875366210938e+00 7.900000000000000000e+01 4.000000000000000000e+00
1.360000000000000000e+02 4.000000000000000000e+00 5.000000000000000000e+00 1.354210975301354527e+08 1.354222544105731547e+08 1.575596157076083422e+08 1.575591465942734778e+08 1.104072780609130859e+02 2.580000000000000000e+02 1.830000000000000000e+02
1.370000000000000000e+02 4.000000000000000000e+00 5.000000000000000000e+00 1.385888269697278142e+08 1.385890324528762400e+08 1.582847250534625053e+08 1.582845170151719451e+08 7.283906555175781250e+01 1.920000000000000000e+02 1.170000000000000000e+02
1.380000000000000000e+02 4.000000000000000000e+00 5.000000000000000000e+00 1.373892899473571777e+08 1.373894242616090477e+08 1.614062811891995966e+08 1.614061341228010952e+08 1.132129693031311035e+02 2.590000000000000000e+02 1.840000000000000000e+02
1.390000000000000000e+02 4.000000000000000000e+00 5.000000000000000000e+00 1.353750007987733483e+08 1.353762414042499363e+08 1.353750007987733185e+08 1.353762414042499363e+08 5.866108417510986328e+00 7.900000000000000000e+01 4.000000000000000000e+00
1.400000000000000000e+02 4.000000000000000000e+00 5.000000000000000000e+00 1.270407122563885450e+08 1.270429905940209478e+08 1.584798160780423880e+08 1.584793949878726304e+08 1.694007656574249268e+02 3.650000000000000000e+02 2.900000000000000000e+02
1.410000000000000000e+02 4.000000000000000000e+00 5.000000000000000000e+00 1.355290570257217586e+08 1.355299972868911028e+08 1.580326993654369712e+08 1.580324797779203057e+08 2.161036121845245361e+02 4.500000000000000000e+02 3.750000000000000000e+02
1.420000000000000000e+02 4.000000000000000000e+00 5.000000000000000000e+00 1.299658987845369428e+08 1.299664710923864990e+08 1.583514326613163948e+08 1.583513013610230088e+08 1.150123937129974365e+02 2.610000000000000000e+02 1.860000000000000000e+02
1.430000000000000000e+02 4.000000000000000000e+00 5.000000000000000000e+00 1.329818647362211794e+08 1.329830306331416965e+08 1.329818647362211794e+08 1.329830306331416965e+08 5.840615034103393555e+00 7.900000000000000000e+01 4.000000000000000000e+00
1.440000000000000000e+02 4.000000000000000000e+00 5.000000000000000000e+00 1.354880133548166454e+08 1.354884072985115647e+08 1.564795513389541507e+08 1.564794148654735088e+08 9.271826529502868652e+01 2.240000000000000000e+02 1.490000000000000000e+02
1.450000000000000000e+02 4.000000000000000000e+00 5.000000000000000000e+00 1.311350881466673613e+08 1.311357077664448470e+08 1.568946305542908311e+08 1.568944558361865282e+08 1.479214010238647461e+02 3.310000000000000000e+02 2.560000000000000000e+02
1.460000000000000000e+02 4.000000000000000000e+00 5.000000000000000000e+00 1.385931020604154468e+08 1.385939804458794594e+08 1.585186093036290705e+08 1.585188955733757913e+08 6.133328890800476074e+01 1.750000000000000000e+02 1.000000000000000000e+02
1.470000000000000000e+02 4.000000000000000000e+00 5.000000000000000000e+00 1.354838215397365093e+08 1.354860465560320318e+08 1.571404798472281694e+08 1.571402873786039352e+08 1.527055714130401611e+02 3.480000000000000000e+02 2.730000000000000000e+02
1.480000000000000000e+02 4.000000000000000000e+00 5.000000000000000000e+00 1.309046391100168079e+08 1.309052223639941812e+08 1.572294895820114911e+08 1.572286940661765039e+08 1.315755052566528320e+02 3.060000000000000000e+02 2.310000000000000000e+02
1.490000000000000000e+02 4.000000000000000000e+00 5.000000000000000000e+00 1.361283005798567832e+08 1.361290550535834432e+08 1.361283005798567533e+08 1.361290550535834134e+08 5.899161577224731445e+00 7.900000000000000000e+01 4.000000000000000000e+00
1.500000000000000000e+02 4.000000000000000000e+00 5.000000000000000000e+00 1.294286504288313687e+08 1.294290064079483300e+08 1.569222229238477945e+08 1.569220657556051910e+08 5.886825180053710938e+01 1.710000000000000000e+02 9.600000000000000000e+01
1.510000000000000000e+02 4.000000000000000000e+00 5.000000000000000000e+00 1.300020237913912982e+08 1.300023412780898958e+08 1.547799384729074240e+08 1.547799178146032989e+08 8.759510612487792969e+01 2.230000000000000000e+02 1.480000000000000000e+02
1.520000000000000000e+02 4.000000000000000000e+00 5.000000000000000000e+00 1.348079978834531307e+08 1.348084389660775959e+08 1.595231152804759741e+08 1.595229040314937532e+08 8.151659107208251953e+01 2.120000000000000000e+02 1.370000000000000000e+02
1.530000000000000000e+02 4.000000000000000000e+00 5.000000000000000000e+00 1.309857623990257233e+08 1.309862103428754061e+08 1.309857623990257084e+08 1.309862103428753763e+08 5.867559194564819336e+00 7.900000000000000000e+01 4.000000000000000000e+00
1.540000000000000000e+02 4.000000000000000000e+00 5.000000000000000000e+00 1.279516252326561362e+08 1.279519681615774035e+08 1.279516252326561362e+08 1.279519681615774035e+08 5.791159629821777344e+00 7.900000000000000000e+01 4.000000000000000000e+00
1.550000000000000000e+02 4.000000000000000000e+00 5.000000000000000000e+00 1.286701623754239082e+08 1.286714682728190571e+08 1.286701623754239231e+08 1.286714682728190571e+08 5.829287528991699219e+00 7.900000000000000000e+01 4.000000000000000000e+00
1.560000000000000000e+02 4.000000000000000000e+00 5.000000000000000000e+00 1.376340078945332766e+08 1.376356530453156233e+08 1.376340078945332766e+08 1.376356530453156531e+08 5.835928440093994141e+00 7.900000000000000000e+01 4.000000000000000000e+00
1.570000000000000000e+02 4.000000000000000000e+00 5.000000000000000000e+00 1.348734184922113717e+08 1.348735786922169328e+08 1.598307715812630057e+08 1.598303872516528666e+08 1.128450639247894287e+02 2.460000000000000000e+02 1.710000000000000000e+02
1.580000000000000000e+02 4.000000000000000000e+00 5.000000000000000000e+00 1.341173720144850016e+08 1.341187537030905187e+08 1.610821357454926670e+08 1.610817307407858074e+08 2.073868257999420166e+02 4.340000000000000000e+02 3.590000000000000000e+02
1.590000000000000000e+02 4.000000000000000000e+00 5.000000000000000000e+00 1.315045753216224313e+08 1.315060241693065464e+08 1.568389687453377545e+08 1.568387423492778242e+08 1.400179402828216553e+02 3.000000000000000000e+02 2.250000000000000000e+02
1.600000000000000000e+02 4.000000000000000000e+00 5.000000000000000000e+00 1.361172923089963198e+08 1.361187125758030713e+08 1.598251026846477985e+08 1.598244424662047625e+08 1.359259371757507324e+02 2.960000000000000000e+02 2.210000000000000000e+02
1.610000000000000000e+02 4.000000000000000000e+00 5.000000000000000000e+00 1.352722782881089449e+08 1.352733828952272534e+08 1.593828161992782354e+08 1.593825074337988496e+08 9.053205084800720215e+01 2.240000000000000000e+02 1.490000000000000000e+02
1.620000000000000000e+02 4.000000000000000000e+00 5.000000000000000000e+00 1.355155636705131829e+08 1.355160281135996282e+08 1.570294990611043870e+08 1.570290186225058436e+08 1.153687217235565186e+02 2.660000000000000000e+02 1.910000000000000000e+02
1.630000000000000000e+02 4.000000000000000000e+00 5.000000000000000000e+00 1.358855407400818765e+08 1.358872468213824034e+08 1.590268802025684714e+08 1.590268232724924386e+08 9.277802300453186035e+01 2.260000000000000000e+02 1.510000000000000000e+02
1.640000000000000000e+02 4.000000000000000000e+00 5.000000000000000000e+00 1.340752268836639076e+08 1.340771251180420816e+08 1.607282666864061654e+08 1.607280203633047342e+08 8.185981392860412598e+01 2.070000000000000000e+02 1.320000000000000000e+02
1.650000000000000000e+02 4.000000000000000000e+00 5.000000000000000000e+00 1.303560679662277251e+08 1.303584132625081390e+08 1.303560679662277102e+08 1.303584132625081688e+08 5.866635322570800781e+00 7.900000000000000000e+01 4.000000000000000000e+00
1.660000000000000000e+02 4.000000000000000000e+00 5.000000000000000000e+00 1.379439392252698541e+08 1.379450167863059938e+08 1.617607714425750971e+08 1.617604220216778219e+08 9.644271969795227051e+01 2.320000000000000000e+02 1.570000000000000000e+02
1.670000000000000000e+02 4.000000000000000000e+00 5.000000000000000000e+00 1.391660313676660061e+08 1.391665135300234556e+08 1.595595263102586865e+08 1.595590139617797434e+08 2.229921579360961914e+02 4.750000000000000000e+02 4.000000000000000000e+02
1.680000000000000000e+02 4.000000000000000000e+00 5.000000000000000000e+00 1.372512749479860365e+08 1.372516125146259367e+08 1.582534774406813383e+08 1.582532414330802560e+08 7.017625617980957031e+01 1.870000000000000000e+02 1.120000000000000000e+02
1.690000000000000000e+02 4.000000000000000000e+00 5.000000000000000000e+00 1.342092194153587222e+08 1.342104646957523525e+08 1.342092194153587222e+08 1.342104646957523376e+08 5.917748212814331055e+00 7.900000000000000000e+01 4.000000000000000000e+00
1.700000000000000000e+02 4.000000000000000000e+00 5.000000000000000000e+00 1.323037488073294759e+08 1.323039924873813242e+08 1.574466043920081854e+08 1.574465683357126713e+08 1.152496116161346436e+02 2.660000000000000000e+02 1.910000000000000000e+02
1.710000000000000000e+02 4.000000000000000000e+00 5.000000000000000000e+00 1.318596224626245499e+08 1.318601199594009668e+08 1.576237919197458923e+08 1.576236397228610516e+08 1.968879702091217041e+02 4.290000000000000000e+02 3.540000000000000000e+02
1.720000000000000000e+02 4.000000000000000000e+00 5.000000000000000000e+00 1.313308665733533353e+08 1.313312815040266365e+08 1.574489872540715337e+08 1.574485505934995115e+08 1.351253669261932373e+02 3.010000000000000000e+02 2.260000000000000000e+02
1.730000000000000000e+02 4.000000000000000000e+00 5.000000000000000000e+00 1.359343647000352144e+08 1.359350482193835676e+08 1.596566577097721994e+08 1.596563554491254091e+08 9.074300694465637207e+01 2.230000000000000000e+02 1.480000000000000000e+02
1.740000000000000000e+02 4.000000000000000000e+00 5.000000000000000000e+00 1.324358727549350262e+08 1.324382400595289916e+08 1.324358727549350262e+08 1.324382400595290065e+08 5.766570329666137695e+00 7.900000000000000000e+01 4.000000000000000000e+00
1.750000000000000000e+02 4.000000000000000000e+00 5.000000000000000000e+00 1.364188805236315131e+08 1.364193353176566958e+08 1.582286925683244169e+08 1.582286747228767872e+08 1.160390777587890625e+02 2.610000000000000000e+02 1.860000000000000000e+02
1.760000000000000000e+02 4.000000000000000000e+00 5.000000000000000000e+00 1.386970751033602059e+08 1.386977023565075397e+08 1.594630294990980923e+08 1.594625043820409775e+08 1.235164561271667480e+02 2.840000000000000000e+02 2.090000000000000000e+02
1.770000000000000000e+02 4.000000000000000000e+00 5.000000000000000000e+00 1.347770035823042095e+08 1.347776645201297998e+08 1.553386698903136551e+08 1.553384311520568430e+08 1.462666170597076416e+02 3.210000000000000000e+02 2.460000000000000000e+02
1.780000000000000000e+02 4.000000000000000000e+00 5.000000000000000000e+00 1.303572757329550385e+08 1.303581663472110629e+08 1.574182062292321622e+08 1.574179704354037941e+08 9.630765581130981445e+01 2.310000000000000000e+02 1.560000000000000000e+02
1.790000000000000000e+02 4.000000000000000000e+00 5.000000000000000000e+00 1.432180931489332914e+08 1.432185869074180424e+08 1.624198089449085891e+08 1.624194366335562170e+08 8.715875864028930664e+01 2.160000000000000000e+02 1.410000000000000000e+02
1.800000000000000000e+02 4.000000000000000000e+00 5.000000000000000000e+00 1.307242710628466457e+08 1.307248313368519992e+08 1.591968125883124471e+08 1.591964643233089745e+08 1.288589613437652588e+02 2.910000000000000000e+02 2.160000000000000000e+02
1.810000000000000000e+02 4.000000000000000000e+00 5.000000000000000000e+00 1.309100065952627063e+08 1.309102314604849070e+08 1.309100065952627361e+08 1.309102314604849517e+08 6.144044399261474609e+00 7.900000000000000000e+01 4.000000000000000000e+00
1.820000000000000000e+02 4.000000000000000000e+00 5.000000000000000000e+00 1.267018463386579752e+08 1.267029241672980785e+08 1.571585416656916738e+08 1.571585211900337040e+08 1.505513968467712402e+02 3.310000000000000000e+02 2.560000000000000000e+02
1.830000000000000000e+02 4.000000000000000000e+00 5.000000000000000000e+00 1.297814346691154242e+08 1.297826472111453712e+08 1.582726427689468563e+08 1.582721940897578001e+08 1.321451771259307861e+02 2.950000000000000000e+02 2.200000000000000000e+02
1.840000000000000000e+02 4.000000000000000000e+00 5.000000000000000000e+00 1.283029952918147296e+08 1.283040404873182327e+08 1.561566298472616673e+08 1.561563949037396014e+08 1.749204802513122559e+02 3.830000000000000000e+02 3.080000000000000000e+02
1.850000000000000000e+02 4.000000000000000000e+00 5.000000000000000000e+00 1.367643146348867118e+08 1.367649650805792809e+08 1.367643146348867118e+08 1.367649650805792809e+08 5.821539640426635742e+00 7.900000000000000000e+01 4.000000000000000000e+00
1.860000000000000000e+02 4.000000000000000000e+00 5.000000000000000000e+00 1.343787766803866327e+08 1.343809240458167195e+08 1.590620687189047039e+08 1.590618852998517454e+08 1.896461586952209473e+02 4.130000000000000000e+02 3.380000000000000000e+02
1.870000000000000000e+02 4.000000000000000000e+00 5.000000000000000000e+00 1.363017059599454105e+08 1.363028711968002021e+08 1.595431408833982348e+08 1.595426432925854623e+08 1.401465947628021240e+02 3.080000000000000000e+02 2.330000000000000000e+02
1.880000000000000000e+02 4.000000000000000000e+00 5.000000000000000000e+00 1.384429876512281895e+08 1.384436396060742736e+08 1.610704009196730852e+08 1.610702772646887004e+08 9.294740438461303711e+01 2.280000000000000000e+02 1.530000000000000000e+02
1.890000000000000000e+02 4.000000000000000000e+00 5.000000000000000000e+00 1.305725326163370907e+08 1.305738191974038929e+08 1.305725326163370907e+08 1.305738191974038929e+08 5.910773992538452148e+00 7.900000000000000000e+01 4.000000000000000000e+00
1.900000000000000000e+02 4.000000000000000000e+00 5.000000000000000000e+00 1.364403074982991517e+08 1.364415477431726754e+08 1.610265302613173723e+08 1.610263239566267431e+08 9.580829143524169922e+01 2.330000000000000000e+02 1.580000000000000000e+02
1.910000000000000000e+02 4.000000000000000000e+00 5.000000000000000000e+00 1.396698323245532513e+08 1.396700160241496265e+08 1.612332565546143949e+08 1.612327903730190098e+08 1.191619365215301514e+02 2.730000000000000000e+02 1.980000000000000000e+02
1.920000000000000000e+02 4.000000000000000000e+00 5.000000000000000000e+00 1.371059501556020379e+08 1.371061830088825822e+08 1.593352782580465972e+08 1.593351115282259583e+08 6.397140288352966309e+01 1.760000000000000000e+02 1.010000000000000000e+02
1.930000000000000000e+02 4.000000000000000000e+00 5.000000000000000000e+00 1.340088141273106188e+08 1.340109351453318894e+08 1.340088141273106337e+08 1.340109351453318894e+08 5.666648626327514648e+00 7.900000000000000000e+01 4.000000000000000000e+00
1.940000000000000000e+02 4.000000000000000000e+00 5.000000000000000000e+00 1.322954799122371525e+08 1.322967622461814284e+08 1.606349992321321666e+08 1.606348919461750686e+08 1.600694668292999268e+02 3.680000000000000000e+02 2.930000000000000000e+02
1.950000000000000000e+02 4.000000000000000000e+00 5.000000000000000000e+00 1.292585083207575977e+08 1.292592766610578448e+08 1.555297190431970656e+08 1.555293018380060196e+08 1.292342379093170166e+02 3.080000000000000000e+02 2.330000000000000000e+02
1.960000000000000000e+02 4.000000000000000000e+00 5.000000000000000000e+00 1.337884775314143896e+08 1.337896436908374280e+08 1.337884775314143896e+08 1.337896436908373982e+08 5.517591238021850586e+00 7.900000000000000000e+01 4.000000000000000000e+00
1.970000000000000000e+02 4.000000000000000000e+00 5.000000000000000000e+00 1.315295499490680397e+08 1.315303627780812979e+08 1.583021138332208395e+08 1.583016830633915067e+08 1.857935109138488770e+02 4.220000000000000000e+02 3.470000000000000000e+02
1.980000000000000000e+02 4.000000000000000000e+00 5.000000000000000000e+00 1.349268647302432358e+08 1.349276494961520433e+08 1.593279367320081294e+08 1.593274884694977403e+08 7.642760968208312988e+01 2.060000000000000000e+02 1.310000000000000000e+02
1.990000000000000000e+02 4.000000000000000000e+00 5.000000000000000000e+00 1.265227613832430243e+08 1.265231979791603237e+08 1.265227613832430243e+08 1.265231979791602939e+08 5.523945569992065430e+00 7.900000000000000000e+01 4.000000000000000000e+00
