# run number, exp fac, ti calc, ti opt, aep init calc (kW), aep init opt (kW), aep run calc (kW), aep run opt (kW), run time (s), obj func calls, sens func calls
3.600000000000000000e+01 3.000000000000000000e+00 4.000000000000000000e+00 0.000000000000000000e+00 1.055501732012724519e+09 1.055501732012724519e+09 1.238087164764307261e+09 1.238087164764307261e+09 3.706147158145904541e+02 0.000000000000000000e+00 0.000000000000000000e+00
3.600000000000000000e+01 2.750000000000000000e+00 4.000000000000000000e+00 0.000000000000000000e+00 1.055501732012724519e+09 1.055501732012724519e+09 1.238087164764307261e+09 1.238087164764307261e+09 2.880526781082153320e+00 0.000000000000000000e+00 0.000000000000000000e+00
3.600000000000000000e+01 2.500000000000000000e+00 4.000000000000000000e+00 0.000000000000000000e+00 1.055501732012724519e+09 1.055501732012724519e+09 1.238087164764307261e+09 1.238087164764307261e+09 3.085541009902954102e+00 0.000000000000000000e+00 0.000000000000000000e+00
3.600000000000000000e+01 2.250000000000000000e+00 4.000000000000000000e+00 0.000000000000000000e+00 1.055501732012724519e+09 1.055501732012724519e+09 1.238087164764307261e+09 1.238087164764307261e+09 2.792181968688964844e+00 0.000000000000000000e+00 0.000000000000000000e+00
3.600000000000000000e+01 2.000000000000000000e+00 4.000000000000000000e+00 0.000000000000000000e+00 1.055501732012724519e+09 1.055501732012724519e+09 1.238087164764307261e+09 1.238087164764307261e+09 2.788830995559692383e+00 0.000000000000000000e+00 0.000000000000000000e+00
3.600000000000000000e+01 1.750000000000000000e+00 4.000000000000000000e+00 0.000000000000000000e+00 1.055501732012724519e+09 1.055501732012724519e+09 1.238087164764307261e+09 1.238087164764307261e+09 2.788260936737060547e+00 0.000000000000000000e+00 0.000000000000000000e+00
3.600000000000000000e+01 1.500000000000000000e+00 4.000000000000000000e+00 0.000000000000000000e+00 1.055501732012724519e+09 1.055501732012724519e+09 1.238087164764307261e+09 1.238087164764307261e+09 2.808767080307006836e+00 0.000000000000000000e+00 0.000000000000000000e+00
3.600000000000000000e+01 1.250000000000000000e+00 4.000000000000000000e+00 0.000000000000000000e+00 1.055501732012724519e+09 1.055501732012724519e+09 1.238087164764307261e+09 1.238087164764307261e+09 2.791309833526611328e+00 0.000000000000000000e+00 0.000000000000000000e+00
3.600000000000000000e+01 1.000000000000000000e+00 4.000000000000000000e+00 0.000000000000000000e+00 1.055501732012724519e+09 1.055501732012724519e+09 1.238087164764307261e+09 1.238087164764307261e+09 2.802075147628784180e+00 0.000000000000000000e+00 0.000000000000000000e+00
3.600000000000000000e+01 1.000000000000000000e+00 4.000000000000000000e+00 5.000000000000000000e+00 1.055501732012724519e+09 1.055501732012724519e+09 1.238087164764307261e+09 1.238087164764307261e+09 2.779951095581054688e+00 0.000000000000000000e+00 0.000000000000000000e+00
