# run number, exp fac, ti calc, ti opt, aep init calc (kW), aep init opt (kW), aep run calc (kW), aep run opt (kW), run time (s), obj func calls, sens func calls
1.160000000000000000e+02 3.000000000000000000e+00 4.000000000000000000e+00 0.000000000000000000e+00 1.068900912241816759e+09 1.068900912241816759e+09 1.232795653107707024e+09 1.232795653107707024e+09 3.202980940341949463e+02 0.000000000000000000e+00 0.000000000000000000e+00
1.160000000000000000e+02 2.750000000000000000e+00 4.000000000000000000e+00 0.000000000000000000e+00 1.068900912241816759e+09 1.068900912241816759e+09 1.232795653107707024e+09 1.232795653107707024e+09 2.921566963195800781e+00 0.000000000000000000e+00 0.000000000000000000e+00
1.160000000000000000e+02 2.500000000000000000e+00 4.000000000000000000e+00 0.000000000000000000e+00 1.068900912241816759e+09 1.068900912241816759e+09 1.232795653107707024e+09 1.232795653107707024e+09 2.835297107696533203e+00 0.000000000000000000e+00 0.000000000000000000e+00
1.160000000000000000e+02 2.250000000000000000e+00 4.000000000000000000e+00 0.000000000000000000e+00 1.068900912241816759e+09 1.068900912241816759e+09 1.232795653107707024e+09 1.232795653107707024e+09 2.856578826904296875e+00 0.000000000000000000e+00 0.000000000000000000e+00
1.160000000000000000e+02 2.000000000000000000e+00 4.000000000000000000e+00 0.000000000000000000e+00 1.068900912241816759e+09 1.068900912241816759e+09 1.232795653107707024e+09 1.232795653107707024e+09 2.872592926025390625e+00 0.000000000000000000e+00 0.000000000000000000e+00
1.160000000000000000e+02 1.750000000000000000e+00 4.000000000000000000e+00 0.000000000000000000e+00 1.068900912241816759e+09 1.068900912241816759e+09 1.232795653107707024e+09 1.232795653107707024e+09 2.879076957702636719e+00 0.000000000000000000e+00 0.000000000000000000e+00
1.160000000000000000e+02 1.500000000000000000e+00 4.000000000000000000e+00 0.000000000000000000e+00 1.068900912241816759e+09 1.068900912241816759e+09 1.232795653107707024e+09 1.232795653107707024e+09 2.850672960281372070e+00 0.000000000000000000e+00 0.000000000000000000e+00
1.160000000000000000e+02 1.250000000000000000e+00 4.000000000000000000e+00 0.000000000000000000e+00 1.068900912241816759e+09 1.068900912241816759e+09 1.232795653107707024e+09 1.232795653107707024e+09 2.874993085861206055e+00 0.000000000000000000e+00 0.000000000000000000e+00
1.160000000000000000e+02 1.000000000000000000e+00 4.000000000000000000e+00 0.000000000000000000e+00 1.068900912241816759e+09 1.068900912241816759e+09 1.232795653107707024e+09 1.232795653107707024e+09 2.892446041107177734e+00 0.000000000000000000e+00 0.000000000000000000e+00
1.160000000000000000e+02 1.000000000000000000e+00 4.000000000000000000e+00 5.000000000000000000e+00 1.068900912241816759e+09 1.068900912241816759e+09 1.232795653107707024e+09 1.232795653107707024e+09 2.862010955810546875e+00 0.000000000000000000e+00 0.000000000000000000e+00
