# run number, exp fac, ti calc, ti opt, aep init calc (kW), aep init opt (kW), aep run calc (kW), aep run opt (kW), run time (s), obj func calls, sens func calls
1.990000000000000000e+02 3.000000000000000000e+00 4.000000000000000000e+00 0.000000000000000000e+00 9.871893387741923332e+08 9.871893387741923332e+08 1.225256773534431458e+09 1.225256773534431458e+09 2.574922480583190918e+02 0.000000000000000000e+00 0.000000000000000000e+00
1.990000000000000000e+02 2.750000000000000000e+00 4.000000000000000000e+00 0.000000000000000000e+00 9.871893387741923332e+08 9.871893387741923332e+08 1.225256773534431458e+09 1.225256773534431458e+09 2.308230161666870117e+00 0.000000000000000000e+00 0.000000000000000000e+00
1.990000000000000000e+02 2.500000000000000000e+00 4.000000000000000000e+00 0.000000000000000000e+00 9.871893387741923332e+08 9.871893387741923332e+08 1.225256773534431458e+09 1.225256773534431458e+09 2.336102962493896484e+00 0.000000000000000000e+00 0.000000000000000000e+00
1.990000000000000000e+02 2.250000000000000000e+00 4.000000000000000000e+00 0.000000000000000000e+00 9.871893387741923332e+08 9.871893387741923332e+08 1.225256773534431458e+09 1.225256773534431458e+09 2.295526981353759766e+00 0.000000000000000000e+00 0.000000000000000000e+00
1.990000000000000000e+02 2.000000000000000000e+00 4.000000000000000000e+00 0.000000000000000000e+00 9.871893387741923332e+08 9.871893387741923332e+08 1.225256773534431458e+09 1.225256773534431458e+09 2.272471904754638672e+00 0.000000000000000000e+00 0.000000000000000000e+00
1.990000000000000000e+02 1.750000000000000000e+00 4.000000000000000000e+00 0.000000000000000000e+00 9.871893387741923332e+08 9.871893387741923332e+08 1.225256773534431458e+09 1.225256773534431458e+09 2.161178827285766602e+00 0.000000000000000000e+00 0.000000000000000000e+00
1.990000000000000000e+02 1.500000000000000000e+00 4.000000000000000000e+00 0.000000000000000000e+00 9.871893387741923332e+08 9.871893387741923332e+08 1.225256773534431458e+09 1.225256773534431458e+09 2.283796072006225586e+00 0.000000000000000000e+00 0.000000000000000000e+00
1.990000000000000000e+02 1.250000000000000000e+00 4.000000000000000000e+00 0.000000000000000000e+00 9.871893387741923332e+08 9.871893387741923332e+08 1.225256773534431458e+09 1.225256773534431458e+09 2.172174930572509766e+00 0.000000000000000000e+00 0.000000000000000000e+00
1.990000000000000000e+02 1.000000000000000000e+00 4.000000000000000000e+00 0.000000000000000000e+00 9.871893387741923332e+08 9.871893387741923332e+08 1.225256773534431458e+09 1.225256773534431458e+09 2.133718013763427734e+00 0.000000000000000000e+00 0.000000000000000000e+00
1.990000000000000000e+02 1.000000000000000000e+00 4.000000000000000000e+00 5.000000000000000000e+00 9.871893387741923332e+08 9.871893387741923332e+08 1.225256773534431458e+09 1.225256773534431458e+09 2.089303016662597656e+00 0.000000000000000000e+00 0.000000000000000000e+00
