# run number, exp fac, ti calc, ti opt, aep init calc (kW), aep init opt (kW), aep run calc (kW), aep run opt (kW), run time (s), obj func calls, sens func calls
4.900000000000000000e+01 3.000000000000000000e+00 4.000000000000000000e+00 0.000000000000000000e+00 1.039371305859702587e+09 1.039371305859702587e+09 1.221051915662048578e+09 1.221051915662048578e+09 4.054095458984375000e+02 0.000000000000000000e+00 0.000000000000000000e+00
4.900000000000000000e+01 2.750000000000000000e+00 4.000000000000000000e+00 0.000000000000000000e+00 1.039371305859702587e+09 1.039371305859702587e+09 1.221051915662048578e+09 1.221051915662048578e+09 2.829769134521484375e+00 0.000000000000000000e+00 0.000000000000000000e+00
4.900000000000000000e+01 2.500000000000000000e+00 4.000000000000000000e+00 0.000000000000000000e+00 1.039371305859702587e+09 1.039371305859702587e+09 1.221051915662048578e+09 1.221051915662048578e+09 2.822283983230590820e+00 0.000000000000000000e+00 0.000000000000000000e+00
4.900000000000000000e+01 2.250000000000000000e+00 4.000000000000000000e+00 0.000000000000000000e+00 1.039371305859702587e+09 1.039371305859702587e+09 1.221051915662048578e+09 1.221051915662048578e+09 3.013432979583740234e+00 0.000000000000000000e+00 0.000000000000000000e+00
4.900000000000000000e+01 2.000000000000000000e+00 4.000000000000000000e+00 0.000000000000000000e+00 1.039371305859702587e+09 1.039371305859702587e+09 1.221051915662048578e+09 1.221051915662048578e+09 2.998919010162353516e+00 0.000000000000000000e+00 0.000000000000000000e+00
4.900000000000000000e+01 1.750000000000000000e+00 4.000000000000000000e+00 0.000000000000000000e+00 1.039371305859702587e+09 1.039371305859702587e+09 1.221051915662048578e+09 1.221051915662048578e+09 3.145799875259399414e+00 0.000000000000000000e+00 0.000000000000000000e+00
4.900000000000000000e+01 1.500000000000000000e+00 4.000000000000000000e+00 0.000000000000000000e+00 1.039371305859702587e+09 1.039371305859702587e+09 1.221051915662048578e+09 1.221051915662048578e+09 3.005341053009033203e+00 0.000000000000000000e+00 0.000000000000000000e+00
4.900000000000000000e+01 1.250000000000000000e+00 4.000000000000000000e+00 0.000000000000000000e+00 1.039371305859702587e+09 1.039371305859702587e+09 1.221051915662048578e+09 1.221051915662048578e+09 3.030418872833251953e+00 0.000000000000000000e+00 0.000000000000000000e+00
4.900000000000000000e+01 1.000000000000000000e+00 4.000000000000000000e+00 0.000000000000000000e+00 1.039371305859702587e+09 1.039371305859702587e+09 1.221051915662048578e+09 1.221051915662048578e+09 3.014612913131713867e+00 0.000000000000000000e+00 0.000000000000000000e+00
4.900000000000000000e+01 1.000000000000000000e+00 4.000000000000000000e+00 5.000000000000000000e+00 1.039371305859702587e+09 1.039371305859702587e+09 1.221051915662048578e+09 1.221051915662048578e+09 2.990440845489501953e+00 0.000000000000000000e+00 0.000000000000000000e+00
