# run number, exp fac, ti calc, ti opt, aep init calc (kW), aep init opt (kW), aep run calc (kW), aep run opt (kW), run time (s), obj func calls, sens func calls
4.000000000000000000e+01 3.000000000000000000e+00 4.000000000000000000e+00 0.000000000000000000e+00 1.058844604540673137e+09 1.058844604540673137e+09 1.234512904843636513e+09 1.234512904843636513e+09 3.965669779777526855e+02 0.000000000000000000e+00 0.000000000000000000e+00
4.000000000000000000e+01 2.750000000000000000e+00 4.000000000000000000e+00 0.000000000000000000e+00 1.058844604540673137e+09 1.058844604540673137e+09 1.234512904843636513e+09 1.234512904843636513e+09 1.782530069351196289e+00 0.000000000000000000e+00 0.000000000000000000e+00
4.000000000000000000e+01 2.500000000000000000e+00 4.000000000000000000e+00 0.000000000000000000e+00 1.058844604540673137e+09 1.058844604540673137e+09 1.234512904843636513e+09 1.234512904843636513e+09 1.794348955154418945e+00 0.000000000000000000e+00 0.000000000000000000e+00
4.000000000000000000e+01 2.250000000000000000e+00 4.000000000000000000e+00 0.000000000000000000e+00 1.058844604540673137e+09 1.058844604540673137e+09 1.234512904843636513e+09 1.234512904843636513e+09 1.761323928833007812e+00 0.000000000000000000e+00 0.000000000000000000e+00
4.000000000000000000e+01 2.000000000000000000e+00 4.000000000000000000e+00 0.000000000000000000e+00 1.058844604540673137e+09 1.058844604540673137e+09 1.234512904843636513e+09 1.234512904843636513e+09 1.753169059753417969e+00 0.000000000000000000e+00 0.000000000000000000e+00
4.000000000000000000e+01 1.750000000000000000e+00 4.000000000000000000e+00 0.000000000000000000e+00 1.058844604540673137e+09 1.058844604540673137e+09 1.234512904843636513e+09 1.234512904843636513e+09 1.748098850250244141e+00 0.000000000000000000e+00 0.000000000000000000e+00
4.000000000000000000e+01 1.500000000000000000e+00 4.000000000000000000e+00 0.000000000000000000e+00 1.058844604540673137e+09 1.058844604540673137e+09 1.234512904843636513e+09 1.234512904843636513e+09 1.773414850234985352e+00 0.000000000000000000e+00 0.000000000000000000e+00
4.000000000000000000e+01 1.250000000000000000e+00 4.000000000000000000e+00 0.000000000000000000e+00 1.058844604540673137e+09 1.058844604540673137e+09 1.234512904843636513e+09 1.234512904843636513e+09 1.751693010330200195e+00 0.000000000000000000e+00 0.000000000000000000e+00
4.000000000000000000e+01 1.000000000000000000e+00 4.000000000000000000e+00 0.000000000000000000e+00 1.058844604540673137e+09 1.058844604540673137e+09 1.234512904843636513e+09 1.234512904843636513e+09 1.767153024673461914e+00 0.000000000000000000e+00 0.000000000000000000e+00
4.000000000000000000e+01 1.000000000000000000e+00 4.000000000000000000e+00 5.000000000000000000e+00 1.058844604540673137e+09 1.058844604540673137e+09 1.234512904843636513e+09 1.234512904843636513e+09 1.790754795074462891e+00 0.000000000000000000e+00 0.000000000000000000e+00
