# run number, exp fac, ti calc, ti opt, aep init calc (kW), aep init opt (kW), aep run calc (kW), aep run opt (kW), run time (s), obj func calls, sens func calls
5.700000000000000000e+01 3.000000000000000000e+00 4.000000000000000000e+00 0.000000000000000000e+00 1.071117140384627461e+09 1.071117140384627461e+09 1.238684309105199099e+09 1.238684309105199099e+09 3.393849050998687744e+02 0.000000000000000000e+00 0.000000000000000000e+00
5.700000000000000000e+01 2.750000000000000000e+00 4.000000000000000000e+00 0.000000000000000000e+00 1.071117140384627461e+09 1.071117140384627461e+09 1.238684309105199099e+09 1.238684309105199099e+09 2.476673126220703125e+00 0.000000000000000000e+00 0.000000000000000000e+00
5.700000000000000000e+01 2.500000000000000000e+00 4.000000000000000000e+00 0.000000000000000000e+00 1.071117140384627461e+09 1.071117140384627461e+09 1.238684309105199099e+09 1.238684309105199099e+09 2.641558885574340820e+00 0.000000000000000000e+00 0.000000000000000000e+00
5.700000000000000000e+01 2.250000000000000000e+00 4.000000000000000000e+00 0.000000000000000000e+00 1.071117140384627461e+09 1.071117140384627461e+09 1.238684309105199099e+09 1.238684309105199099e+09 2.459543943405151367e+00 0.000000000000000000e+00 0.000000000000000000e+00
5.700000000000000000e+01 2.000000000000000000e+00 4.000000000000000000e+00 0.000000000000000000e+00 1.071117140384627461e+09 1.071117140384627461e+09 1.238684309105199099e+09 1.238684309105199099e+09 2.618668794631958008e+00 0.000000000000000000e+00 0.000000000000000000e+00
5.700000000000000000e+01 1.750000000000000000e+00 4.000000000000000000e+00 0.000000000000000000e+00 1.071117140384627461e+09 1.071117140384627461e+09 1.238684309105199099e+09 1.238684309105199099e+09 2.458084106445312500e+00 0.000000000000000000e+00 0.000000000000000000e+00
5.700000000000000000e+01 1.500000000000000000e+00 4.000000000000000000e+00 0.000000000000000000e+00 1.071117140384627461e+09 1.071117140384627461e+09 1.238684309105199099e+09 1.238684309105199099e+09 2.469909906387329102e+00 0.000000000000000000e+00 0.000000000000000000e+00
5.700000000000000000e+01 1.250000000000000000e+00 4.000000000000000000e+00 0.000000000000000000e+00 1.071117140384627461e+09 1.071117140384627461e+09 1.238684309105199099e+09 1.238684309105199099e+09 2.491754055023193359e+00 0.000000000000000000e+00 0.000000000000000000e+00
5.700000000000000000e+01 1.000000000000000000e+00 4.000000000000000000e+00 0.000000000000000000e+00 1.071117140384627461e+09 1.071117140384627461e+09 1.238684309105199099e+09 1.238684309105199099e+09 2.446850061416625977e+00 0.000000000000000000e+00 0.000000000000000000e+00
5.700000000000000000e+01 1.000000000000000000e+00 4.000000000000000000e+00 5.000000000000000000e+00 1.071117140384627461e+09 1.071117140384627461e+09 1.238684309105199099e+09 1.238684309105199099e+09 2.388247966766357422e+00 0.000000000000000000e+00 0.000000000000000000e+00
