# run number, exp fac, ti calc, ti opt, aep init calc (kW), aep init opt (kW), aep run calc (kW), aep run opt (kW), run time (s), obj func calls, sens func calls
5.800000000000000000e+01 3.000000000000000000e+00 4.000000000000000000e+00 0.000000000000000000e+00 1.039130653375786543e+09 1.039130653375786543e+09 1.232505109808516502e+09 1.232505109808516502e+09 3.992471749782562256e+02 0.000000000000000000e+00 0.000000000000000000e+00
5.800000000000000000e+01 2.750000000000000000e+00 4.000000000000000000e+00 0.000000000000000000e+00 1.039130653375786543e+09 1.039130653375786543e+09 1.232505109808516502e+09 1.232505109808516502e+09 2.464998960494995117e+00 0.000000000000000000e+00 0.000000000000000000e+00
5.800000000000000000e+01 2.500000000000000000e+00 4.000000000000000000e+00 0.000000000000000000e+00 1.039130653375786543e+09 1.039130653375786543e+09 1.232505109808516502e+09 1.232505109808516502e+09 2.480293989181518555e+00 0.000000000000000000e+00 0.000000000000000000e+00
5.800000000000000000e+01 2.250000000000000000e+00 4.000000000000000000e+00 0.000000000000000000e+00 1.039130653375786543e+09 1.039130653375786543e+09 1.232505109808516502e+09 1.232505109808516502e+09 2.464642047882080078e+00 0.000000000000000000e+00 0.000000000000000000e+00
5.800000000000000000e+01 2.000000000000000000e+00 4.000000000000000000e+00 0.000000000000000000e+00 1.039130653375786543e+09 1.039130653375786543e+09 1.232505109808516502e+09 1.232505109808516502e+09 2.491446018218994141e+00 0.000000000000000000e+00 0.000000000000000000e+00
5.800000000000000000e+01 1.750000000000000000e+00 4.000000000000000000e+00 0.000000000000000000e+00 1.039130653375786543e+09 1.039130653375786543e+09 1.232505109808516502e+09 1.232505109808516502e+09 2.430414915084838867e+00 0.000000000000000000e+00 0.000000000000000000e+00
5.800000000000000000e+01 1.500000000000000000e+00 4.000000000000000000e+00 0.000000000000000000e+00 1.039130653375786543e+09 1.039130653375786543e+09 1.232505109808516502e+09 1.232505109808516502e+09 2.454766988754272461e+00 0.000000000000000000e+00 0.000000000000000000e+00
5.800000000000000000e+01 1.250000000000000000e+00 4.000000000000000000e+00 0.000000000000000000e+00 1.039130653375786543e+09 1.039130653375786543e+09 1.232505109808516502e+09 1.232505109808516502e+09 2.473992824554443359e+00 0.000000000000000000e+00 0.000000000000000000e+00
5.800000000000000000e+01 1.000000000000000000e+00 4.000000000000000000e+00 0.000000000000000000e+00 1.039130653375786543e+09 1.039130653375786543e+09 1.232505109808516502e+09 1.232505109808516502e+09 2.453280925750732422e+00 0.000000000000000000e+00 0.000000000000000000e+00
5.800000000000000000e+01 1.000000000000000000e+00 4.000000000000000000e+00 5.000000000000000000e+00 1.039130653375786543e+09 1.039130653375786543e+09 1.232505109808516502e+09 1.232505109808516502e+09 2.445544004440307617e+00 0.000000000000000000e+00 0.000000000000000000e+00
