# run number, exp fac, ti calc, ti opt, aep init calc (kW), aep init opt (kW), aep run calc (kW), aep run opt (kW), run time (s), obj func calls, sens func calls
9.800000000000000000e+01 3.000000000000000000e+00 4.000000000000000000e+00 0.000000000000000000e+00 1.036444415515699863e+09 1.036444415515699863e+09 1.231243845600337267e+09 1.231243845600337267e+09 4.399567949771881104e+02 0.000000000000000000e+00 0.000000000000000000e+00
9.800000000000000000e+01 2.750000000000000000e+00 4.000000000000000000e+00 0.000000000000000000e+00 1.036444415515699863e+09 1.036444415515699863e+09 1.231243845600337267e+09 1.231243845600337267e+09 2.882728099822998047e+00 0.000000000000000000e+00 0.000000000000000000e+00
9.800000000000000000e+01 2.500000000000000000e+00 4.000000000000000000e+00 0.000000000000000000e+00 1.036444415515699863e+09 1.036444415515699863e+09 1.231243845600337267e+09 1.231243845600337267e+09 2.888483047485351562e+00 0.000000000000000000e+00 0.000000000000000000e+00
9.800000000000000000e+01 2.250000000000000000e+00 4.000000000000000000e+00 0.000000000000000000e+00 1.036444415515699863e+09 1.036444415515699863e+09 1.231243845600337267e+09 1.231243845600337267e+09 2.876319169998168945e+00 0.000000000000000000e+00 0.000000000000000000e+00
9.800000000000000000e+01 2.000000000000000000e+00 4.000000000000000000e+00 0.000000000000000000e+00 1.036444415515699863e+09 1.036444415515699863e+09 1.231243845600337267e+09 1.231243845600337267e+09 2.880311965942382812e+00 0.000000000000000000e+00 0.000000000000000000e+00
9.800000000000000000e+01 1.750000000000000000e+00 4.000000000000000000e+00 0.000000000000000000e+00 1.036444415515699863e+09 1.036444415515699863e+09 1.231243845600337267e+09 1.231243845600337267e+09 2.948221206665039062e+00 0.000000000000000000e+00 0.000000000000000000e+00
9.800000000000000000e+01 1.500000000000000000e+00 4.000000000000000000e+00 0.000000000000000000e+00 1.036444415515699863e+09 1.036444415515699863e+09 1.231243845600337267e+09 1.231243845600337267e+09 2.857950925827026367e+00 0.000000000000000000e+00 0.000000000000000000e+00
9.800000000000000000e+01 1.250000000000000000e+00 4.000000000000000000e+00 0.000000000000000000e+00 1.036444415515699863e+09 1.036444415515699863e+09 1.231243845600337267e+09 1.231243845600337267e+09 2.860723972320556641e+00 0.000000000000000000e+00 0.000000000000000000e+00
9.800000000000000000e+01 1.000000000000000000e+00 4.000000000000000000e+00 0.000000000000000000e+00 1.036444415515699863e+09 1.036444415515699863e+09 1.231243845600337267e+09 1.231243845600337267e+09 2.904993057250976562e+00 0.000000000000000000e+00 0.000000000000000000e+00
9.800000000000000000e+01 1.000000000000000000e+00 4.000000000000000000e+00 5.000000000000000000e+00 1.036444415515699863e+09 1.036444415515699863e+09 1.231243845600337267e+09 1.231243845600337267e+09 2.881089925765991211e+00 0.000000000000000000e+00 0.000000000000000000e+00
