# run number, exp fac, ti calc, ti opt, aep init calc (kW), aep init opt (kW), aep run calc (kW), aep run opt (kW), run time (s), obj func calls, sens func calls
1.600000000000000000e+01 3.000000000000000000e+00 4.000000000000000000e+00 0.000000000000000000e+00 1.060957089285525203e+09 1.060957089285525203e+09 1.241177869374008179e+09 1.241177869374008179e+09 1.000662914037704468e+03 0.000000000000000000e+00 0.000000000000000000e+00
1.600000000000000000e+01 2.750000000000000000e+00 4.000000000000000000e+00 0.000000000000000000e+00 1.060957089285525203e+09 1.060957089285525203e+09 1.241177869374008179e+09 1.241177869374008179e+09 2.649885892868041992e+00 0.000000000000000000e+00 0.000000000000000000e+00
1.600000000000000000e+01 2.500000000000000000e+00 4.000000000000000000e+00 0.000000000000000000e+00 1.060957089285525203e+09 1.060957089285525203e+09 1.241177869374008179e+09 1.241177869374008179e+09 2.718158960342407227e+00 0.000000000000000000e+00 0.000000000000000000e+00
1.600000000000000000e+01 2.250000000000000000e+00 4.000000000000000000e+00 0.000000000000000000e+00 1.060957089285525203e+09 1.060957089285525203e+09 1.241177869374008179e+09 1.241177869374008179e+09 2.718052864074707031e+00 0.000000000000000000e+00 0.000000000000000000e+00
1.600000000000000000e+01 2.000000000000000000e+00 4.000000000000000000e+00 0.000000000000000000e+00 1.060957089285525203e+09 1.060957089285525203e+09 1.241177869374008179e+09 1.241177869374008179e+09 2.705483913421630859e+00 0.000000000000000000e+00 0.000000000000000000e+00
1.600000000000000000e+01 1.750000000000000000e+00 4.000000000000000000e+00 0.000000000000000000e+00 1.060957089285525203e+09 1.060957089285525203e+09 1.241177869374008179e+09 1.241177869374008179e+09 2.692722082138061523e+00 0.000000000000000000e+00 0.000000000000000000e+00
1.600000000000000000e+01 1.500000000000000000e+00 4.000000000000000000e+00 0.000000000000000000e+00 1.060957089285525203e+09 1.060957089285525203e+09 1.241177869374008179e+09 1.241177869374008179e+09 2.710889101028442383e+00 0.000000000000000000e+00 0.000000000000000000e+00
1.600000000000000000e+01 1.250000000000000000e+00 4.000000000000000000e+00 0.000000000000000000e+00 1.060957089285525203e+09 1.060957089285525203e+09 1.241177869374008179e+09 1.241177869374008179e+09 2.726278066635131836e+00 0.000000000000000000e+00 0.000000000000000000e+00
1.600000000000000000e+01 1.000000000000000000e+00 4.000000000000000000e+00 0.000000000000000000e+00 1.060957089285525203e+09 1.060957089285525203e+09 1.241177869374008179e+09 1.241177869374008179e+09 2.781991004943847656e+00 0.000000000000000000e+00 0.000000000000000000e+00
1.600000000000000000e+01 1.000000000000000000e+00 4.000000000000000000e+00 5.000000000000000000e+00 1.060957089285525203e+09 1.060957089285525203e+09 1.241177869374008179e+09 1.241177869374008179e+09 2.619683980941772461e+00 0.000000000000000000e+00 0.000000000000000000e+00
