# run number, exp fac, ti calc, ti opt, aep init calc (kW), aep init opt (kW), aep run calc (kW), aep run opt (kW), run time (s), obj func calls, sens func calls
6.500000000000000000e+01 3.000000000000000000e+00 4.000000000000000000e+00 0.000000000000000000e+00 1.021531868313553452e+09 1.021531868313553452e+09 1.210465596732554197e+09 1.210465596732554197e+09 5.216794431209564209e+02 0.000000000000000000e+00 0.000000000000000000e+00
6.500000000000000000e+01 2.750000000000000000e+00 4.000000000000000000e+00 0.000000000000000000e+00 1.021531868313553452e+09 1.021531868313553452e+09 1.210465596732554197e+09 1.210465596732554197e+09 2.997889041900634766e+00 0.000000000000000000e+00 0.000000000000000000e+00
6.500000000000000000e+01 2.500000000000000000e+00 4.000000000000000000e+00 0.000000000000000000e+00 1.021531868313553452e+09 1.021531868313553452e+09 1.210465596732554197e+09 1.210465596732554197e+09 2.899718999862670898e+00 0.000000000000000000e+00 0.000000000000000000e+00
6.500000000000000000e+01 2.250000000000000000e+00 4.000000000000000000e+00 0.000000000000000000e+00 1.021531868313553452e+09 1.021531868313553452e+09 1.210465596732554197e+09 1.210465596732554197e+09 2.761373043060302734e+00 0.000000000000000000e+00 0.000000000000000000e+00
6.500000000000000000e+01 2.000000000000000000e+00 4.000000000000000000e+00 0.000000000000000000e+00 1.021531868313553452e+09 1.021531868313553452e+09 1.210465596732554197e+09 1.210465596732554197e+09 2.890432119369506836e+00 0.000000000000000000e+00 0.000000000000000000e+00
6.500000000000000000e+01 1.750000000000000000e+00 4.000000000000000000e+00 0.000000000000000000e+00 1.021531868313553452e+09 1.021531868313553452e+09 1.210465596732554197e+09 1.210465596732554197e+09 2.861936807632446289e+00 0.000000000000000000e+00 0.000000000000000000e+00
6.500000000000000000e+01 1.500000000000000000e+00 4.000000000000000000e+00 0.000000000000000000e+00 1.021531868313553452e+09 1.021531868313553452e+09 1.210465596732554197e+09 1.210465596732554197e+09 2.958900928497314453e+00 0.000000000000000000e+00 0.000000000000000000e+00
6.500000000000000000e+01 1.250000000000000000e+00 4.000000000000000000e+00 0.000000000000000000e+00 1.021531868313553452e+09 1.021531868313553452e+09 1.210465596732554197e+09 1.210465596732554197e+09 2.925886154174804688e+00 0.000000000000000000e+00 0.000000000000000000e+00
6.500000000000000000e+01 1.000000000000000000e+00 4.000000000000000000e+00 0.000000000000000000e+00 1.021531868313553452e+09 1.021531868313553452e+09 1.210465596732554197e+09 1.210465596732554197e+09 2.957372903823852539e+00 0.000000000000000000e+00 0.000000000000000000e+00
6.500000000000000000e+01 1.000000000000000000e+00 4.000000000000000000e+00 5.000000000000000000e+00 1.021531868313553452e+09 1.021531868313553452e+09 1.210465596732554197e+09 1.210465596732554197e+09 2.984215974807739258e+00 0.000000000000000000e+00 0.000000000000000000e+00
