# run number, exp fac, ti calc, ti opt, aep init calc (kW), aep init opt (kW), aep run calc (kW), aep run opt (kW), run time (s), obj func calls, sens func calls
1.290000000000000000e+02 3.000000000000000000e+00 4.000000000000000000e+00 0.000000000000000000e+00 1.044571753809089065e+09 1.044571753809089065e+09 1.214468031593282223e+09 1.214468031593282223e+09 4.441345701217651367e+02 0.000000000000000000e+00 0.000000000000000000e+00
1.290000000000000000e+02 2.750000000000000000e+00 4.000000000000000000e+00 0.000000000000000000e+00 1.044571753809089065e+09 1.044571753809089065e+09 1.214468031593282223e+09 1.214468031593282223e+09 2.749058961868286133e+00 0.000000000000000000e+00 0.000000000000000000e+00
1.290000000000000000e+02 2.500000000000000000e+00 4.000000000000000000e+00 0.000000000000000000e+00 1.044571753809089065e+09 1.044571753809089065e+09 1.214468031593282223e+09 1.214468031593282223e+09 2.905381917953491211e+00 0.000000000000000000e+00 0.000000000000000000e+00
1.290000000000000000e+02 2.250000000000000000e+00 4.000000000000000000e+00 0.000000000000000000e+00 1.044571753809089065e+09 1.044571753809089065e+09 1.214468031593282223e+09 1.214468031593282223e+09 2.999928951263427734e+00 0.000000000000000000e+00 0.000000000000000000e+00
1.290000000000000000e+02 2.000000000000000000e+00 4.000000000000000000e+00 0.000000000000000000e+00 1.044571753809089065e+09 1.044571753809089065e+09 1.214468031593282223e+09 1.214468031593282223e+09 2.844188928604125977e+00 0.000000000000000000e+00 0.000000000000000000e+00
1.290000000000000000e+02 1.750000000000000000e+00 4.000000000000000000e+00 0.000000000000000000e+00 1.044571753809089065e+09 1.044571753809089065e+09 1.214468031593282223e+09 1.214468031593282223e+09 2.873418807983398438e+00 0.000000000000000000e+00 0.000000000000000000e+00
1.290000000000000000e+02 1.500000000000000000e+00 4.000000000000000000e+00 0.000000000000000000e+00 1.044571753809089065e+09 1.044571753809089065e+09 1.214468031593282223e+09 1.214468031593282223e+09 2.905290126800537109e+00 0.000000000000000000e+00 0.000000000000000000e+00
1.290000000000000000e+02 1.250000000000000000e+00 4.000000000000000000e+00 0.000000000000000000e+00 1.044571753809089065e+09 1.044571753809089065e+09 1.214468031593282223e+09 1.214468031593282223e+09 2.898860931396484375e+00 0.000000000000000000e+00 0.000000000000000000e+00
1.290000000000000000e+02 1.000000000000000000e+00 4.000000000000000000e+00 0.000000000000000000e+00 1.044571753809089065e+09 1.044571753809089065e+09 1.214468031593282223e+09 1.214468031593282223e+09 2.978084087371826172e+00 0.000000000000000000e+00 0.000000000000000000e+00
1.290000000000000000e+02 1.000000000000000000e+00 4.000000000000000000e+00 5.000000000000000000e+00 1.044571753809089065e+09 1.044571753809089065e+09 1.214468031593282223e+09 1.214468031593282223e+09 2.962311029434204102e+00 0.000000000000000000e+00 0.000000000000000000e+00
