# run number, exp fac, ti calc, ti opt, aep init calc (kW), aep init opt (kW), aep run calc (kW), aep run opt (kW), run time (s), obj func calls, sens func calls
1.000000000000000000e+01 3.000000000000000000e+00 4.000000000000000000e+00 0.000000000000000000e+00 1.055228152653512836e+09 1.055228152653512836e+09 1.237804263691093206e+09 1.237804263691093206e+09 2.872914509773254395e+02 0.000000000000000000e+00 0.000000000000000000e+00
1.000000000000000000e+01 2.750000000000000000e+00 4.000000000000000000e+00 0.000000000000000000e+00 1.055228152653512836e+09 1.055228152653512836e+09 1.237804263691093206e+09 1.237804263691093206e+09 2.312679052352905273e+00 0.000000000000000000e+00 0.000000000000000000e+00
1.000000000000000000e+01 2.500000000000000000e+00 4.000000000000000000e+00 0.000000000000000000e+00 1.055228152653512836e+09 1.055228152653512836e+09 1.237804263691093206e+09 1.237804263691093206e+09 2.348520994186401367e+00 0.000000000000000000e+00 0.000000000000000000e+00
1.000000000000000000e+01 2.250000000000000000e+00 4.000000000000000000e+00 0.000000000000000000e+00 1.055228152653512836e+09 1.055228152653512836e+09 1.237804263691093206e+09 1.237804263691093206e+09 2.352715969085693359e+00 0.000000000000000000e+00 0.000000000000000000e+00
1.000000000000000000e+01 2.000000000000000000e+00 4.000000000000000000e+00 0.000000000000000000e+00 1.055228152653512836e+09 1.055228152653512836e+09 1.237804263691093206e+09 1.237804263691093206e+09 2.307008028030395508e+00 0.000000000000000000e+00 0.000000000000000000e+00
1.000000000000000000e+01 1.750000000000000000e+00 4.000000000000000000e+00 0.000000000000000000e+00 1.055228152653512836e+09 1.055228152653512836e+09 1.237804263691093206e+09 1.237804263691093206e+09 2.408874034881591797e+00 0.000000000000000000e+00 0.000000000000000000e+00
1.000000000000000000e+01 1.500000000000000000e+00 4.000000000000000000e+00 0.000000000000000000e+00 1.055228152653512836e+09 1.055228152653512836e+09 1.237804263691093206e+09 1.237804263691093206e+09 2.339564085006713867e+00 0.000000000000000000e+00 0.000000000000000000e+00
1.000000000000000000e+01 1.250000000000000000e+00 4.000000000000000000e+00 0.000000000000000000e+00 1.055228152653512836e+09 1.055228152653512836e+09 1.237804263691093206e+09 1.237804263691093206e+09 2.364217996597290039e+00 0.000000000000000000e+00 0.000000000000000000e+00
1.000000000000000000e+01 1.000000000000000000e+00 4.000000000000000000e+00 0.000000000000000000e+00 1.055228152653512836e+09 1.055228152653512836e+09 1.237804263691093206e+09 1.237804263691093206e+09 2.342531919479370117e+00 0.000000000000000000e+00 0.000000000000000000e+00
1.000000000000000000e+01 1.000000000000000000e+00 4.000000000000000000e+00 5.000000000000000000e+00 1.055228152653512836e+09 1.055228152653512836e+09 1.237804263691093206e+09 1.237804263691093206e+09 2.295519113540649414e+00 0.000000000000000000e+00 0.000000000000000000e+00
