# run number, exp fac, ti calc, ti opt, aep init calc (kW), aep init opt (kW), aep run calc (kW), aep run opt (kW), run time (s), obj func calls, sens func calls
4.600000000000000000e+01 3.000000000000000000e+00 4.000000000000000000e+00 0.000000000000000000e+00 1.043771706776919127e+09 1.043771706776919127e+09 1.228910234094042063e+09 1.228910234094042063e+09 4.795718531608581543e+02 0.000000000000000000e+00 0.000000000000000000e+00
4.600000000000000000e+01 2.750000000000000000e+00 4.000000000000000000e+00 0.000000000000000000e+00 1.043771706776919127e+09 1.043771706776919127e+09 1.228910234094042063e+09 1.228910234094042063e+09 2.757211923599243164e+00 0.000000000000000000e+00 0.000000000000000000e+00
4.600000000000000000e+01 2.500000000000000000e+00 4.000000000000000000e+00 0.000000000000000000e+00 1.043771706776919127e+09 1.043771706776919127e+09 1.228910234094042063e+09 1.228910234094042063e+09 2.803148984909057617e+00 0.000000000000000000e+00 0.000000000000000000e+00
4.600000000000000000e+01 2.250000000000000000e+00 4.000000000000000000e+00 0.000000000000000000e+00 1.043771706776919127e+09 1.043771706776919127e+09 1.228910234094042063e+09 1.228910234094042063e+09 2.804623126983642578e+00 0.000000000000000000e+00 0.000000000000000000e+00
4.600000000000000000e+01 2.000000000000000000e+00 4.000000000000000000e+00 0.000000000000000000e+00 1.043771706776919127e+09 1.043771706776919127e+09 1.228910234094042063e+09 1.228910234094042063e+09 2.799180030822753906e+00 0.000000000000000000e+00 0.000000000000000000e+00
4.600000000000000000e+01 1.750000000000000000e+00 4.000000000000000000e+00 0.000000000000000000e+00 1.043771706776919127e+09 1.043771706776919127e+09 1.228910234094042063e+09 1.228910234094042063e+09 2.779509067535400391e+00 0.000000000000000000e+00 0.000000000000000000e+00
4.600000000000000000e+01 1.500000000000000000e+00 4.000000000000000000e+00 0.000000000000000000e+00 1.043771706776919127e+09 1.043771706776919127e+09 1.228910234094042063e+09 1.228910234094042063e+09 2.727297067642211914e+00 0.000000000000000000e+00 0.000000000000000000e+00
4.600000000000000000e+01 1.250000000000000000e+00 4.000000000000000000e+00 0.000000000000000000e+00 1.043771706776919127e+09 1.043771706776919127e+09 1.228910234094042063e+09 1.228910234094042063e+09 2.751059055328369141e+00 0.000000000000000000e+00 0.000000000000000000e+00
4.600000000000000000e+01 1.000000000000000000e+00 4.000000000000000000e+00 0.000000000000000000e+00 1.043771706776919127e+09 1.043771706776919127e+09 1.228910234094042063e+09 1.228910234094042063e+09 2.762615919113159180e+00 0.000000000000000000e+00 0.000000000000000000e+00
4.600000000000000000e+01 1.000000000000000000e+00 4.000000000000000000e+00 5.000000000000000000e+00 1.043771706776919127e+09 1.043771706776919127e+09 1.228910234094042063e+09 1.228910234094042063e+09 2.819454908370971680e+00 0.000000000000000000e+00 0.000000000000000000e+00
