# run number, exp fac, ti calc, ti opt, aep init calc (kW), aep init opt (kW), aep run calc (kW), aep run opt (kW), run time (s), obj func calls, sens func calls
7.000000000000000000e+00 3.000000000000000000e+00 4.000000000000000000e+00 0.000000000000000000e+00 1.046907387448827147e+09 1.046907387448827147e+09 1.254648908081328869e+09 1.254648908081328869e+09 2.697039628028869629e+02 0.000000000000000000e+00 0.000000000000000000e+00
7.000000000000000000e+00 2.750000000000000000e+00 4.000000000000000000e+00 0.000000000000000000e+00 1.046907387448827147e+09 1.046907387448827147e+09 1.254648908081328869e+09 1.254648908081328869e+09 2.063755035400390625e+00 0.000000000000000000e+00 0.000000000000000000e+00
7.000000000000000000e+00 2.500000000000000000e+00 4.000000000000000000e+00 0.000000000000000000e+00 1.046907387448827147e+09 1.046907387448827147e+09 1.254648908081328869e+09 1.254648908081328869e+09 2.101469993591308594e+00 0.000000000000000000e+00 0.000000000000000000e+00
7.000000000000000000e+00 2.250000000000000000e+00 4.000000000000000000e+00 0.000000000000000000e+00 1.046907387448827147e+09 1.046907387448827147e+09 1.254648908081328869e+09 1.254648908081328869e+09 2.121571063995361328e+00 0.000000000000000000e+00 0.000000000000000000e+00
7.000000000000000000e+00 2.000000000000000000e+00 4.000000000000000000e+00 0.000000000000000000e+00 1.046907387448827147e+09 1.046907387448827147e+09 1.254648908081328869e+09 1.254648908081328869e+09 2.069976091384887695e+00 0.000000000000000000e+00 0.000000000000000000e+00
7.000000000000000000e+00 1.750000000000000000e+00 4.000000000000000000e+00 0.000000000000000000e+00 1.046907387448827147e+09 1.046907387448827147e+09 1.254648908081328869e+09 1.254648908081328869e+09 2.043374061584472656e+00 0.000000000000000000e+00 0.000000000000000000e+00
7.000000000000000000e+00 1.500000000000000000e+00 4.000000000000000000e+00 0.000000000000000000e+00 1.046907387448827147e+09 1.046907387448827147e+09 1.254648908081328869e+09 1.254648908081328869e+09 2.108585119247436523e+00 0.000000000000000000e+00 0.000000000000000000e+00
7.000000000000000000e+00 1.250000000000000000e+00 4.000000000000000000e+00 0.000000000000000000e+00 1.046907387448827147e+09 1.046907387448827147e+09 1.254648908081328869e+09 1.254648908081328869e+09 2.024215936660766602e+00 0.000000000000000000e+00 0.000000000000000000e+00
7.000000000000000000e+00 1.000000000000000000e+00 4.000000000000000000e+00 0.000000000000000000e+00 1.046907387448827147e+09 1.046907387448827147e+09 1.254648908081328869e+09 1.254648908081328869e+09 2.061500072479248047e+00 0.000000000000000000e+00 0.000000000000000000e+00
7.000000000000000000e+00 1.000000000000000000e+00 4.000000000000000000e+00 5.000000000000000000e+00 1.046907387448827147e+09 1.046907387448827147e+09 1.254648908081328869e+09 1.254648908081328869e+09 2.028607130050659180e+00 0.000000000000000000e+00 0.000000000000000000e+00
