# run number, exp fac, ti calc, ti opt, aep init calc (kW), aep init opt (kW), aep run calc (kW), aep run opt (kW), run time (s), obj func calls, sens func calls
1.620000000000000000e+02 3.000000000000000000e+00 4.000000000000000000e+00 0.000000000000000000e+00 1.047514122813673735e+09 1.047514122813673735e+09 1.220219198741070271e+09 1.220219198741070271e+09 2.814118488597869873e+04 0.000000000000000000e+00 0.000000000000000000e+00
1.620000000000000000e+02 2.750000000000000000e+00 4.000000000000000000e+00 0.000000000000000000e+00 1.047514122813673735e+09 1.047514122813673735e+09 1.223056032128420115e+09 1.223056032128420115e+09 1.519531621932983398e+02 0.000000000000000000e+00 0.000000000000000000e+00
1.620000000000000000e+02 2.500000000000000000e+00 4.000000000000000000e+00 0.000000000000000000e+00 1.047514122813673735e+09 1.047514122813673735e+09 1.223056032128420115e+09 1.223056032128420115e+09 1.601733922958374023e+00 0.000000000000000000e+00 0.000000000000000000e+00
1.620000000000000000e+02 2.250000000000000000e+00 4.000000000000000000e+00 0.000000000000000000e+00 1.047514122813673735e+09 1.047514122813673735e+09 1.223056032128420115e+09 1.223056032128420115e+09 1.563075065612792969e+00 0.000000000000000000e+00 0.000000000000000000e+00
1.620000000000000000e+02 2.000000000000000000e+00 4.000000000000000000e+00 0.000000000000000000e+00 1.047514122813673735e+09 1.047514122813673735e+09 1.223056032128420115e+09 1.223056032128420115e+09 1.579474925994873047e+00 0.000000000000000000e+00 0.000000000000000000e+00
1.620000000000000000e+02 1.750000000000000000e+00 4.000000000000000000e+00 0.000000000000000000e+00 1.047514122813673735e+09 1.047514122813673735e+09 1.223056032128420115e+09 1.223056032128420115e+09 1.531697988510131836e+00 0.000000000000000000e+00 0.000000000000000000e+00
1.620000000000000000e+02 1.500000000000000000e+00 4.000000000000000000e+00 0.000000000000000000e+00 1.047514122813673735e+09 1.047514122813673735e+09 1.223056032128420115e+09 1.223056032128420115e+09 1.560747146606445312e+00 0.000000000000000000e+00 0.000000000000000000e+00
1.620000000000000000e+02 1.250000000000000000e+00 4.000000000000000000e+00 0.000000000000000000e+00 1.047514122813673735e+09 1.047514122813673735e+09 1.223056032128420115e+09 1.223056032128420115e+09 1.543379068374633789e+00 0.000000000000000000e+00 0.000000000000000000e+00
1.620000000000000000e+02 1.000000000000000000e+00 4.000000000000000000e+00 0.000000000000000000e+00 1.047514122813673735e+09 1.047514122813673735e+09 1.223056032128420115e+09 1.223056032128420115e+09 1.566673994064331055e+00 0.000000000000000000e+00 0.000000000000000000e+00
1.620000000000000000e+02 1.000000000000000000e+00 4.000000000000000000e+00 5.000000000000000000e+00 1.047514122813673735e+09 1.047514122813673735e+09 1.223056032128420115e+09 1.223056032128420115e+09 1.616657972335815430e+00 0.000000000000000000e+00 0.000000000000000000e+00
