# run number, exp fac, ti calc, ti opt, aep init calc (kW), aep init opt (kW), aep run calc (kW), aep run opt (kW), run time (s), obj func calls, sens func calls
8.800000000000000000e+01 3.000000000000000000e+00 4.000000000000000000e+00 0.000000000000000000e+00 1.055396940968190312e+09 1.055396940968190312e+09 1.225925298868791342e+09 1.225925298868791342e+09 8.781254558563232422e+02 0.000000000000000000e+00 0.000000000000000000e+00
8.800000000000000000e+01 2.750000000000000000e+00 4.000000000000000000e+00 0.000000000000000000e+00 1.055396940968190312e+09 1.055396940968190312e+09 1.225925298868791342e+09 1.225925298868791342e+09 2.775080919265747070e+00 0.000000000000000000e+00 0.000000000000000000e+00
8.800000000000000000e+01 2.500000000000000000e+00 4.000000000000000000e+00 0.000000000000000000e+00 1.055396940968190312e+09 1.055396940968190312e+09 1.225925298868791342e+09 1.225925298868791342e+09 2.730427980422973633e+00 0.000000000000000000e+00 0.000000000000000000e+00
8.800000000000000000e+01 2.250000000000000000e+00 4.000000000000000000e+00 0.000000000000000000e+00 1.055396940968190312e+09 1.055396940968190312e+09 1.225925298868791342e+09 1.225925298868791342e+09 2.724303960800170898e+00 0.000000000000000000e+00 0.000000000000000000e+00
8.800000000000000000e+01 2.000000000000000000e+00 4.000000000000000000e+00 0.000000000000000000e+00 1.055396940968190312e+09 1.055396940968190312e+09 1.225925298868791342e+09 1.225925298868791342e+09 2.722053050994873047e+00 0.000000000000000000e+00 0.000000000000000000e+00
8.800000000000000000e+01 1.750000000000000000e+00 4.000000000000000000e+00 0.000000000000000000e+00 1.055396940968190312e+09 1.055396940968190312e+09 1.225925298868791342e+09 1.225925298868791342e+09 2.701573133468627930e+00 0.000000000000000000e+00 0.000000000000000000e+00
8.800000000000000000e+01 1.500000000000000000e+00 4.000000000000000000e+00 0.000000000000000000e+00 1.055396940968190312e+09 1.055396940968190312e+09 1.225925298868791342e+09 1.225925298868791342e+09 2.707577943801879883e+00 0.000000000000000000e+00 0.000000000000000000e+00
8.800000000000000000e+01 1.250000000000000000e+00 4.000000000000000000e+00 0.000000000000000000e+00 1.055396940968190312e+09 1.055396940968190312e+09 1.225925298868791342e+09 1.225925298868791342e+09 2.712494850158691406e+00 0.000000000000000000e+00 0.000000000000000000e+00
8.800000000000000000e+01 1.000000000000000000e+00 4.000000000000000000e+00 0.000000000000000000e+00 1.055396940968190312e+09 1.055396940968190312e+09 1.225925298868791342e+09 1.225925298868791342e+09 2.705940008163452148e+00 0.000000000000000000e+00 0.000000000000000000e+00
8.800000000000000000e+01 1.000000000000000000e+00 4.000000000000000000e+00 5.000000000000000000e+00 1.055396940968190312e+09 1.055396940968190312e+09 1.225925298868791342e+09 1.225925298868791342e+09 2.722521066665649414e+00 0.000000000000000000e+00 0.000000000000000000e+00
