# run number, exp fac, ti calc, ti opt, aep init calc (kW), aep init opt (kW), aep run calc (kW), aep run opt (kW), run time (s), obj func calls, sens func calls
1.910000000000000000e+02 3.000000000000000000e+00 4.000000000000000000e+00 0.000000000000000000e+00 1.088053818395466805e+09 1.088053818395466805e+09 1.235714134705207586e+09 1.235714134705207586e+09 3.300965149402618408e+02 0.000000000000000000e+00 0.000000000000000000e+00
1.910000000000000000e+02 2.750000000000000000e+00 4.000000000000000000e+00 0.000000000000000000e+00 1.088053818395466805e+09 1.088053818395466805e+09 1.235714134705207586e+09 1.235714134705207586e+09 1.910242080688476562e+00 0.000000000000000000e+00 0.000000000000000000e+00
1.910000000000000000e+02 2.500000000000000000e+00 4.000000000000000000e+00 0.000000000000000000e+00 1.088053818395466805e+09 1.088053818395466805e+09 1.235714134705207586e+09 1.235714134705207586e+09 1.780871868133544922e+00 0.000000000000000000e+00 0.000000000000000000e+00
1.910000000000000000e+02 2.250000000000000000e+00 4.000000000000000000e+00 0.000000000000000000e+00 1.088053818395466805e+09 1.088053818395466805e+09 1.235714134705207586e+09 1.235714134705207586e+09 1.799310922622680664e+00 0.000000000000000000e+00 0.000000000000000000e+00
1.910000000000000000e+02 2.000000000000000000e+00 4.000000000000000000e+00 0.000000000000000000e+00 1.088053818395466805e+09 1.088053818395466805e+09 1.235714134705207586e+09 1.235714134705207586e+09 1.781113862991333008e+00 0.000000000000000000e+00 0.000000000000000000e+00
1.910000000000000000e+02 1.750000000000000000e+00 4.000000000000000000e+00 0.000000000000000000e+00 1.088053818395466805e+09 1.088053818395466805e+09 1.235714134705207586e+09 1.235714134705207586e+09 1.728461980819702148e+00 0.000000000000000000e+00 0.000000000000000000e+00
1.910000000000000000e+02 1.500000000000000000e+00 4.000000000000000000e+00 0.000000000000000000e+00 1.088053818395466805e+09 1.088053818395466805e+09 1.235714134705207586e+09 1.235714134705207586e+09 1.728326082229614258e+00 0.000000000000000000e+00 0.000000000000000000e+00
1.910000000000000000e+02 1.250000000000000000e+00 4.000000000000000000e+00 0.000000000000000000e+00 1.088053818395466805e+09 1.088053818395466805e+09 1.235714134705207586e+09 1.235714134705207586e+09 1.760169982910156250e+00 0.000000000000000000e+00 0.000000000000000000e+00
1.910000000000000000e+02 1.000000000000000000e+00 4.000000000000000000e+00 0.000000000000000000e+00 1.088053818395466805e+09 1.088053818395466805e+09 1.235714134705207586e+09 1.235714134705207586e+09 1.734544038772583008e+00 0.000000000000000000e+00 0.000000000000000000e+00
1.910000000000000000e+02 1.000000000000000000e+00 4.000000000000000000e+00 5.000000000000000000e+00 1.088053818395466805e+09 1.088053818395466805e+09 1.235714134705207586e+09 1.235714134705207586e+09 1.790158033370971680e+00 0.000000000000000000e+00 0.000000000000000000e+00
