# run number, exp fac, ti calc, ti opt, aep init calc (kW), aep init opt (kW), aep run calc (kW), aep run opt (kW), run time (s), obj func calls, sens func calls
1.410000000000000000e+02 3.000000000000000000e+00 4.000000000000000000e+00 0.000000000000000000e+00 1.074040611713106394e+09 1.074040611713106394e+09 1.226336431271184444e+09 1.226336431271184444e+09 2.607280890941619873e+02 0.000000000000000000e+00 0.000000000000000000e+00
1.410000000000000000e+02 2.750000000000000000e+00 4.000000000000000000e+00 0.000000000000000000e+00 1.074040611713106394e+09 1.074040611713106394e+09 1.226336431271184444e+09 1.226336431271184444e+09 2.883116006851196289e+00 0.000000000000000000e+00 0.000000000000000000e+00
1.410000000000000000e+02 2.500000000000000000e+00 4.000000000000000000e+00 0.000000000000000000e+00 1.074040611713106394e+09 1.074040611713106394e+09 1.226336431271184444e+09 1.226336431271184444e+09 2.581446170806884766e+00 0.000000000000000000e+00 0.000000000000000000e+00
1.410000000000000000e+02 2.250000000000000000e+00 4.000000000000000000e+00 0.000000000000000000e+00 1.074040611713106394e+09 1.074040611713106394e+09 1.226336431271184444e+09 1.226336431271184444e+09 2.800595045089721680e+00 0.000000000000000000e+00 0.000000000000000000e+00
1.410000000000000000e+02 2.000000000000000000e+00 4.000000000000000000e+00 0.000000000000000000e+00 1.074040611713106394e+09 1.074040611713106394e+09 1.226336431271184444e+09 1.226336431271184444e+09 2.590278863906860352e+00 0.000000000000000000e+00 0.000000000000000000e+00
1.410000000000000000e+02 1.750000000000000000e+00 4.000000000000000000e+00 0.000000000000000000e+00 1.074040611713106394e+09 1.074040611713106394e+09 1.226336431271184444e+09 1.226336431271184444e+09 2.731161117553710938e+00 0.000000000000000000e+00 0.000000000000000000e+00
1.410000000000000000e+02 1.500000000000000000e+00 4.000000000000000000e+00 0.000000000000000000e+00 1.074040611713106394e+09 1.074040611713106394e+09 1.226336431271184444e+09 1.226336431271184444e+09 2.422025918960571289e+00 0.000000000000000000e+00 0.000000000000000000e+00
1.410000000000000000e+02 1.250000000000000000e+00 4.000000000000000000e+00 0.000000000000000000e+00 1.074040611713106394e+09 1.074040611713106394e+09 1.226336431271184444e+09 1.226336431271184444e+09 2.141786813735961914e+00 0.000000000000000000e+00 0.000000000000000000e+00
1.410000000000000000e+02 1.000000000000000000e+00 4.000000000000000000e+00 0.000000000000000000e+00 1.074040611713106394e+09 1.074040611713106394e+09 1.226336431271184444e+09 1.226336431271184444e+09 1.903769016265869141e+00 0.000000000000000000e+00 0.000000000000000000e+00
1.410000000000000000e+02 1.000000000000000000e+00 4.000000000000000000e+00 5.000000000000000000e+00 1.074040611713106394e+09 1.074040611713106394e+09 1.226336431271184444e+09 1.226336431271184444e+09 2.742666959762573242e+00 0.000000000000000000e+00 0.000000000000000000e+00
