# run number, exp fac, ti calc, ti opt, aep init calc (kW), aep init opt (kW), aep run calc (kW), aep run opt (kW), run time (s), obj func calls, sens func calls
1.460000000000000000e+02 3.000000000000000000e+00 4.000000000000000000e+00 0.000000000000000000e+00 1.085825214575948954e+09 1.085825214575948954e+09 1.212858358519473314e+09 1.212858358519473314e+09 2.546323390007019043e+02 0.000000000000000000e+00 0.000000000000000000e+00
1.460000000000000000e+02 2.750000000000000000e+00 4.000000000000000000e+00 0.000000000000000000e+00 1.085825214575948954e+09 1.085825214575948954e+09 1.212858358519473314e+09 1.212858358519473314e+09 1.920811176300048828e+00 0.000000000000000000e+00 0.000000000000000000e+00
1.460000000000000000e+02 2.500000000000000000e+00 4.000000000000000000e+00 0.000000000000000000e+00 1.085825214575948954e+09 1.085825214575948954e+09 1.212858358519473314e+09 1.212858358519473314e+09 1.866491794586181641e+00 0.000000000000000000e+00 0.000000000000000000e+00
1.460000000000000000e+02 2.250000000000000000e+00 4.000000000000000000e+00 0.000000000000000000e+00 1.085825214575948954e+09 1.085825214575948954e+09 1.212858358519473314e+09 1.212858358519473314e+09 1.963626861572265625e+00 0.000000000000000000e+00 0.000000000000000000e+00
1.460000000000000000e+02 2.000000000000000000e+00 4.000000000000000000e+00 0.000000000000000000e+00 1.085825214575948954e+09 1.085825214575948954e+09 1.212858358519473314e+09 1.212858358519473314e+09 1.905728101730346680e+00 0.000000000000000000e+00 0.000000000000000000e+00
1.460000000000000000e+02 1.750000000000000000e+00 4.000000000000000000e+00 0.000000000000000000e+00 1.085825214575948954e+09 1.085825214575948954e+09 1.212858358519473314e+09 1.212858358519473314e+09 1.905214071273803711e+00 0.000000000000000000e+00 0.000000000000000000e+00
1.460000000000000000e+02 1.500000000000000000e+00 4.000000000000000000e+00 0.000000000000000000e+00 1.085825214575948954e+09 1.085825214575948954e+09 1.212858358519473314e+09 1.212858358519473314e+09 1.885910034179687500e+00 0.000000000000000000e+00 0.000000000000000000e+00
1.460000000000000000e+02 1.250000000000000000e+00 4.000000000000000000e+00 0.000000000000000000e+00 1.085825214575948954e+09 1.085825214575948954e+09 1.212858358519473314e+09 1.212858358519473314e+09 1.923100948333740234e+00 0.000000000000000000e+00 0.000000000000000000e+00
1.460000000000000000e+02 1.000000000000000000e+00 4.000000000000000000e+00 0.000000000000000000e+00 1.085825214575948954e+09 1.085825214575948954e+09 1.212858358519473314e+09 1.212858358519473314e+09 1.864796876907348633e+00 0.000000000000000000e+00 0.000000000000000000e+00
1.460000000000000000e+02 1.000000000000000000e+00 4.000000000000000000e+00 5.000000000000000000e+00 1.085825214575948954e+09 1.085825214575948954e+09 1.212858358519473314e+09 1.212858358519473314e+09 1.857486963272094727e+00 0.000000000000000000e+00 0.000000000000000000e+00
