# run number, exp fac, ti calc, ti opt, aep init calc (kW), aep init opt (kW), aep run calc (kW), aep run opt (kW), run time (s), obj func calls, sens func calls
7.900000000000000000e+01 3.000000000000000000e+00 4.000000000000000000e+00 0.000000000000000000e+00 1.040886544068118215e+09 1.040886544068118215e+09 1.211938820748806000e+09 1.211938820748806000e+09 1.747107539176940918e+02 0.000000000000000000e+00 0.000000000000000000e+00
7.900000000000000000e+01 2.750000000000000000e+00 4.000000000000000000e+00 0.000000000000000000e+00 1.040886544068118215e+09 1.040886544068118215e+09 1.211938820748806000e+09 1.211938820748806000e+09 2.004467010498046875e+00 0.000000000000000000e+00 0.000000000000000000e+00
7.900000000000000000e+01 2.500000000000000000e+00 4.000000000000000000e+00 0.000000000000000000e+00 1.040886544068118215e+09 1.040886544068118215e+09 1.211938820748806000e+09 1.211938820748806000e+09 2.015590190887451172e+00 0.000000000000000000e+00 0.000000000000000000e+00
7.900000000000000000e+01 2.250000000000000000e+00 4.000000000000000000e+00 0.000000000000000000e+00 1.040886544068118215e+09 1.040886544068118215e+09 1.211938820748806000e+09 1.211938820748806000e+09 1.982887983322143555e+00 0.000000000000000000e+00 0.000000000000000000e+00
7.900000000000000000e+01 2.000000000000000000e+00 4.000000000000000000e+00 0.000000000000000000e+00 1.040886544068118215e+09 1.040886544068118215e+09 1.211938820748806000e+09 1.211938820748806000e+09 1.979228973388671875e+00 0.000000000000000000e+00 0.000000000000000000e+00
7.900000000000000000e+01 1.750000000000000000e+00 4.000000000000000000e+00 0.000000000000000000e+00 1.040886544068118215e+09 1.040886544068118215e+09 1.211938820748806000e+09 1.211938820748806000e+09 2.094664096832275391e+00 0.000000000000000000e+00 0.000000000000000000e+00
7.900000000000000000e+01 1.500000000000000000e+00 4.000000000000000000e+00 0.000000000000000000e+00 1.040886544068118215e+09 1.040886544068118215e+09 1.211938820748806000e+09 1.211938820748806000e+09 2.062044143676757812e+00 0.000000000000000000e+00 0.000000000000000000e+00
7.900000000000000000e+01 1.250000000000000000e+00 4.000000000000000000e+00 0.000000000000000000e+00 1.040886544068118215e+09 1.040886544068118215e+09 1.211938820748806000e+09 1.211938820748806000e+09 2.115473985671997070e+00 0.000000000000000000e+00 0.000000000000000000e+00
7.900000000000000000e+01 1.000000000000000000e+00 4.000000000000000000e+00 0.000000000000000000e+00 1.040886544068118215e+09 1.040886544068118215e+09 1.211938820748806000e+09 1.211938820748806000e+09 2.082195997238159180e+00 0.000000000000000000e+00 0.000000000000000000e+00
7.900000000000000000e+01 1.000000000000000000e+00 4.000000000000000000e+00 5.000000000000000000e+00 1.040886544068118215e+09 1.040886544068118215e+09 1.211938820748806000e+09 1.211938820748806000e+09 2.039482116699218750e+00 0.000000000000000000e+00 0.000000000000000000e+00
