# run number, exp fac, ti calc, ti opt, aep init calc (kW), aep init opt (kW), aep run calc (kW), aep run opt (kW), run time (s), obj func calls, sens func calls
1.500000000000000000e+01 3.000000000000000000e+00 4.000000000000000000e+00 0.000000000000000000e+00 1.015452947804068327e+09 1.015452947804068327e+09 1.238158612250303984e+09 1.238158612250303984e+09 4.091621220111846924e+02 0.000000000000000000e+00 0.000000000000000000e+00
1.500000000000000000e+01 2.750000000000000000e+00 4.000000000000000000e+00 0.000000000000000000e+00 1.015452947804068327e+09 1.015452947804068327e+09 1.238158612250303984e+09 1.238158612250303984e+09 1.944856882095336914e+00 0.000000000000000000e+00 0.000000000000000000e+00
1.500000000000000000e+01 2.500000000000000000e+00 4.000000000000000000e+00 0.000000000000000000e+00 1.015452947804068327e+09 1.015452947804068327e+09 1.238158612250303984e+09 1.238158612250303984e+09 1.973350048065185547e+00 0.000000000000000000e+00 0.000000000000000000e+00
1.500000000000000000e+01 2.250000000000000000e+00 4.000000000000000000e+00 0.000000000000000000e+00 1.015452947804068327e+09 1.015452947804068327e+09 1.238158612250303984e+09 1.238158612250303984e+09 1.999709129333496094e+00 0.000000000000000000e+00 0.000000000000000000e+00
1.500000000000000000e+01 2.000000000000000000e+00 4.000000000000000000e+00 0.000000000000000000e+00 1.015452947804068327e+09 1.015452947804068327e+09 1.238158612250303984e+09 1.238158612250303984e+09 2.077589035034179688e+00 0.000000000000000000e+00 0.000000000000000000e+00
1.500000000000000000e+01 1.750000000000000000e+00 4.000000000000000000e+00 0.000000000000000000e+00 1.015452947804068327e+09 1.015452947804068327e+09 1.238158612250303984e+09 1.238158612250303984e+09 2.053041934967041016e+00 0.000000000000000000e+00 0.000000000000000000e+00
1.500000000000000000e+01 1.500000000000000000e+00 4.000000000000000000e+00 0.000000000000000000e+00 1.015452947804068327e+09 1.015452947804068327e+09 1.238158612250303984e+09 1.238158612250303984e+09 2.023148059844970703e+00 0.000000000000000000e+00 0.000000000000000000e+00
1.500000000000000000e+01 1.250000000000000000e+00 4.000000000000000000e+00 0.000000000000000000e+00 1.015452947804068327e+09 1.015452947804068327e+09 1.238158612250303984e+09 1.238158612250303984e+09 1.987218856811523438e+00 0.000000000000000000e+00 0.000000000000000000e+00
1.500000000000000000e+01 1.000000000000000000e+00 4.000000000000000000e+00 0.000000000000000000e+00 1.015452947804068327e+09 1.015452947804068327e+09 1.238158612250303984e+09 1.238158612250303984e+09 1.991956949234008789e+00 0.000000000000000000e+00 0.000000000000000000e+00
1.500000000000000000e+01 1.000000000000000000e+00 4.000000000000000000e+00 5.000000000000000000e+00 1.015452947804068327e+09 1.015452947804068327e+09 1.238158612250303984e+09 1.238158612250303984e+09 1.916640043258666992e+00 0.000000000000000000e+00 0.000000000000000000e+00
