# run number, exp fac, ti calc, ti opt, aep init calc (kW), aep init opt (kW), aep run calc (kW), aep run opt (kW), run time (s), obj func calls, sens func calls
6.800000000000000000e+01 3.000000000000000000e+00 4.000000000000000000e+00 0.000000000000000000e+00 1.055557206330903888e+09 1.055557206330903888e+09 1.229470785368368387e+09 1.229470785368368387e+09 3.639150490760803223e+02 0.000000000000000000e+00 0.000000000000000000e+00
6.800000000000000000e+01 2.750000000000000000e+00 4.000000000000000000e+00 0.000000000000000000e+00 1.055557206330903888e+09 1.055557206330903888e+09 1.229470785368368387e+09 1.229470785368368387e+09 2.918583154678344727e+00 0.000000000000000000e+00 0.000000000000000000e+00
6.800000000000000000e+01 2.500000000000000000e+00 4.000000000000000000e+00 0.000000000000000000e+00 1.055557206330903888e+09 1.055557206330903888e+09 1.229470785368368387e+09 1.229470785368368387e+09 2.919352054595947266e+00 0.000000000000000000e+00 0.000000000000000000e+00
6.800000000000000000e+01 2.250000000000000000e+00 4.000000000000000000e+00 0.000000000000000000e+00 1.055557206330903888e+09 1.055557206330903888e+09 1.229470785368368387e+09 1.229470785368368387e+09 2.975829124450683594e+00 0.000000000000000000e+00 0.000000000000000000e+00
6.800000000000000000e+01 2.000000000000000000e+00 4.000000000000000000e+00 0.000000000000000000e+00 1.055557206330903888e+09 1.055557206330903888e+09 1.229470785368368387e+09 1.229470785368368387e+09 2.861397027969360352e+00 0.000000000000000000e+00 0.000000000000000000e+00
6.800000000000000000e+01 1.750000000000000000e+00 4.000000000000000000e+00 0.000000000000000000e+00 1.055557206330903888e+09 1.055557206330903888e+09 1.229470785368368387e+09 1.229470785368368387e+09 2.826081991195678711e+00 0.000000000000000000e+00 0.000000000000000000e+00
6.800000000000000000e+01 1.500000000000000000e+00 4.000000000000000000e+00 0.000000000000000000e+00 1.055557206330903888e+09 1.055557206330903888e+09 1.229470785368368387e+09 1.229470785368368387e+09 2.874412059783935547e+00 0.000000000000000000e+00 0.000000000000000000e+00
6.800000000000000000e+01 1.250000000000000000e+00 4.000000000000000000e+00 0.000000000000000000e+00 1.055557206330903888e+09 1.055557206330903888e+09 1.229470785368368387e+09 1.229470785368368387e+09 2.862344980239868164e+00 0.000000000000000000e+00 0.000000000000000000e+00
6.800000000000000000e+01 1.000000000000000000e+00 4.000000000000000000e+00 0.000000000000000000e+00 1.055557206330903888e+09 1.055557206330903888e+09 1.229470785368368387e+09 1.229470785368368387e+09 2.785058021545410156e+00 0.000000000000000000e+00 0.000000000000000000e+00
6.800000000000000000e+01 1.000000000000000000e+00 4.000000000000000000e+00 5.000000000000000000e+00 1.055557206330903888e+09 1.055557206330903888e+09 1.229470785368368387e+09 1.229470785368368387e+09 2.812020063400268555e+00 0.000000000000000000e+00 0.000000000000000000e+00
