# run number, exp fac, ti calc, ti opt, aep init calc (kW), aep init opt (kW), aep run calc (kW), aep run opt (kW), run time (s), obj func calls, sens func calls
6.700000000000000000e+01 3.000000000000000000e+00 4.000000000000000000e+00 0.000000000000000000e+00 1.056609540721229672e+09 1.056609540721229672e+09 1.254608919182512522e+09 1.254608919182512522e+09 3.774227361679077148e+02 0.000000000000000000e+00 0.000000000000000000e+00
6.700000000000000000e+01 2.750000000000000000e+00 4.000000000000000000e+00 0.000000000000000000e+00 1.056609540721229672e+09 1.056609540721229672e+09 1.254608919182512522e+09 1.254608919182512522e+09 1.875797986984252930e+00 0.000000000000000000e+00 0.000000000000000000e+00
6.700000000000000000e+01 2.500000000000000000e+00 4.000000000000000000e+00 0.000000000000000000e+00 1.056609540721229672e+09 1.056609540721229672e+09 1.254608919182512522e+09 1.254608919182512522e+09 1.786756038665771484e+00 0.000000000000000000e+00 0.000000000000000000e+00
6.700000000000000000e+01 2.250000000000000000e+00 4.000000000000000000e+00 0.000000000000000000e+00 1.056609540721229672e+09 1.056609540721229672e+09 1.254608919182512522e+09 1.254608919182512522e+09 1.778539896011352539e+00 0.000000000000000000e+00 0.000000000000000000e+00
6.700000000000000000e+01 2.000000000000000000e+00 4.000000000000000000e+00 0.000000000000000000e+00 1.056609540721229672e+09 1.056609540721229672e+09 1.254608919182512522e+09 1.254608919182512522e+09 1.819844961166381836e+00 0.000000000000000000e+00 0.000000000000000000e+00
6.700000000000000000e+01 1.750000000000000000e+00 4.000000000000000000e+00 0.000000000000000000e+00 1.056609540721229672e+09 1.056609540721229672e+09 1.254608919182512522e+09 1.254608919182512522e+09 1.762744903564453125e+00 0.000000000000000000e+00 0.000000000000000000e+00
6.700000000000000000e+01 1.500000000000000000e+00 4.000000000000000000e+00 0.000000000000000000e+00 1.056609540721229672e+09 1.056609540721229672e+09 1.254608919182512522e+09 1.254608919182512522e+09 1.807222843170166016e+00 0.000000000000000000e+00 0.000000000000000000e+00
6.700000000000000000e+01 1.250000000000000000e+00 4.000000000000000000e+00 0.000000000000000000e+00 1.056609540721229672e+09 1.056609540721229672e+09 1.254608919182512522e+09 1.254608919182512522e+09 1.790107011795043945e+00 0.000000000000000000e+00 0.000000000000000000e+00
6.700000000000000000e+01 1.000000000000000000e+00 4.000000000000000000e+00 0.000000000000000000e+00 1.056609540721229672e+09 1.056609540721229672e+09 1.254608919182512522e+09 1.254608919182512522e+09 1.714215993881225586e+00 0.000000000000000000e+00 0.000000000000000000e+00
6.700000000000000000e+01 1.000000000000000000e+00 4.000000000000000000e+00 5.000000000000000000e+00 1.056609540721229672e+09 1.056609540721229672e+09 1.254608919182512522e+09 1.254608919182512522e+09 1.742933034896850586e+00 0.000000000000000000e+00 0.000000000000000000e+00
