# run number, exp fac, ti calc, ti opt, aep init calc (kW), aep init opt (kW), aep run calc (kW), aep run opt (kW), run time (s), obj func calls, sens func calls
1.130000000000000000e+02 3.000000000000000000e+00 4.000000000000000000e+00 0.000000000000000000e+00 1.030196910225886345e+09 1.030196910225886345e+09 1.220923296407693148e+09 1.220923296407693148e+09 5.819721910953521729e+02 0.000000000000000000e+00 0.000000000000000000e+00
1.130000000000000000e+02 2.750000000000000000e+00 4.000000000000000000e+00 0.000000000000000000e+00 1.030196910225886345e+09 1.030196910225886345e+09 1.220923296407693148e+09 1.220923296407693148e+09 2.988260030746459961e+00 0.000000000000000000e+00 0.000000000000000000e+00
1.130000000000000000e+02 2.500000000000000000e+00 4.000000000000000000e+00 0.000000000000000000e+00 1.030196910225886345e+09 1.030196910225886345e+09 1.220923296407693148e+09 1.220923296407693148e+09 3.006098031997680664e+00 0.000000000000000000e+00 0.000000000000000000e+00
1.130000000000000000e+02 2.250000000000000000e+00 4.000000000000000000e+00 0.000000000000000000e+00 1.030196910225886345e+09 1.030196910225886345e+09 1.220923296407693148e+09 1.220923296407693148e+09 3.007117033004760742e+00 0.000000000000000000e+00 0.000000000000000000e+00
1.130000000000000000e+02 2.000000000000000000e+00 4.000000000000000000e+00 0.000000000000000000e+00 1.030196910225886345e+09 1.030196910225886345e+09 1.220923296407693148e+09 1.220923296407693148e+09 3.005487918853759766e+00 0.000000000000000000e+00 0.000000000000000000e+00
1.130000000000000000e+02 1.750000000000000000e+00 4.000000000000000000e+00 0.000000000000000000e+00 1.030196910225886345e+09 1.030196910225886345e+09 1.220923296407693148e+09 1.220923296407693148e+09 2.983492851257324219e+00 0.000000000000000000e+00 0.000000000000000000e+00
1.130000000000000000e+02 1.500000000000000000e+00 4.000000000000000000e+00 0.000000000000000000e+00 1.030196910225886345e+09 1.030196910225886345e+09 1.220923296407693148e+09 1.220923296407693148e+09 2.992297887802124023e+00 0.000000000000000000e+00 0.000000000000000000e+00
1.130000000000000000e+02 1.250000000000000000e+00 4.000000000000000000e+00 0.000000000000000000e+00 1.030196910225886345e+09 1.030196910225886345e+09 1.220923296407693148e+09 1.220923296407693148e+09 3.027415990829467773e+00 0.000000000000000000e+00 0.000000000000000000e+00
1.130000000000000000e+02 1.000000000000000000e+00 4.000000000000000000e+00 0.000000000000000000e+00 1.030196910225886345e+09 1.030196910225886345e+09 1.220923296407693148e+09 1.220923296407693148e+09 3.009062051773071289e+00 0.000000000000000000e+00 0.000000000000000000e+00
1.130000000000000000e+02 1.000000000000000000e+00 4.000000000000000000e+00 5.000000000000000000e+00 1.030196910225886345e+09 1.030196910225886345e+09 1.220923296407693148e+09 1.220923296407693148e+09 3.000874042510986328e+00 0.000000000000000000e+00 0.000000000000000000e+00
