# run number, exp fac, ti calc, ti opt, aep init calc (kW), aep init opt (kW), aep run calc (kW), aep run opt (kW), run time (s), obj func calls, sens func calls
1.390000000000000000e+02 3.000000000000000000e+00 4.000000000000000000e+00 0.000000000000000000e+00 1.056689841993424535e+09 1.056689841993424535e+09 1.220848407048151970e+09 1.220848407048151970e+09 2.736676399707794189e+02 0.000000000000000000e+00 0.000000000000000000e+00
1.390000000000000000e+02 2.750000000000000000e+00 4.000000000000000000e+00 0.000000000000000000e+00 1.056689841993424535e+09 1.056689841993424535e+09 1.220848407048151970e+09 1.220848407048151970e+09 1.640012025833129883e+00 0.000000000000000000e+00 0.000000000000000000e+00
1.390000000000000000e+02 2.500000000000000000e+00 4.000000000000000000e+00 0.000000000000000000e+00 1.056689841993424535e+09 1.056689841993424535e+09 1.220848407048151970e+09 1.220848407048151970e+09 1.548816919326782227e+00 0.000000000000000000e+00 0.000000000000000000e+00
1.390000000000000000e+02 2.250000000000000000e+00 4.000000000000000000e+00 0.000000000000000000e+00 1.056689841993424535e+09 1.056689841993424535e+09 1.220848407048151970e+09 1.220848407048151970e+09 1.552401065826416016e+00 0.000000000000000000e+00 0.000000000000000000e+00
1.390000000000000000e+02 2.000000000000000000e+00 4.000000000000000000e+00 0.000000000000000000e+00 1.056689841993424535e+09 1.056689841993424535e+09 1.220848407048151970e+09 1.220848407048151970e+09 1.704045057296752930e+00 0.000000000000000000e+00 0.000000000000000000e+00
1.390000000000000000e+02 1.750000000000000000e+00 4.000000000000000000e+00 0.000000000000000000e+00 1.056689841993424535e+09 1.056689841993424535e+09 1.220848407048151970e+09 1.220848407048151970e+09 1.596580028533935547e+00 0.000000000000000000e+00 0.000000000000000000e+00
1.390000000000000000e+02 1.500000000000000000e+00 4.000000000000000000e+00 0.000000000000000000e+00 1.056689841993424535e+09 1.056689841993424535e+09 1.220848407048151970e+09 1.220848407048151970e+09 1.553702116012573242e+00 0.000000000000000000e+00 0.000000000000000000e+00
1.390000000000000000e+02 1.250000000000000000e+00 4.000000000000000000e+00 0.000000000000000000e+00 1.056689841993424535e+09 1.056689841993424535e+09 1.220848407048151970e+09 1.220848407048151970e+09 1.562788963317871094e+00 0.000000000000000000e+00 0.000000000000000000e+00
1.390000000000000000e+02 1.000000000000000000e+00 4.000000000000000000e+00 0.000000000000000000e+00 1.056689841993424535e+09 1.056689841993424535e+09 1.220848407048151970e+09 1.220848407048151970e+09 1.565737962722778320e+00 0.000000000000000000e+00 0.000000000000000000e+00
1.390000000000000000e+02 1.000000000000000000e+00 4.000000000000000000e+00 5.000000000000000000e+00 1.056689841993424535e+09 1.056689841993424535e+09 1.220848407048151970e+09 1.220848407048151970e+09 1.569775104522705078e+00 0.000000000000000000e+00 0.000000000000000000e+00
