# run number, exp fac, ti calc, ti opt, aep init calc (kW), aep init opt (kW), aep run calc (kW), aep run opt (kW), run time (s), obj func calls, sens func calls
9.100000000000000000e+01 3.000000000000000000e+00 4.000000000000000000e+00 0.000000000000000000e+00 1.064830036050669432e+09 1.064830036050669432e+09 1.235991423552651405e+09 1.235991423552651405e+09 4.461944961547851562e+02 0.000000000000000000e+00 0.000000000000000000e+00
9.100000000000000000e+01 2.750000000000000000e+00 4.000000000000000000e+00 0.000000000000000000e+00 1.064830036050669432e+09 1.064830036050669432e+09 1.235991423552651405e+09 1.235991423552651405e+09 2.622535943984985352e+00 0.000000000000000000e+00 0.000000000000000000e+00
9.100000000000000000e+01 2.500000000000000000e+00 4.000000000000000000e+00 0.000000000000000000e+00 1.064830036050669432e+09 1.064830036050669432e+09 1.235991423552651405e+09 1.235991423552651405e+09 2.598368883132934570e+00 0.000000000000000000e+00 0.000000000000000000e+00
9.100000000000000000e+01 2.250000000000000000e+00 4.000000000000000000e+00 0.000000000000000000e+00 1.064830036050669432e+09 1.064830036050669432e+09 1.235991423552651405e+09 1.235991423552651405e+09 2.612200975418090820e+00 0.000000000000000000e+00 0.000000000000000000e+00
9.100000000000000000e+01 2.000000000000000000e+00 4.000000000000000000e+00 0.000000000000000000e+00 1.064830036050669432e+09 1.064830036050669432e+09 1.235991423552651405e+09 1.235991423552651405e+09 2.610665082931518555e+00 0.000000000000000000e+00 0.000000000000000000e+00
9.100000000000000000e+01 1.750000000000000000e+00 4.000000000000000000e+00 0.000000000000000000e+00 1.064830036050669432e+09 1.064830036050669432e+09 1.235991423552651405e+09 1.235991423552651405e+09 2.622977018356323242e+00 0.000000000000000000e+00 0.000000000000000000e+00
9.100000000000000000e+01 1.500000000000000000e+00 4.000000000000000000e+00 0.000000000000000000e+00 1.064830036050669432e+09 1.064830036050669432e+09 1.235991423552651405e+09 1.235991423552651405e+09 2.659808874130249023e+00 0.000000000000000000e+00 0.000000000000000000e+00
9.100000000000000000e+01 1.250000000000000000e+00 4.000000000000000000e+00 0.000000000000000000e+00 1.064830036050669432e+09 1.064830036050669432e+09 1.235991423552651405e+09 1.235991423552651405e+09 2.602291107177734375e+00 0.000000000000000000e+00 0.000000000000000000e+00
9.100000000000000000e+01 1.000000000000000000e+00 4.000000000000000000e+00 0.000000000000000000e+00 1.064830036050669432e+09 1.064830036050669432e+09 1.235991423552651405e+09 1.235991423552651405e+09 2.610774993896484375e+00 0.000000000000000000e+00 0.000000000000000000e+00
9.100000000000000000e+01 1.000000000000000000e+00 4.000000000000000000e+00 5.000000000000000000e+00 1.064830036050669432e+09 1.064830036050669432e+09 1.235991423552651405e+09 1.235991423552651405e+09 2.620232105255126953e+00 0.000000000000000000e+00 0.000000000000000000e+00
