# run number, exp fac, ti calc, ti opt, aep init calc (kW), aep init opt (kW), aep run calc (kW), aep run opt (kW), run time (s), obj func calls, sens func calls
2.500000000000000000e+01 3.000000000000000000e+00 4.000000000000000000e+00 0.000000000000000000e+00 1.017295847024683595e+09 1.017295847024683595e+09 1.243442062735829592e+09 1.243442062735829592e+09 5.125741519927978516e+02 0.000000000000000000e+00 0.000000000000000000e+00
2.500000000000000000e+01 2.750000000000000000e+00 4.000000000000000000e+00 0.000000000000000000e+00 1.017295847024683595e+09 1.017295847024683595e+09 1.243442062735829592e+09 1.243442062735829592e+09 3.225497007369995117e+00 0.000000000000000000e+00 0.000000000000000000e+00
2.500000000000000000e+01 2.500000000000000000e+00 4.000000000000000000e+00 0.000000000000000000e+00 1.017295847024683595e+09 1.017295847024683595e+09 1.243442062735829592e+09 1.243442062735829592e+09 3.021051168441772461e+00 0.000000000000000000e+00 0.000000000000000000e+00
2.500000000000000000e+01 2.250000000000000000e+00 4.000000000000000000e+00 0.000000000000000000e+00 1.017295847024683595e+09 1.017295847024683595e+09 1.243442062735829592e+09 1.243442062735829592e+09 3.178670883178710938e+00 0.000000000000000000e+00 0.000000000000000000e+00
2.500000000000000000e+01 2.000000000000000000e+00 4.000000000000000000e+00 0.000000000000000000e+00 1.017295847024683595e+09 1.017295847024683595e+09 1.243442062735829592e+09 1.243442062735829592e+09 3.032405138015747070e+00 0.000000000000000000e+00 0.000000000000000000e+00
2.500000000000000000e+01 1.750000000000000000e+00 4.000000000000000000e+00 0.000000000000000000e+00 1.017295847024683595e+09 1.017295847024683595e+09 1.243442062735829592e+09 1.243442062735829592e+09 3.066236019134521484e+00 0.000000000000000000e+00 0.000000000000000000e+00
2.500000000000000000e+01 1.500000000000000000e+00 4.000000000000000000e+00 0.000000000000000000e+00 1.017295847024683595e+09 1.017295847024683595e+09 1.243442062735829592e+09 1.243442062735829592e+09 2.797644138336181641e+00 0.000000000000000000e+00 0.000000000000000000e+00
2.500000000000000000e+01 1.250000000000000000e+00 4.000000000000000000e+00 0.000000000000000000e+00 1.017295847024683595e+09 1.017295847024683595e+09 1.243442062735829592e+09 1.243442062735829592e+09 2.950513839721679688e+00 0.000000000000000000e+00 0.000000000000000000e+00
2.500000000000000000e+01 1.000000000000000000e+00 4.000000000000000000e+00 0.000000000000000000e+00 1.017295847024683595e+09 1.017295847024683595e+09 1.243442062735829592e+09 1.243442062735829592e+09 2.826400995254516602e+00 0.000000000000000000e+00 0.000000000000000000e+00
2.500000000000000000e+01 1.000000000000000000e+00 4.000000000000000000e+00 5.000000000000000000e+00 1.017295847024683595e+09 1.017295847024683595e+09 1.243442062735829592e+09 1.243442062735829592e+09 3.142932176589965820e+00 0.000000000000000000e+00 0.000000000000000000e+00
