# run number, exp fac, ti calc, ti opt, aep init calc (kW), aep init opt (kW), aep run calc (kW), aep run opt (kW), run time (s), obj func calls, sens func calls
9.000000000000000000e+00 3.000000000000000000e+00 4.000000000000000000e+00 0.000000000000000000e+00 1.028259057476377249e+09 1.028259057476377249e+09 1.242954944267262936e+09 1.242954944267262936e+09 4.710187699794769287e+02 0.000000000000000000e+00 0.000000000000000000e+00
9.000000000000000000e+00 2.750000000000000000e+00 4.000000000000000000e+00 0.000000000000000000e+00 1.028259057476377249e+09 1.028259057476377249e+09 1.242954944267262936e+09 1.242954944267262936e+09 2.889794111251831055e+00 0.000000000000000000e+00 0.000000000000000000e+00
9.000000000000000000e+00 2.500000000000000000e+00 4.000000000000000000e+00 0.000000000000000000e+00 1.028259057476377249e+09 1.028259057476377249e+09 1.242954944267262936e+09 1.242954944267262936e+09 2.900068044662475586e+00 0.000000000000000000e+00 0.000000000000000000e+00
9.000000000000000000e+00 2.250000000000000000e+00 4.000000000000000000e+00 0.000000000000000000e+00 1.028259057476377249e+09 1.028259057476377249e+09 1.242954944267262936e+09 1.242954944267262936e+09 2.893899917602539062e+00 0.000000000000000000e+00 0.000000000000000000e+00
9.000000000000000000e+00 2.000000000000000000e+00 4.000000000000000000e+00 0.000000000000000000e+00 1.028259057476377249e+09 1.028259057476377249e+09 1.242954944267262936e+09 1.242954944267262936e+09 3.043249845504760742e+00 0.000000000000000000e+00 0.000000000000000000e+00
9.000000000000000000e+00 1.750000000000000000e+00 4.000000000000000000e+00 0.000000000000000000e+00 1.028259057476377249e+09 1.028259057476377249e+09 1.242954944267262936e+09 1.242954944267262936e+09 2.893561840057373047e+00 0.000000000000000000e+00 0.000000000000000000e+00
9.000000000000000000e+00 1.500000000000000000e+00 4.000000000000000000e+00 0.000000000000000000e+00 1.028259057476377249e+09 1.028259057476377249e+09 1.242954944267262936e+09 1.242954944267262936e+09 2.868896007537841797e+00 0.000000000000000000e+00 0.000000000000000000e+00
9.000000000000000000e+00 1.250000000000000000e+00 4.000000000000000000e+00 0.000000000000000000e+00 1.028259057476377249e+09 1.028259057476377249e+09 1.242954944267262936e+09 1.242954944267262936e+09 2.881514072418212891e+00 0.000000000000000000e+00 0.000000000000000000e+00
9.000000000000000000e+00 1.000000000000000000e+00 4.000000000000000000e+00 0.000000000000000000e+00 1.028259057476377249e+09 1.028259057476377249e+09 1.242954944267262936e+09 1.242954944267262936e+09 2.956364870071411133e+00 0.000000000000000000e+00 0.000000000000000000e+00
9.000000000000000000e+00 1.000000000000000000e+00 4.000000000000000000e+00 5.000000000000000000e+00 1.028259057476377249e+09 1.028259057476377249e+09 1.242954944267262936e+09 1.242954944267262936e+09 2.935399055480957031e+00 0.000000000000000000e+00 0.000000000000000000e+00
