# run number, exp fac, ti calc, ti opt, aep init calc (kW), aep init opt (kW), aep run calc (kW), aep run opt (kW), run time (s), obj func calls, sens func calls
7.100000000000000000e+01 3.000000000000000000e+00 4.000000000000000000e+00 0.000000000000000000e+00 1.003963779911579370e+09 1.003963779911579370e+09 1.232567279683569431e+09 1.232567279683569431e+09 4.273951289653778076e+02 0.000000000000000000e+00 0.000000000000000000e+00
7.100000000000000000e+01 2.750000000000000000e+00 4.000000000000000000e+00 0.000000000000000000e+00 1.003963779911579370e+09 1.003963779911579370e+09 1.232567279683569431e+09 1.232567279683569431e+09 1.810269117355346680e+00 0.000000000000000000e+00 0.000000000000000000e+00
7.100000000000000000e+01 2.500000000000000000e+00 4.000000000000000000e+00 0.000000000000000000e+00 1.003963779911579370e+09 1.003963779911579370e+09 1.232567279683569431e+09 1.232567279683569431e+09 1.749111890792846680e+00 0.000000000000000000e+00 0.000000000000000000e+00
7.100000000000000000e+01 2.250000000000000000e+00 4.000000000000000000e+00 0.000000000000000000e+00 1.003963779911579370e+09 1.003963779911579370e+09 1.232567279683569431e+09 1.232567279683569431e+09 1.733129024505615234e+00 0.000000000000000000e+00 0.000000000000000000e+00
7.100000000000000000e+01 2.000000000000000000e+00 4.000000000000000000e+00 0.000000000000000000e+00 1.003963779911579370e+09 1.003963779911579370e+09 1.232567279683569431e+09 1.232567279683569431e+09 1.826092004776000977e+00 0.000000000000000000e+00 0.000000000000000000e+00
7.100000000000000000e+01 1.750000000000000000e+00 4.000000000000000000e+00 0.000000000000000000e+00 1.003963779911579370e+09 1.003963779911579370e+09 1.232567279683569431e+09 1.232567279683569431e+09 1.784745931625366211e+00 0.000000000000000000e+00 0.000000000000000000e+00
7.100000000000000000e+01 1.500000000000000000e+00 4.000000000000000000e+00 0.000000000000000000e+00 1.003963779911579370e+09 1.003963779911579370e+09 1.232567279683569431e+09 1.232567279683569431e+09 1.755024909973144531e+00 0.000000000000000000e+00 0.000000000000000000e+00
7.100000000000000000e+01 1.250000000000000000e+00 4.000000000000000000e+00 0.000000000000000000e+00 1.003963779911579370e+09 1.003963779911579370e+09 1.232567279683569431e+09 1.232567279683569431e+09 1.752490997314453125e+00 0.000000000000000000e+00 0.000000000000000000e+00
7.100000000000000000e+01 1.000000000000000000e+00 4.000000000000000000e+00 0.000000000000000000e+00 1.003963779911579370e+09 1.003963779911579370e+09 1.232567279683569431e+09 1.232567279683569431e+09 1.742784023284912109e+00 0.000000000000000000e+00 0.000000000000000000e+00
7.100000000000000000e+01 1.000000000000000000e+00 4.000000000000000000e+00 5.000000000000000000e+00 1.003963779911579370e+09 1.003963779911579370e+09 1.232567279683569431e+09 1.232567279683569431e+09 1.764011859893798828e+00 0.000000000000000000e+00 0.000000000000000000e+00
