# run number, exp fac, ti calc, ti opt, aep init calc (kW), aep init opt (kW), aep run calc (kW), aep run opt (kW), run time (s), obj func calls, sens func calls
3.800000000000000000e+01 3.000000000000000000e+00 4.000000000000000000e+00 0.000000000000000000e+00 1.028151872826014280e+09 1.028151872826014280e+09 1.212568040682678461e+09 1.212568040682678461e+09 2.626294300556182861e+02 0.000000000000000000e+00 0.000000000000000000e+00
3.800000000000000000e+01 2.750000000000000000e+00 4.000000000000000000e+00 0.000000000000000000e+00 1.028151872826014280e+09 1.028151872826014280e+09 1.212568040682678461e+09 1.212568040682678461e+09 2.180176019668579102e+00 0.000000000000000000e+00 0.000000000000000000e+00
3.800000000000000000e+01 2.500000000000000000e+00 4.000000000000000000e+00 0.000000000000000000e+00 1.028151872826014280e+09 1.028151872826014280e+09 1.212568040682678461e+09 1.212568040682678461e+09 2.229151964187622070e+00 0.000000000000000000e+00 0.000000000000000000e+00
3.800000000000000000e+01 2.250000000000000000e+00 4.000000000000000000e+00 0.000000000000000000e+00 1.028151872826014280e+09 1.028151872826014280e+09 1.212568040682678461e+09 1.212568040682678461e+09 2.216109037399291992e+00 0.000000000000000000e+00 0.000000000000000000e+00
3.800000000000000000e+01 2.000000000000000000e+00 4.000000000000000000e+00 0.000000000000000000e+00 1.028151872826014280e+09 1.028151872826014280e+09 1.212568040682678461e+09 1.212568040682678461e+09 2.259016990661621094e+00 0.000000000000000000e+00 0.000000000000000000e+00
3.800000000000000000e+01 1.750000000000000000e+00 4.000000000000000000e+00 0.000000000000000000e+00 1.028151872826014280e+09 1.028151872826014280e+09 1.212568040682678461e+09 1.212568040682678461e+09 2.243499040603637695e+00 0.000000000000000000e+00 0.000000000000000000e+00
3.800000000000000000e+01 1.500000000000000000e+00 4.000000000000000000e+00 0.000000000000000000e+00 1.028151872826014280e+09 1.028151872826014280e+09 1.212568040682678461e+09 1.212568040682678461e+09 2.211737871170043945e+00 0.000000000000000000e+00 0.000000000000000000e+00
3.800000000000000000e+01 1.250000000000000000e+00 4.000000000000000000e+00 0.000000000000000000e+00 1.028151872826014280e+09 1.028151872826014280e+09 1.212568040682678461e+09 1.212568040682678461e+09 2.180992841720581055e+00 0.000000000000000000e+00 0.000000000000000000e+00
3.800000000000000000e+01 1.000000000000000000e+00 4.000000000000000000e+00 0.000000000000000000e+00 1.028151872826014280e+09 1.028151872826014280e+09 1.212568040682678461e+09 1.212568040682678461e+09 2.172675848007202148e+00 0.000000000000000000e+00 0.000000000000000000e+00
3.800000000000000000e+01 1.000000000000000000e+00 4.000000000000000000e+00 5.000000000000000000e+00 1.028151872826014280e+09 1.028151872826014280e+09 1.212568040682678461e+09 1.212568040682678461e+09 2.191625833511352539e+00 0.000000000000000000e+00 0.000000000000000000e+00
