# run number, exp fac, ti calc, ti opt, aep init calc (kW), aep init opt (kW), aep run calc (kW), aep run opt (kW), run time (s), obj func calls, sens func calls
4.500000000000000000e+01 3.000000000000000000e+00 4.000000000000000000e+00 0.000000000000000000e+00 1.055774633217827916e+09 1.055774633217827916e+09 1.230762009740885258e+09 1.230762009740885258e+09 2.570856239795684814e+02 0.000000000000000000e+00 0.000000000000000000e+00
4.500000000000000000e+01 2.750000000000000000e+00 4.000000000000000000e+00 0.000000000000000000e+00 1.055774633217827916e+09 1.055774633217827916e+09 1.230762009740885258e+09 1.230762009740885258e+09 2.096273183822631836e+00 0.000000000000000000e+00 0.000000000000000000e+00
4.500000000000000000e+01 2.500000000000000000e+00 4.000000000000000000e+00 0.000000000000000000e+00 1.055774633217827916e+09 1.055774633217827916e+09 1.230762009740885258e+09 1.230762009740885258e+09 2.213222980499267578e+00 0.000000000000000000e+00 0.000000000000000000e+00
4.500000000000000000e+01 2.250000000000000000e+00 4.000000000000000000e+00 0.000000000000000000e+00 1.055774633217827916e+09 1.055774633217827916e+09 1.230762009740885258e+09 1.230762009740885258e+09 2.099795103073120117e+00 0.000000000000000000e+00 0.000000000000000000e+00
4.500000000000000000e+01 2.000000000000000000e+00 4.000000000000000000e+00 0.000000000000000000e+00 1.055774633217827916e+09 1.055774633217827916e+09 1.230762009740885258e+09 1.230762009740885258e+09 2.198951005935668945e+00 0.000000000000000000e+00 0.000000000000000000e+00
4.500000000000000000e+01 1.750000000000000000e+00 4.000000000000000000e+00 0.000000000000000000e+00 1.055774633217827916e+09 1.055774633217827916e+09 1.230762009740885258e+09 1.230762009740885258e+09 2.228485107421875000e+00 0.000000000000000000e+00 0.000000000000000000e+00
4.500000000000000000e+01 1.500000000000000000e+00 4.000000000000000000e+00 0.000000000000000000e+00 1.055774633217827916e+09 1.055774633217827916e+09 1.230762009740885258e+09 1.230762009740885258e+09 2.148880004882812500e+00 0.000000000000000000e+00 0.000000000000000000e+00
4.500000000000000000e+01 1.250000000000000000e+00 4.000000000000000000e+00 0.000000000000000000e+00 1.055774633217827916e+09 1.055774633217827916e+09 1.230762009740885258e+09 1.230762009740885258e+09 2.035556077957153320e+00 0.000000000000000000e+00 0.000000000000000000e+00
4.500000000000000000e+01 1.000000000000000000e+00 4.000000000000000000e+00 0.000000000000000000e+00 1.055774633217827916e+09 1.055774633217827916e+09 1.230762009740885258e+09 1.230762009740885258e+09 1.983581066131591797e+00 0.000000000000000000e+00 0.000000000000000000e+00
4.500000000000000000e+01 1.000000000000000000e+00 4.000000000000000000e+00 5.000000000000000000e+00 1.055774633217827916e+09 1.055774633217827916e+09 1.230762009740885258e+09 1.230762009740885258e+09 1.923113107681274414e+00 0.000000000000000000e+00 0.000000000000000000e+00
