# run number, exp fac, ti calc, ti opt, aep init calc (kW), aep init opt (kW), aep run calc (kW), aep run opt (kW), run time (s), obj func calls, sens func calls
1.730000000000000000e+02 3.000000000000000000e+00 4.000000000000000000e+00 0.000000000000000000e+00 1.062198723163402081e+09 1.062198723163402081e+09 1.247945110008892298e+09 1.247945110008892298e+09 2.709225199222564697e+02 0.000000000000000000e+00 0.000000000000000000e+00
1.730000000000000000e+02 2.750000000000000000e+00 4.000000000000000000e+00 0.000000000000000000e+00 1.062198723163402081e+09 1.062198723163402081e+09 1.247945110008892298e+09 1.247945110008892298e+09 2.128654003143310547e+00 0.000000000000000000e+00 0.000000000000000000e+00
1.730000000000000000e+02 2.500000000000000000e+00 4.000000000000000000e+00 0.000000000000000000e+00 1.062198723163402081e+09 1.062198723163402081e+09 1.247945110008892298e+09 1.247945110008892298e+09 2.029043197631835938e+00 0.000000000000000000e+00 0.000000000000000000e+00
1.730000000000000000e+02 2.250000000000000000e+00 4.000000000000000000e+00 0.000000000000000000e+00 1.062198723163402081e+09 1.062198723163402081e+09 1.247945110008892298e+09 1.247945110008892298e+09 2.088585138320922852e+00 0.000000000000000000e+00 0.000000000000000000e+00
1.730000000000000000e+02 2.000000000000000000e+00 4.000000000000000000e+00 0.000000000000000000e+00 1.062198723163402081e+09 1.062198723163402081e+09 1.247945110008892298e+09 1.247945110008892298e+09 2.077605009078979492e+00 0.000000000000000000e+00 0.000000000000000000e+00
1.730000000000000000e+02 1.750000000000000000e+00 4.000000000000000000e+00 0.000000000000000000e+00 1.062198723163402081e+09 1.062198723163402081e+09 1.247945110008892298e+09 1.247945110008892298e+09 2.152397155761718750e+00 0.000000000000000000e+00 0.000000000000000000e+00
1.730000000000000000e+02 1.500000000000000000e+00 4.000000000000000000e+00 0.000000000000000000e+00 1.062198723163402081e+09 1.062198723163402081e+09 1.247945110008892298e+09 1.247945110008892298e+09 2.090044975280761719e+00 0.000000000000000000e+00 0.000000000000000000e+00
1.730000000000000000e+02 1.250000000000000000e+00 4.000000000000000000e+00 0.000000000000000000e+00 1.062198723163402081e+09 1.062198723163402081e+09 1.247945110008892298e+09 1.247945110008892298e+09 2.119078874588012695e+00 0.000000000000000000e+00 0.000000000000000000e+00
1.730000000000000000e+02 1.000000000000000000e+00 4.000000000000000000e+00 0.000000000000000000e+00 1.062198723163402081e+09 1.062198723163402081e+09 1.247945110008892298e+09 1.247945110008892298e+09 2.091965913772583008e+00 0.000000000000000000e+00 0.000000000000000000e+00
1.730000000000000000e+02 1.000000000000000000e+00 4.000000000000000000e+00 5.000000000000000000e+00 1.062198723163402081e+09 1.062198723163402081e+09 1.247945110008892298e+09 1.247945110008892298e+09 2.169766902923583984e+00 0.000000000000000000e+00 0.000000000000000000e+00
