# run number, exp fac, ti calc, ti opt, aep init calc (kW), aep init opt (kW), aep run calc (kW), aep run opt (kW), run time (s), obj func calls, sens func calls
2.600000000000000000e+01 3.000000000000000000e+00 4.000000000000000000e+00 0.000000000000000000e+00 1.047227150513504028e+09 1.047227150513504028e+09 1.229454768993801355e+09 1.229454768993801355e+09 3.766631548404693604e+02 0.000000000000000000e+00 0.000000000000000000e+00
2.600000000000000000e+01 2.750000000000000000e+00 4.000000000000000000e+00 0.000000000000000000e+00 1.047227150513504028e+09 1.047227150513504028e+09 1.229454768993801355e+09 1.229454768993801355e+09 3.126569032669067383e+00 0.000000000000000000e+00 0.000000000000000000e+00
2.600000000000000000e+01 2.500000000000000000e+00 4.000000000000000000e+00 0.000000000000000000e+00 1.047227150513504028e+09 1.047227150513504028e+09 1.229454768993801355e+09 1.229454768993801355e+09 3.391789913177490234e+00 0.000000000000000000e+00 0.000000000000000000e+00
2.600000000000000000e+01 2.250000000000000000e+00 4.000000000000000000e+00 0.000000000000000000e+00 1.047227150513504028e+09 1.047227150513504028e+09 1.229454768993801355e+09 1.229454768993801355e+09 3.044750928878784180e+00 0.000000000000000000e+00 0.000000000000000000e+00
2.600000000000000000e+01 2.000000000000000000e+00 4.000000000000000000e+00 0.000000000000000000e+00 1.047227150513504028e+09 1.047227150513504028e+09 1.229454768993801355e+09 1.229454768993801355e+09 3.011047124862670898e+00 0.000000000000000000e+00 0.000000000000000000e+00
2.600000000000000000e+01 1.750000000000000000e+00 4.000000000000000000e+00 0.000000000000000000e+00 1.047227150513504028e+09 1.047227150513504028e+09 1.229454768993801355e+09 1.229454768993801355e+09 2.860846996307373047e+00 0.000000000000000000e+00 0.000000000000000000e+00
2.600000000000000000e+01 1.500000000000000000e+00 4.000000000000000000e+00 0.000000000000000000e+00 1.047227150513504028e+09 1.047227150513504028e+09 1.229454768993801355e+09 1.229454768993801355e+09 2.797996997833251953e+00 0.000000000000000000e+00 0.000000000000000000e+00
2.600000000000000000e+01 1.250000000000000000e+00 4.000000000000000000e+00 0.000000000000000000e+00 1.047227150513504028e+09 1.047227150513504028e+09 1.229454768993801355e+09 1.229454768993801355e+09 2.901366949081420898e+00 0.000000000000000000e+00 0.000000000000000000e+00
2.600000000000000000e+01 1.000000000000000000e+00 4.000000000000000000e+00 0.000000000000000000e+00 1.047227150513504028e+09 1.047227150513504028e+09 1.229454768993801355e+09 1.229454768993801355e+09 2.988825082778930664e+00 0.000000000000000000e+00 0.000000000000000000e+00
2.600000000000000000e+01 1.000000000000000000e+00 4.000000000000000000e+00 5.000000000000000000e+00 1.047227150513504028e+09 1.047227150513504028e+09 1.229454768993801355e+09 1.229454768993801355e+09 3.053728818893432617e+00 0.000000000000000000e+00 0.000000000000000000e+00
