# run number, exp fac, ti calc, ti opt, aep init calc (kW), aep init opt (kW), aep run calc (kW), aep run opt (kW), run time (s), obj func calls, sens func calls
7.300000000000000000e+01 3.000000000000000000e+00 4.000000000000000000e+00 0.000000000000000000e+00 1.047232473002121568e+09 1.047232473002121568e+09 1.242359789400296450e+09 1.242359789400296450e+09 4.925707471370697021e+02 0.000000000000000000e+00 0.000000000000000000e+00
7.300000000000000000e+01 2.750000000000000000e+00 4.000000000000000000e+00 0.000000000000000000e+00 1.047232473002121568e+09 1.047232473002121568e+09 1.242359789400296450e+09 1.242359789400296450e+09 2.921976089477539062e+00 0.000000000000000000e+00 0.000000000000000000e+00
7.300000000000000000e+01 2.500000000000000000e+00 4.000000000000000000e+00 0.000000000000000000e+00 1.047232473002121568e+09 1.047232473002121568e+09 1.242359789400296450e+09 1.242359789400296450e+09 2.903072118759155273e+00 0.000000000000000000e+00 0.000000000000000000e+00
7.300000000000000000e+01 2.250000000000000000e+00 4.000000000000000000e+00 0.000000000000000000e+00 1.047232473002121568e+09 1.047232473002121568e+09 1.242359789400296450e+09 1.242359789400296450e+09 2.919834136962890625e+00 0.000000000000000000e+00 0.000000000000000000e+00
7.300000000000000000e+01 2.000000000000000000e+00 4.000000000000000000e+00 0.000000000000000000e+00 1.047232473002121568e+09 1.047232473002121568e+09 1.242359789400296450e+09 1.242359789400296450e+09 3.037738084793090820e+00 0.000000000000000000e+00 0.000000000000000000e+00
7.300000000000000000e+01 1.750000000000000000e+00 4.000000000000000000e+00 0.000000000000000000e+00 1.047232473002121568e+09 1.047232473002121568e+09 1.242359789400296450e+09 1.242359789400296450e+09 2.915684223175048828e+00 0.000000000000000000e+00 0.000000000000000000e+00
7.300000000000000000e+01 1.500000000000000000e+00 4.000000000000000000e+00 0.000000000000000000e+00 1.047232473002121568e+09 1.047232473002121568e+09 1.242359789400296450e+09 1.242359789400296450e+09 2.877382040023803711e+00 0.000000000000000000e+00 0.000000000000000000e+00
7.300000000000000000e+01 1.250000000000000000e+00 4.000000000000000000e+00 0.000000000000000000e+00 1.047232473002121568e+09 1.047232473002121568e+09 1.242359789400296450e+09 1.242359789400296450e+09 2.913283824920654297e+00 0.000000000000000000e+00 0.000000000000000000e+00
7.300000000000000000e+01 1.000000000000000000e+00 4.000000000000000000e+00 0.000000000000000000e+00 1.047232473002121568e+09 1.047232473002121568e+09 1.242359789400296450e+09 1.242359789400296450e+09 2.905459880828857422e+00 0.000000000000000000e+00 0.000000000000000000e+00
7.300000000000000000e+01 1.000000000000000000e+00 4.000000000000000000e+00 5.000000000000000000e+00 1.047232473002121568e+09 1.047232473002121568e+09 1.242359789400296450e+09 1.242359789400296450e+09 3.001279115676879883e+00 0.000000000000000000e+00 0.000000000000000000e+00
