# run number, exp fac, ti calc, ti opt, aep init calc (kW), aep init opt (kW), aep run calc (kW), aep run opt (kW), run time (s), obj func calls, sens func calls
1.520000000000000000e+02 3.000000000000000000e+00 4.000000000000000000e+00 0.000000000000000000e+00 1.055461426276542306e+09 1.055461426276542306e+09 1.241940183386405706e+09 1.241940183386405706e+09 4.163562839031219482e+02 0.000000000000000000e+00 0.000000000000000000e+00
1.520000000000000000e+02 2.750000000000000000e+00 4.000000000000000000e+00 0.000000000000000000e+00 1.055461426276542306e+09 1.055461426276542306e+09 1.241940183386405706e+09 1.241940183386405706e+09 2.058795928955078125e+00 0.000000000000000000e+00 0.000000000000000000e+00
1.520000000000000000e+02 2.500000000000000000e+00 4.000000000000000000e+00 0.000000000000000000e+00 1.055461426276542306e+09 1.055461426276542306e+09 1.241940183386405706e+09 1.241940183386405706e+09 3.037122964859008789e+00 0.000000000000000000e+00 0.000000000000000000e+00
1.520000000000000000e+02 2.250000000000000000e+00 4.000000000000000000e+00 0.000000000000000000e+00 1.055461426276542306e+09 1.055461426276542306e+09 1.241940183386405706e+09 1.241940183386405706e+09 2.309150934219360352e+00 0.000000000000000000e+00 0.000000000000000000e+00
1.520000000000000000e+02 2.000000000000000000e+00 4.000000000000000000e+00 0.000000000000000000e+00 1.055461426276542306e+09 1.055461426276542306e+09 1.241940183386405706e+09 1.241940183386405706e+09 1.991333007812500000e+00 0.000000000000000000e+00 0.000000000000000000e+00
1.520000000000000000e+02 1.750000000000000000e+00 4.000000000000000000e+00 0.000000000000000000e+00 1.055461426276542306e+09 1.055461426276542306e+09 1.241940183386405706e+09 1.241940183386405706e+09 2.021968126296997070e+00 0.000000000000000000e+00 0.000000000000000000e+00
1.520000000000000000e+02 1.500000000000000000e+00 4.000000000000000000e+00 0.000000000000000000e+00 1.055461426276542306e+09 1.055461426276542306e+09 1.241940183386405706e+09 1.241940183386405706e+09 2.038120985031127930e+00 0.000000000000000000e+00 0.000000000000000000e+00
1.520000000000000000e+02 1.250000000000000000e+00 4.000000000000000000e+00 0.000000000000000000e+00 1.055461426276542306e+09 1.055461426276542306e+09 1.241940183386405706e+09 1.241940183386405706e+09 2.017867803573608398e+00 0.000000000000000000e+00 0.000000000000000000e+00
1.520000000000000000e+02 1.000000000000000000e+00 4.000000000000000000e+00 0.000000000000000000e+00 1.055461426276542306e+09 1.055461426276542306e+09 1.241940183386405706e+09 1.241940183386405706e+09 1.994361877441406250e+00 0.000000000000000000e+00 0.000000000000000000e+00
1.520000000000000000e+02 1.000000000000000000e+00 4.000000000000000000e+00 5.000000000000000000e+00 1.055461426276542306e+09 1.055461426276542306e+09 1.241940183386405706e+09 1.241940183386405706e+09 1.951331853866577148e+00 0.000000000000000000e+00 0.000000000000000000e+00
