# run number, exp fac, ti calc, ti opt, aep init calc (kW), aep init opt (kW), aep run calc (kW), aep run opt (kW), run time (s), obj func calls, sens func calls
1.110000000000000000e+02 3.000000000000000000e+00 4.000000000000000000e+00 0.000000000000000000e+00 1.004525676305505633e+09 1.004525676305505633e+09 1.224474247135842323e+09 1.224474247135842323e+09 6.370412518978118896e+02 0.000000000000000000e+00 0.000000000000000000e+00
1.110000000000000000e+02 2.750000000000000000e+00 4.000000000000000000e+00 0.000000000000000000e+00 1.004525676305505633e+09 1.004525676305505633e+09 1.224474247135842323e+09 1.224474247135842323e+09 2.736409902572631836e+00 0.000000000000000000e+00 0.000000000000000000e+00
1.110000000000000000e+02 2.500000000000000000e+00 4.000000000000000000e+00 0.000000000000000000e+00 1.004525676305505633e+09 1.004525676305505633e+09 1.224474247135842323e+09 1.224474247135842323e+09 2.746906995773315430e+00 0.000000000000000000e+00 0.000000000000000000e+00
1.110000000000000000e+02 2.250000000000000000e+00 4.000000000000000000e+00 0.000000000000000000e+00 1.004525676305505633e+09 1.004525676305505633e+09 1.224474247135842323e+09 1.224474247135842323e+09 2.745466947555541992e+00 0.000000000000000000e+00 0.000000000000000000e+00
1.110000000000000000e+02 2.000000000000000000e+00 4.000000000000000000e+00 0.000000000000000000e+00 1.004525676305505633e+09 1.004525676305505633e+09 1.224474247135842323e+09 1.224474247135842323e+09 2.761852979660034180e+00 0.000000000000000000e+00 0.000000000000000000e+00
1.110000000000000000e+02 1.750000000000000000e+00 4.000000000000000000e+00 0.000000000000000000e+00 1.004525676305505633e+09 1.004525676305505633e+09 1.224474247135842323e+09 1.224474247135842323e+09 2.727165937423706055e+00 0.000000000000000000e+00 0.000000000000000000e+00
1.110000000000000000e+02 1.500000000000000000e+00 4.000000000000000000e+00 0.000000000000000000e+00 1.004525676305505633e+09 1.004525676305505633e+09 1.224474247135842323e+09 1.224474247135842323e+09 2.726672887802124023e+00 0.000000000000000000e+00 0.000000000000000000e+00
1.110000000000000000e+02 1.250000000000000000e+00 4.000000000000000000e+00 0.000000000000000000e+00 1.004525676305505633e+09 1.004525676305505633e+09 1.224474247135842323e+09 1.224474247135842323e+09 2.710716009140014648e+00 0.000000000000000000e+00 0.000000000000000000e+00
1.110000000000000000e+02 1.000000000000000000e+00 4.000000000000000000e+00 0.000000000000000000e+00 1.004525676305505633e+09 1.004525676305505633e+09 1.224474247135842323e+09 1.224474247135842323e+09 2.797381162643432617e+00 0.000000000000000000e+00 0.000000000000000000e+00
1.110000000000000000e+02 1.000000000000000000e+00 4.000000000000000000e+00 5.000000000000000000e+00 1.004525676305505633e+09 1.004525676305505633e+09 1.224474247135842323e+09 1.224474247135842323e+09 2.726238965988159180e+00 0.000000000000000000e+00 0.000000000000000000e+00
