# run number, exp fac, ti calc, ti opt, aep init calc (kW), aep init opt (kW), aep run calc (kW), aep run opt (kW), run time (s), obj func calls, sens func calls
1.930000000000000000e+02 3.000000000000000000e+00 4.000000000000000000e+00 0.000000000000000000e+00 1.046449541105828881e+09 1.046449541105828881e+09 1.223021206007774591e+09 1.223021206007774591e+09 3.297631258964538574e+02 0.000000000000000000e+00 0.000000000000000000e+00
1.930000000000000000e+02 2.750000000000000000e+00 4.000000000000000000e+00 0.000000000000000000e+00 1.046449541105828881e+09 1.046449541105828881e+09 1.223021206007774591e+09 1.223021206007774591e+09 1.827241182327270508e+00 0.000000000000000000e+00 0.000000000000000000e+00
1.930000000000000000e+02 2.500000000000000000e+00 4.000000000000000000e+00 0.000000000000000000e+00 1.046449541105828881e+09 1.046449541105828881e+09 1.223021206007774591e+09 1.223021206007774591e+09 1.795673131942749023e+00 0.000000000000000000e+00 0.000000000000000000e+00
1.930000000000000000e+02 2.250000000000000000e+00 4.000000000000000000e+00 0.000000000000000000e+00 1.046449541105828881e+09 1.046449541105828881e+09 1.223021206007774591e+09 1.223021206007774591e+09 1.682371139526367188e+00 0.000000000000000000e+00 0.000000000000000000e+00
1.930000000000000000e+02 2.000000000000000000e+00 4.000000000000000000e+00 0.000000000000000000e+00 1.046449541105828881e+09 1.046449541105828881e+09 1.223021206007774591e+09 1.223021206007774591e+09 1.710343837738037109e+00 0.000000000000000000e+00 0.000000000000000000e+00
1.930000000000000000e+02 1.750000000000000000e+00 4.000000000000000000e+00 0.000000000000000000e+00 1.046449541105828881e+09 1.046449541105828881e+09 1.223021206007774591e+09 1.223021206007774591e+09 1.760422945022583008e+00 0.000000000000000000e+00 0.000000000000000000e+00
1.930000000000000000e+02 1.500000000000000000e+00 4.000000000000000000e+00 0.000000000000000000e+00 1.046449541105828881e+09 1.046449541105828881e+09 1.223021206007774591e+09 1.223021206007774591e+09 1.683573007583618164e+00 0.000000000000000000e+00 0.000000000000000000e+00
1.930000000000000000e+02 1.250000000000000000e+00 4.000000000000000000e+00 0.000000000000000000e+00 1.046449541105828881e+09 1.046449541105828881e+09 1.223021206007774591e+09 1.223021206007774591e+09 1.688251972198486328e+00 0.000000000000000000e+00 0.000000000000000000e+00
1.930000000000000000e+02 1.000000000000000000e+00 4.000000000000000000e+00 0.000000000000000000e+00 1.046449541105828881e+09 1.046449541105828881e+09 1.223021206007774591e+09 1.223021206007774591e+09 1.662075042724609375e+00 0.000000000000000000e+00 0.000000000000000000e+00
1.930000000000000000e+02 1.000000000000000000e+00 4.000000000000000000e+00 5.000000000000000000e+00 1.046449541105828881e+09 1.046449541105828881e+09 1.223021206007774591e+09 1.223021206007774591e+09 1.815597057342529297e+00 0.000000000000000000e+00 0.000000000000000000e+00
