# run number, exp fac, ti calc, ti opt, aep init calc (kW), aep init opt (kW), aep run calc (kW), aep run opt (kW), run time (s), obj func calls, sens func calls
8.200000000000000000e+01 3.000000000000000000e+00 4.000000000000000000e+00 0.000000000000000000e+00 1.064283739376186967e+09 1.064283739376186967e+09 1.238995875174342155e+09 1.238995875174342155e+09 6.073799309730529785e+02 0.000000000000000000e+00 0.000000000000000000e+00
8.200000000000000000e+01 2.750000000000000000e+00 4.000000000000000000e+00 0.000000000000000000e+00 1.064283739376186967e+09 1.064283739376186967e+09 1.238995875174342155e+09 1.238995875174342155e+09 1.995046854019165039e+00 0.000000000000000000e+00 0.000000000000000000e+00
8.200000000000000000e+01 2.500000000000000000e+00 4.000000000000000000e+00 0.000000000000000000e+00 1.064283739376186967e+09 1.064283739376186967e+09 1.238995875174342155e+09 1.238995875174342155e+09 2.004976987838745117e+00 0.000000000000000000e+00 0.000000000000000000e+00
8.200000000000000000e+01 2.250000000000000000e+00 4.000000000000000000e+00 0.000000000000000000e+00 1.064283739376186967e+09 1.064283739376186967e+09 1.238995875174342155e+09 1.238995875174342155e+09 2.030233860015869141e+00 0.000000000000000000e+00 0.000000000000000000e+00
8.200000000000000000e+01 2.000000000000000000e+00 4.000000000000000000e+00 0.000000000000000000e+00 1.064283739376186967e+09 1.064283739376186967e+09 1.238995875174342155e+09 1.238995875174342155e+09 2.075392007827758789e+00 0.000000000000000000e+00 0.000000000000000000e+00
8.200000000000000000e+01 1.750000000000000000e+00 4.000000000000000000e+00 0.000000000000000000e+00 1.064283739376186967e+09 1.064283739376186967e+09 1.238995875174342155e+09 1.238995875174342155e+09 2.062340021133422852e+00 0.000000000000000000e+00 0.000000000000000000e+00
8.200000000000000000e+01 1.500000000000000000e+00 4.000000000000000000e+00 0.000000000000000000e+00 1.064283739376186967e+09 1.064283739376186967e+09 1.238995875174342155e+09 1.238995875174342155e+09 2.024959087371826172e+00 0.000000000000000000e+00 0.000000000000000000e+00
8.200000000000000000e+01 1.250000000000000000e+00 4.000000000000000000e+00 0.000000000000000000e+00 1.064283739376186967e+09 1.064283739376186967e+09 1.238995875174342155e+09 1.238995875174342155e+09 2.010810852050781250e+00 0.000000000000000000e+00 0.000000000000000000e+00
8.200000000000000000e+01 1.000000000000000000e+00 4.000000000000000000e+00 0.000000000000000000e+00 1.064283739376186967e+09 1.064283739376186967e+09 1.238995875174342155e+09 1.238995875174342155e+09 2.039221048355102539e+00 0.000000000000000000e+00 0.000000000000000000e+00
8.200000000000000000e+01 1.000000000000000000e+00 4.000000000000000000e+00 5.000000000000000000e+00 1.064283739376186967e+09 1.064283739376186967e+09 1.238995875174342155e+09 1.238995875174342155e+09 2.040110111236572266e+00 0.000000000000000000e+00 0.000000000000000000e+00
