# run number, exp fac, ti calc, ti opt, aep init calc (kW), aep init opt (kW), aep run calc (kW), aep run opt (kW), run time (s), obj func calls, sens func calls
1.080000000000000000e+02 3.000000000000000000e+00 4.000000000000000000e+00 0.000000000000000000e+00 1.058799919255406499e+09 1.058799919255406499e+09 1.241289198306575537e+09 1.241289198306575537e+09 3.759850578308105469e+02 0.000000000000000000e+00 0.000000000000000000e+00
1.080000000000000000e+02 2.750000000000000000e+00 4.000000000000000000e+00 0.000000000000000000e+00 1.058799919255406499e+09 1.058799919255406499e+09 1.241289198306575537e+09 1.241289198306575537e+09 2.697181940078735352e+00 0.000000000000000000e+00 0.000000000000000000e+00
1.080000000000000000e+02 2.500000000000000000e+00 4.000000000000000000e+00 0.000000000000000000e+00 1.058799919255406499e+09 1.058799919255406499e+09 1.241289198306575537e+09 1.241289198306575537e+09 2.766210079193115234e+00 0.000000000000000000e+00 0.000000000000000000e+00
1.080000000000000000e+02 2.250000000000000000e+00 4.000000000000000000e+00 0.000000000000000000e+00 1.058799919255406499e+09 1.058799919255406499e+09 1.241289198306575537e+09 1.241289198306575537e+09 2.713199853897094727e+00 0.000000000000000000e+00 0.000000000000000000e+00
1.080000000000000000e+02 2.000000000000000000e+00 4.000000000000000000e+00 0.000000000000000000e+00 1.058799919255406499e+09 1.058799919255406499e+09 1.241289198306575537e+09 1.241289198306575537e+09 2.703415870666503906e+00 0.000000000000000000e+00 0.000000000000000000e+00
1.080000000000000000e+02 1.750000000000000000e+00 4.000000000000000000e+00 0.000000000000000000e+00 1.058799919255406499e+09 1.058799919255406499e+09 1.241289198306575537e+09 1.241289198306575537e+09 2.685543060302734375e+00 0.000000000000000000e+00 0.000000000000000000e+00
1.080000000000000000e+02 1.500000000000000000e+00 4.000000000000000000e+00 0.000000000000000000e+00 1.058799919255406499e+09 1.058799919255406499e+09 1.241289198306575537e+09 1.241289198306575537e+09 2.713699817657470703e+00 0.000000000000000000e+00 0.000000000000000000e+00
1.080000000000000000e+02 1.250000000000000000e+00 4.000000000000000000e+00 0.000000000000000000e+00 1.058799919255406499e+09 1.058799919255406499e+09 1.241289198306575537e+09 1.241289198306575537e+09 2.707623004913330078e+00 0.000000000000000000e+00 0.000000000000000000e+00
1.080000000000000000e+02 1.000000000000000000e+00 4.000000000000000000e+00 0.000000000000000000e+00 1.058799919255406499e+09 1.058799919255406499e+09 1.241289198306575537e+09 1.241289198306575537e+09 2.756757020950317383e+00 0.000000000000000000e+00 0.000000000000000000e+00
1.080000000000000000e+02 1.000000000000000000e+00 4.000000000000000000e+00 5.000000000000000000e+00 1.058799919255406499e+09 1.058799919255406499e+09 1.241289198306575537e+09 1.241289198306575537e+09 2.729379892349243164e+00 0.000000000000000000e+00 0.000000000000000000e+00
