# run number, exp fac, ti calc, ti opt, aep init calc (kW), aep init opt (kW), aep run calc (kW), aep run opt (kW), run time (s), obj func calls, sens func calls
1.790000000000000000e+02 3.000000000000000000e+00 4.000000000000000000e+00 0.000000000000000000e+00 1.111067602718479872e+09 1.111067602718479872e+09 1.250071014769487858e+09 1.250071014769487858e+09 4.481082839965820312e+02 0.000000000000000000e+00 0.000000000000000000e+00
1.790000000000000000e+02 2.750000000000000000e+00 4.000000000000000000e+00 0.000000000000000000e+00 1.111067602718479872e+09 1.111067602718479872e+09 1.250071014769487858e+09 1.250071014769487858e+09 1.507029056549072266e+00 0.000000000000000000e+00 0.000000000000000000e+00
1.790000000000000000e+02 2.500000000000000000e+00 4.000000000000000000e+00 0.000000000000000000e+00 1.111067602718479872e+09 1.111067602718479872e+09 1.250071014769487858e+09 1.250071014769487858e+09 1.377900838851928711e+00 0.000000000000000000e+00 0.000000000000000000e+00
1.790000000000000000e+02 2.250000000000000000e+00 4.000000000000000000e+00 0.000000000000000000e+00 1.111067602718479872e+09 1.111067602718479872e+09 1.250071014769487858e+09 1.250071014769487858e+09 1.372081041336059570e+00 0.000000000000000000e+00 0.000000000000000000e+00
1.790000000000000000e+02 2.000000000000000000e+00 4.000000000000000000e+00 0.000000000000000000e+00 1.111067602718479872e+09 1.111067602718479872e+09 1.250071014769487858e+09 1.250071014769487858e+09 1.374866008758544922e+00 0.000000000000000000e+00 0.000000000000000000e+00
1.790000000000000000e+02 1.750000000000000000e+00 4.000000000000000000e+00 0.000000000000000000e+00 1.111067602718479872e+09 1.111067602718479872e+09 1.250071014769487858e+09 1.250071014769487858e+09 1.367149114608764648e+00 0.000000000000000000e+00 0.000000000000000000e+00
1.790000000000000000e+02 1.500000000000000000e+00 4.000000000000000000e+00 0.000000000000000000e+00 1.111067602718479872e+09 1.111067602718479872e+09 1.250071014769487858e+09 1.250071014769487858e+09 1.369038105010986328e+00 0.000000000000000000e+00 0.000000000000000000e+00
1.790000000000000000e+02 1.250000000000000000e+00 4.000000000000000000e+00 0.000000000000000000e+00 1.111067602718479872e+09 1.111067602718479872e+09 1.250071014769487858e+09 1.250071014769487858e+09 1.377587080001831055e+00 0.000000000000000000e+00 0.000000000000000000e+00
1.790000000000000000e+02 1.000000000000000000e+00 4.000000000000000000e+00 0.000000000000000000e+00 1.111067602718479872e+09 1.111067602718479872e+09 1.250071014769487858e+09 1.250071014769487858e+09 1.375862121582031250e+00 0.000000000000000000e+00 0.000000000000000000e+00
1.790000000000000000e+02 1.000000000000000000e+00 4.000000000000000000e+00 5.000000000000000000e+00 1.111067602718479872e+09 1.111067602718479872e+09 1.250071014769487858e+09 1.250071014769487858e+09 1.390106916427612305e+00 0.000000000000000000e+00 0.000000000000000000e+00
