# run number, exp fac, ti calc, ti opt, aep init calc (kW), aep init opt (kW), aep run calc (kW), aep run opt (kW), run time (s), obj func calls, sens func calls
4.000000000000000000e+00 3.000000000000000000e+00 4.000000000000000000e+00 0.000000000000000000e+00 1.062310477511350632e+09 1.062310477511350632e+09 1.225743874557114840e+09 1.225743874557114840e+09 3.632877409458160400e+02 0.000000000000000000e+00 0.000000000000000000e+00
4.000000000000000000e+00 2.750000000000000000e+00 4.000000000000000000e+00 0.000000000000000000e+00 1.062310477511350632e+09 1.062310477511350632e+09 1.225743874557114840e+09 1.225743874557114840e+09 2.866816997528076172e+00 0.000000000000000000e+00 0.000000000000000000e+00
4.000000000000000000e+00 2.500000000000000000e+00 4.000000000000000000e+00 0.000000000000000000e+00 1.062310477511350632e+09 1.062310477511350632e+09 1.225743874557114840e+09 1.225743874557114840e+09 2.748864173889160156e+00 0.000000000000000000e+00 0.000000000000000000e+00
4.000000000000000000e+00 2.250000000000000000e+00 4.000000000000000000e+00 0.000000000000000000e+00 1.062310477511350632e+09 1.062310477511350632e+09 1.225743874557114840e+09 1.225743874557114840e+09 2.843461990356445312e+00 0.000000000000000000e+00 0.000000000000000000e+00
4.000000000000000000e+00 2.000000000000000000e+00 4.000000000000000000e+00 0.000000000000000000e+00 1.062310477511350632e+09 1.062310477511350632e+09 1.225743874557114840e+09 1.225743874557114840e+09 2.847732067108154297e+00 0.000000000000000000e+00 0.000000000000000000e+00
4.000000000000000000e+00 1.750000000000000000e+00 4.000000000000000000e+00 0.000000000000000000e+00 1.062310477511350632e+09 1.062310477511350632e+09 1.225743874557114840e+09 1.225743874557114840e+09 2.885565996170043945e+00 0.000000000000000000e+00 0.000000000000000000e+00
4.000000000000000000e+00 1.500000000000000000e+00 4.000000000000000000e+00 0.000000000000000000e+00 1.062310477511350632e+09 1.062310477511350632e+09 1.225743874557114840e+09 1.225743874557114840e+09 2.898033857345581055e+00 0.000000000000000000e+00 0.000000000000000000e+00
4.000000000000000000e+00 1.250000000000000000e+00 4.000000000000000000e+00 0.000000000000000000e+00 1.062310477511350632e+09 1.062310477511350632e+09 1.225743874557114840e+09 1.225743874557114840e+09 2.885515928268432617e+00 0.000000000000000000e+00 0.000000000000000000e+00
4.000000000000000000e+00 1.000000000000000000e+00 4.000000000000000000e+00 0.000000000000000000e+00 1.062310477511350632e+09 1.062310477511350632e+09 1.225743874557114840e+09 1.225743874557114840e+09 2.797981023788452148e+00 0.000000000000000000e+00 0.000000000000000000e+00
4.000000000000000000e+00 1.000000000000000000e+00 4.000000000000000000e+00 5.000000000000000000e+00 1.062310477511350632e+09 1.062310477511350632e+09 1.225743874557114840e+09 1.225743874557114840e+09 2.844182014465332031e+00 0.000000000000000000e+00 0.000000000000000000e+00
