# run number, exp fac, ti calc, ti opt, aep init calc (kW), aep init opt (kW), aep run calc (kW), aep run opt (kW), run time (s), obj func calls, sens func calls
1.640000000000000000e+02 3.000000000000000000e+00 4.000000000000000000e+00 0.000000000000000000e+00 1.052703976221812606e+09 1.052703976221812606e+09 1.249151501222597837e+09 1.249151501222597837e+09 1.841209759712219238e+02 0.000000000000000000e+00 0.000000000000000000e+00
1.640000000000000000e+02 2.750000000000000000e+00 4.000000000000000000e+00 0.000000000000000000e+00 1.052703976221812606e+09 1.052703976221812606e+09 1.249151501222597837e+09 1.249151501222597837e+09 1.953438043594360352e+00 0.000000000000000000e+00 0.000000000000000000e+00
1.640000000000000000e+02 2.500000000000000000e+00 4.000000000000000000e+00 0.000000000000000000e+00 1.052703976221812606e+09 1.052703976221812606e+09 1.249151501222597837e+09 1.249151501222597837e+09 1.913366794586181641e+00 0.000000000000000000e+00 0.000000000000000000e+00
1.640000000000000000e+02 2.250000000000000000e+00 4.000000000000000000e+00 0.000000000000000000e+00 1.052703976221812606e+09 1.052703976221812606e+09 1.249151501222597837e+09 1.249151501222597837e+09 1.992628812789916992e+00 0.000000000000000000e+00 0.000000000000000000e+00
1.640000000000000000e+02 2.000000000000000000e+00 4.000000000000000000e+00 0.000000000000000000e+00 1.052703976221812606e+09 1.052703976221812606e+09 1.249151501222597837e+09 1.249151501222597837e+09 1.938593149185180664e+00 0.000000000000000000e+00 0.000000000000000000e+00
1.640000000000000000e+02 1.750000000000000000e+00 4.000000000000000000e+00 0.000000000000000000e+00 1.052703976221812606e+09 1.052703976221812606e+09 1.249151501222597837e+09 1.249151501222597837e+09 1.918201923370361328e+00 0.000000000000000000e+00 0.000000000000000000e+00
1.640000000000000000e+02 1.500000000000000000e+00 4.000000000000000000e+00 0.000000000000000000e+00 1.052703976221812606e+09 1.052703976221812606e+09 1.249151501222597837e+09 1.249151501222597837e+09 1.953739881515502930e+00 0.000000000000000000e+00 0.000000000000000000e+00
1.640000000000000000e+02 1.250000000000000000e+00 4.000000000000000000e+00 0.000000000000000000e+00 1.052703976221812606e+09 1.052703976221812606e+09 1.249151501222597837e+09 1.249151501222597837e+09 1.956966161727905273e+00 0.000000000000000000e+00 0.000000000000000000e+00
1.640000000000000000e+02 1.000000000000000000e+00 4.000000000000000000e+00 0.000000000000000000e+00 1.052703976221812606e+09 1.052703976221812606e+09 1.249151501222597837e+09 1.249151501222597837e+09 1.950067996978759766e+00 0.000000000000000000e+00 0.000000000000000000e+00
1.640000000000000000e+02 1.000000000000000000e+00 4.000000000000000000e+00 5.000000000000000000e+00 1.052703976221812606e+09 1.052703976221812606e+09 1.249151501222597837e+09 1.249151501222597837e+09 1.945556163787841797e+00 0.000000000000000000e+00 0.000000000000000000e+00
