# run number, exp fac, ti calc, ti opt, aep init calc (kW), aep init opt (kW), aep run calc (kW), aep run opt (kW), run time (s), obj func calls, sens func calls
4.300000000000000000e+01 3.000000000000000000e+00 4.000000000000000000e+00 0.000000000000000000e+00 1.015929518794397831e+09 1.015929518794397831e+09 1.236576972056431055e+09 1.236576972056431055e+09 4.715842139720916748e+02 0.000000000000000000e+00 0.000000000000000000e+00
4.300000000000000000e+01 2.750000000000000000e+00 4.000000000000000000e+00 0.000000000000000000e+00 1.015929518794397831e+09 1.015929518794397831e+09 1.236576972056431055e+09 1.236576972056431055e+09 2.109416961669921875e+00 0.000000000000000000e+00 0.000000000000000000e+00
4.300000000000000000e+01 2.500000000000000000e+00 4.000000000000000000e+00 0.000000000000000000e+00 1.015929518794397831e+09 1.015929518794397831e+09 1.236576972056431055e+09 1.236576972056431055e+09 2.119649171829223633e+00 0.000000000000000000e+00 0.000000000000000000e+00
4.300000000000000000e+01 2.250000000000000000e+00 4.000000000000000000e+00 0.000000000000000000e+00 1.015929518794397831e+09 1.015929518794397831e+09 1.236576972056431055e+09 1.236576972056431055e+09 2.123537778854370117e+00 0.000000000000000000e+00 0.000000000000000000e+00
4.300000000000000000e+01 2.000000000000000000e+00 4.000000000000000000e+00 0.000000000000000000e+00 1.015929518794397831e+09 1.015929518794397831e+09 1.236576972056431055e+09 1.236576972056431055e+09 2.158504962921142578e+00 0.000000000000000000e+00 0.000000000000000000e+00
4.300000000000000000e+01 1.750000000000000000e+00 4.000000000000000000e+00 0.000000000000000000e+00 1.015929518794397831e+09 1.015929518794397831e+09 1.236576972056431055e+09 1.236576972056431055e+09 2.113914012908935547e+00 0.000000000000000000e+00 0.000000000000000000e+00
4.300000000000000000e+01 1.500000000000000000e+00 4.000000000000000000e+00 0.000000000000000000e+00 1.015929518794397831e+09 1.015929518794397831e+09 1.236576972056431055e+09 1.236576972056431055e+09 2.071949005126953125e+00 0.000000000000000000e+00 0.000000000000000000e+00
4.300000000000000000e+01 1.250000000000000000e+00 4.000000000000000000e+00 0.000000000000000000e+00 1.015929518794397831e+09 1.015929518794397831e+09 1.236576972056431055e+09 1.236576972056431055e+09 2.095287084579467773e+00 0.000000000000000000e+00 0.000000000000000000e+00
4.300000000000000000e+01 1.000000000000000000e+00 4.000000000000000000e+00 0.000000000000000000e+00 1.015929518794397831e+09 1.015929518794397831e+09 1.236576972056431055e+09 1.236576972056431055e+09 2.108007907867431641e+00 0.000000000000000000e+00 0.000000000000000000e+00
4.300000000000000000e+01 1.000000000000000000e+00 4.000000000000000000e+00 5.000000000000000000e+00 1.015929518794397831e+09 1.015929518794397831e+09 1.236576972056431055e+09 1.236576972056431055e+09 2.115988016128540039e+00 0.000000000000000000e+00 0.000000000000000000e+00
