# run number, exp fac, ti calc, ti opt, aep init calc (kW), aep init opt (kW), aep run calc (kW), aep run opt (kW), run time (s), obj func calls, sens func calls
1.280000000000000000e+02 3.000000000000000000e+00 4.000000000000000000e+00 0.000000000000000000e+00 1.031006788071513295e+09 1.031006788071513295e+09 1.229495307834746599e+09 1.229495307834746599e+09 4.008089320659637451e+02 0.000000000000000000e+00 0.000000000000000000e+00
1.280000000000000000e+02 2.750000000000000000e+00 4.000000000000000000e+00 0.000000000000000000e+00 1.031006788071513295e+09 1.031006788071513295e+09 1.229495307834746599e+09 1.229495307834746599e+09 2.901827096939086914e+00 0.000000000000000000e+00 0.000000000000000000e+00
1.280000000000000000e+02 2.500000000000000000e+00 4.000000000000000000e+00 0.000000000000000000e+00 1.031006788071513295e+09 1.031006788071513295e+09 1.229495307834746599e+09 1.229495307834746599e+09 2.903642892837524414e+00 0.000000000000000000e+00 0.000000000000000000e+00
1.280000000000000000e+02 2.250000000000000000e+00 4.000000000000000000e+00 0.000000000000000000e+00 1.031006788071513295e+09 1.031006788071513295e+09 1.229495307834746599e+09 1.229495307834746599e+09 2.880208969116210938e+00 0.000000000000000000e+00 0.000000000000000000e+00
1.280000000000000000e+02 2.000000000000000000e+00 4.000000000000000000e+00 0.000000000000000000e+00 1.031006788071513295e+09 1.031006788071513295e+09 1.229495307834746599e+09 1.229495307834746599e+09 2.894320964813232422e+00 0.000000000000000000e+00 0.000000000000000000e+00
1.280000000000000000e+02 1.750000000000000000e+00 4.000000000000000000e+00 0.000000000000000000e+00 1.031006788071513295e+09 1.031006788071513295e+09 1.229495307834746599e+09 1.229495307834746599e+09 2.904235124588012695e+00 0.000000000000000000e+00 0.000000000000000000e+00
1.280000000000000000e+02 1.500000000000000000e+00 4.000000000000000000e+00 0.000000000000000000e+00 1.031006788071513295e+09 1.031006788071513295e+09 1.229495307834746599e+09 1.229495307834746599e+09 2.917763948440551758e+00 0.000000000000000000e+00 0.000000000000000000e+00
1.280000000000000000e+02 1.250000000000000000e+00 4.000000000000000000e+00 0.000000000000000000e+00 1.031006788071513295e+09 1.031006788071513295e+09 1.229495307834746599e+09 1.229495307834746599e+09 2.909169912338256836e+00 0.000000000000000000e+00 0.000000000000000000e+00
1.280000000000000000e+02 1.000000000000000000e+00 4.000000000000000000e+00 0.000000000000000000e+00 1.031006788071513295e+09 1.031006788071513295e+09 1.229495307834746599e+09 1.229495307834746599e+09 2.895498037338256836e+00 0.000000000000000000e+00 0.000000000000000000e+00
1.280000000000000000e+02 1.000000000000000000e+00 4.000000000000000000e+00 5.000000000000000000e+00 1.031006788071513295e+09 1.031006788071513295e+09 1.229495307834746599e+09 1.229495307834746599e+09 2.841121912002563477e+00 0.000000000000000000e+00 0.000000000000000000e+00
