# run number, exp fac, ti calc, ti opt, aep init calc (kW), aep init opt (kW), aep run calc (kW), aep run opt (kW), run time (s), obj func calls, sens func calls
1.630000000000000000e+02 3.000000000000000000e+00 4.000000000000000000e+00 0.000000000000000000e+00 1.067835728383356929e+09 1.067835728383356929e+09 1.226543716083743572e+09 1.226543716083743572e+09 2.536508579254150391e+02 0.000000000000000000e+00 0.000000000000000000e+00
1.630000000000000000e+02 2.750000000000000000e+00 4.000000000000000000e+00 0.000000000000000000e+00 1.067835728383356929e+09 1.067835728383356929e+09 1.226543716083743572e+09 1.226543716083743572e+09 2.130663871765136719e+00 0.000000000000000000e+00 0.000000000000000000e+00
1.630000000000000000e+02 2.500000000000000000e+00 4.000000000000000000e+00 0.000000000000000000e+00 1.067835728383356929e+09 1.067835728383356929e+09 1.226543716083743572e+09 1.226543716083743572e+09 2.219482898712158203e+00 0.000000000000000000e+00 0.000000000000000000e+00
1.630000000000000000e+02 2.250000000000000000e+00 4.000000000000000000e+00 0.000000000000000000e+00 1.067835728383356929e+09 1.067835728383356929e+09 1.226543716083743572e+09 1.226543716083743572e+09 2.119910955429077148e+00 0.000000000000000000e+00 0.000000000000000000e+00
1.630000000000000000e+02 2.000000000000000000e+00 4.000000000000000000e+00 0.000000000000000000e+00 1.067835728383356929e+09 1.067835728383356929e+09 1.226543716083743572e+09 1.226543716083743572e+09 2.142329216003417969e+00 0.000000000000000000e+00 0.000000000000000000e+00
1.630000000000000000e+02 1.750000000000000000e+00 4.000000000000000000e+00 0.000000000000000000e+00 1.067835728383356929e+09 1.067835728383356929e+09 1.226543716083743572e+09 1.226543716083743572e+09 2.061678171157836914e+00 0.000000000000000000e+00 0.000000000000000000e+00
1.630000000000000000e+02 1.500000000000000000e+00 4.000000000000000000e+00 0.000000000000000000e+00 1.067835728383356929e+09 1.067835728383356929e+09 1.226543716083743572e+09 1.226543716083743572e+09 2.044785976409912109e+00 0.000000000000000000e+00 0.000000000000000000e+00
1.630000000000000000e+02 1.250000000000000000e+00 4.000000000000000000e+00 0.000000000000000000e+00 1.067835728383356929e+09 1.067835728383356929e+09 1.226543716083743572e+09 1.226543716083743572e+09 2.089626073837280273e+00 0.000000000000000000e+00 0.000000000000000000e+00
1.630000000000000000e+02 1.000000000000000000e+00 4.000000000000000000e+00 0.000000000000000000e+00 1.067835728383356929e+09 1.067835728383356929e+09 1.226543716083743572e+09 1.226543716083743572e+09 2.105829000473022461e+00 0.000000000000000000e+00 0.000000000000000000e+00
1.630000000000000000e+02 1.000000000000000000e+00 4.000000000000000000e+00 5.000000000000000000e+00 1.067835728383356929e+09 1.067835728383356929e+09 1.226543716083743572e+09 1.226543716083743572e+09 2.131178855895996094e+00 0.000000000000000000e+00 0.000000000000000000e+00
