# run number, exp fac, ti calc, ti opt, aep init calc (kW), aep init opt (kW), aep run calc (kW), aep run opt (kW), run time (s), obj func calls, sens func calls
1.960000000000000000e+02 3.000000000000000000e+00 4.000000000000000000e+00 0.000000000000000000e+00 1.045074886579298496e+09 1.045074886579298496e+09 1.230474887002385616e+09 1.230474887002385616e+09 2.985882959365844727e+02 0.000000000000000000e+00 0.000000000000000000e+00
1.960000000000000000e+02 2.750000000000000000e+00 4.000000000000000000e+00 0.000000000000000000e+00 1.045074886579298496e+09 1.045074886579298496e+09 1.230474887002385616e+09 1.230474887002385616e+09 2.060564041137695312e+00 0.000000000000000000e+00 0.000000000000000000e+00
1.960000000000000000e+02 2.500000000000000000e+00 4.000000000000000000e+00 0.000000000000000000e+00 1.045074886579298496e+09 1.045074886579298496e+09 1.230474887002385616e+09 1.230474887002385616e+09 1.935384988784790039e+00 0.000000000000000000e+00 0.000000000000000000e+00
1.960000000000000000e+02 2.250000000000000000e+00 4.000000000000000000e+00 0.000000000000000000e+00 1.045074886579298496e+09 1.045074886579298496e+09 1.230474887002385616e+09 1.230474887002385616e+09 1.911931037902832031e+00 0.000000000000000000e+00 0.000000000000000000e+00
1.960000000000000000e+02 2.000000000000000000e+00 4.000000000000000000e+00 0.000000000000000000e+00 1.045074886579298496e+09 1.045074886579298496e+09 1.230474887002385616e+09 1.230474887002385616e+09 1.937278985977172852e+00 0.000000000000000000e+00 0.000000000000000000e+00
1.960000000000000000e+02 1.750000000000000000e+00 4.000000000000000000e+00 0.000000000000000000e+00 1.045074886579298496e+09 1.045074886579298496e+09 1.230474887002385616e+09 1.230474887002385616e+09 1.881129026412963867e+00 0.000000000000000000e+00 0.000000000000000000e+00
1.960000000000000000e+02 1.500000000000000000e+00 4.000000000000000000e+00 0.000000000000000000e+00 1.045074886579298496e+09 1.045074886579298496e+09 1.230474887002385616e+09 1.230474887002385616e+09 1.913117170333862305e+00 0.000000000000000000e+00 0.000000000000000000e+00
1.960000000000000000e+02 1.250000000000000000e+00 4.000000000000000000e+00 0.000000000000000000e+00 1.045074886579298496e+09 1.045074886579298496e+09 1.230474887002385616e+09 1.230474887002385616e+09 1.908915042877197266e+00 0.000000000000000000e+00 0.000000000000000000e+00
1.960000000000000000e+02 1.000000000000000000e+00 4.000000000000000000e+00 0.000000000000000000e+00 1.045074886579298496e+09 1.045074886579298496e+09 1.230474887002385616e+09 1.230474887002385616e+09 1.905946969985961914e+00 0.000000000000000000e+00 0.000000000000000000e+00
1.960000000000000000e+02 1.000000000000000000e+00 4.000000000000000000e+00 5.000000000000000000e+00 1.045074886579298496e+09 1.045074886579298496e+09 1.230474887002385616e+09 1.230474887002385616e+09 1.959077835083007812e+00 0.000000000000000000e+00 0.000000000000000000e+00
