# run number, exp fac, ti calc, ti opt, aep init calc (kW), aep init opt (kW), aep run calc (kW), aep run opt (kW), run time (s), obj func calls, sens func calls
1.220000000000000000e+02 3.000000000000000000e+00 4.000000000000000000e+00 0.000000000000000000e+00 1.033756700990983367e+09 1.033756700990983367e+09 1.244197363263069153e+09 1.244197363263069153e+09 1.025696264028549194e+03 0.000000000000000000e+00 0.000000000000000000e+00
1.220000000000000000e+02 2.750000000000000000e+00 4.000000000000000000e+00 0.000000000000000000e+00 1.033756700990983367e+09 1.033756700990983367e+09 1.244197363263069153e+09 1.244197363263069153e+09 2.694347143173217773e+00 0.000000000000000000e+00 0.000000000000000000e+00
1.220000000000000000e+02 2.500000000000000000e+00 4.000000000000000000e+00 0.000000000000000000e+00 1.033756700990983367e+09 1.033756700990983367e+09 1.244197363263069153e+09 1.244197363263069153e+09 2.806160926818847656e+00 0.000000000000000000e+00 0.000000000000000000e+00
1.220000000000000000e+02 2.250000000000000000e+00 4.000000000000000000e+00 0.000000000000000000e+00 1.033756700990983367e+09 1.033756700990983367e+09 1.244197363263069153e+09 1.244197363263069153e+09 4.739814043045043945e+00 0.000000000000000000e+00 0.000000000000000000e+00
1.220000000000000000e+02 2.000000000000000000e+00 4.000000000000000000e+00 0.000000000000000000e+00 1.033756700990983367e+09 1.033756700990983367e+09 1.244197363263069153e+09 1.244197363263069153e+09 4.741874217987060547e+00 0.000000000000000000e+00 0.000000000000000000e+00
1.220000000000000000e+02 1.750000000000000000e+00 4.000000000000000000e+00 0.000000000000000000e+00 1.033756700990983367e+09 1.033756700990983367e+09 1.244197363263069153e+09 1.244197363263069153e+09 4.039469957351684570e+00 0.000000000000000000e+00 0.000000000000000000e+00
1.220000000000000000e+02 1.500000000000000000e+00 4.000000000000000000e+00 0.000000000000000000e+00 1.033756700990983367e+09 1.033756700990983367e+09 1.244197363263069153e+09 1.244197363263069153e+09 4.365635156631469727e+00 0.000000000000000000e+00 0.000000000000000000e+00
1.220000000000000000e+02 1.250000000000000000e+00 4.000000000000000000e+00 0.000000000000000000e+00 1.033756700990983367e+09 1.033756700990983367e+09 1.244197363263069153e+09 1.244197363263069153e+09 4.427680015563964844e+00 0.000000000000000000e+00 0.000000000000000000e+00
1.220000000000000000e+02 1.000000000000000000e+00 4.000000000000000000e+00 0.000000000000000000e+00 1.033756700990983367e+09 1.033756700990983367e+09 1.244197363263069153e+09 1.244197363263069153e+09 4.389705896377563477e+00 0.000000000000000000e+00 0.000000000000000000e+00
1.220000000000000000e+02 1.000000000000000000e+00 4.000000000000000000e+00 5.000000000000000000e+00 1.033756700990983367e+09 1.033756700990983367e+09 1.244197363263069153e+09 1.244197363263069153e+09 4.500211000442504883e+00 0.000000000000000000e+00 0.000000000000000000e+00
