# run number, exp fac, ti calc, ti opt, aep init calc (kW), aep init opt (kW), aep run calc (kW), aep run opt (kW), run time (s), obj func calls, sens func calls
1.800000000000000000e+02 3.000000000000000000e+00 4.000000000000000000e+00 0.000000000000000000e+00 1.017695314372116923e+09 1.017695314372116923e+09 1.229159190621396542e+09 1.229159190621396542e+09 4.272272219657897949e+02 0.000000000000000000e+00 0.000000000000000000e+00
1.800000000000000000e+02 2.750000000000000000e+00 4.000000000000000000e+00 0.000000000000000000e+00 1.017695314372116923e+09 1.017695314372116923e+09 1.229159190621396542e+09 1.229159190621396542e+09 2.113569974899291992e+00 0.000000000000000000e+00 0.000000000000000000e+00
1.800000000000000000e+02 2.500000000000000000e+00 4.000000000000000000e+00 0.000000000000000000e+00 1.017695314372116923e+09 1.017695314372116923e+09 1.229159190621396542e+09 1.229159190621396542e+09 1.459530830383300781e+00 0.000000000000000000e+00 0.000000000000000000e+00
1.800000000000000000e+02 2.250000000000000000e+00 4.000000000000000000e+00 0.000000000000000000e+00 1.017695314372116923e+09 1.017695314372116923e+09 1.229159190621396542e+09 1.229159190621396542e+09 1.466156959533691406e+00 0.000000000000000000e+00 0.000000000000000000e+00
1.800000000000000000e+02 2.000000000000000000e+00 4.000000000000000000e+00 0.000000000000000000e+00 1.017695314372116923e+09 1.017695314372116923e+09 1.229159190621396542e+09 1.229159190621396542e+09 1.451107025146484375e+00 0.000000000000000000e+00 0.000000000000000000e+00
1.800000000000000000e+02 1.750000000000000000e+00 4.000000000000000000e+00 0.000000000000000000e+00 1.017695314372116923e+09 1.017695314372116923e+09 1.229159190621396542e+09 1.229159190621396542e+09 1.442736864089965820e+00 0.000000000000000000e+00 0.000000000000000000e+00
1.800000000000000000e+02 1.500000000000000000e+00 4.000000000000000000e+00 0.000000000000000000e+00 1.017695314372116923e+09 1.017695314372116923e+09 1.229159190621396542e+09 1.229159190621396542e+09 1.464045047760009766e+00 0.000000000000000000e+00 0.000000000000000000e+00
1.800000000000000000e+02 1.250000000000000000e+00 4.000000000000000000e+00 0.000000000000000000e+00 1.017695314372116923e+09 1.017695314372116923e+09 1.229159190621396542e+09 1.229159190621396542e+09 1.484972953796386719e+00 0.000000000000000000e+00 0.000000000000000000e+00
1.800000000000000000e+02 1.000000000000000000e+00 4.000000000000000000e+00 0.000000000000000000e+00 1.017695314372116923e+09 1.017695314372116923e+09 1.229159190621396542e+09 1.229159190621396542e+09 1.476052045822143555e+00 0.000000000000000000e+00 0.000000000000000000e+00
1.800000000000000000e+02 1.000000000000000000e+00 4.000000000000000000e+00 5.000000000000000000e+00 1.017695314372116923e+09 1.017695314372116923e+09 1.229159190621396542e+09 1.229159190621396542e+09 1.427138090133666992e+00 0.000000000000000000e+00 0.000000000000000000e+00
