# run number, exp fac, ti calc, ti opt, aep init calc (kW), aep init opt (kW), aep run calc (kW), aep run opt (kW), run time (s), obj func calls, sens func calls
7.000000000000000000e+01 3.000000000000000000e+00 4.000000000000000000e+00 0.000000000000000000e+00 1.022344983985173106e+09 1.022344983985173106e+09 1.219881737360445023e+09 1.219881737360445023e+09 3.755692291259765625e+02 0.000000000000000000e+00 0.000000000000000000e+00
7.000000000000000000e+01 2.750000000000000000e+00 4.000000000000000000e+00 0.000000000000000000e+00 1.022344983985173106e+09 1.022344983985173106e+09 1.219881737360445023e+09 1.219881737360445023e+09 1.779902935028076172e+00 0.000000000000000000e+00 0.000000000000000000e+00
7.000000000000000000e+01 2.500000000000000000e+00 4.000000000000000000e+00 0.000000000000000000e+00 1.022344983985173106e+09 1.022344983985173106e+09 1.219881737360445023e+09 1.219881737360445023e+09 1.751705884933471680e+00 0.000000000000000000e+00 0.000000000000000000e+00
7.000000000000000000e+01 2.250000000000000000e+00 4.000000000000000000e+00 0.000000000000000000e+00 1.022344983985173106e+09 1.022344983985173106e+09 1.219881737360445023e+09 1.219881737360445023e+09 1.748636007308959961e+00 0.000000000000000000e+00 0.000000000000000000e+00
7.000000000000000000e+01 2.000000000000000000e+00 4.000000000000000000e+00 0.000000000000000000e+00 1.022344983985173106e+09 1.022344983985173106e+09 1.219881737360445023e+09 1.219881737360445023e+09 1.765107154846191406e+00 0.000000000000000000e+00 0.000000000000000000e+00
7.000000000000000000e+01 1.750000000000000000e+00 4.000000000000000000e+00 0.000000000000000000e+00 1.022344983985173106e+09 1.022344983985173106e+09 1.219881737360445023e+09 1.219881737360445023e+09 1.756926059722900391e+00 0.000000000000000000e+00 0.000000000000000000e+00
7.000000000000000000e+01 1.500000000000000000e+00 4.000000000000000000e+00 0.000000000000000000e+00 1.022344983985173106e+09 1.022344983985173106e+09 1.219881737360445023e+09 1.219881737360445023e+09 1.745362997055053711e+00 0.000000000000000000e+00 0.000000000000000000e+00
7.000000000000000000e+01 1.250000000000000000e+00 4.000000000000000000e+00 0.000000000000000000e+00 1.022344983985173106e+09 1.022344983985173106e+09 1.219881737360445023e+09 1.219881737360445023e+09 1.722811937332153320e+00 0.000000000000000000e+00 0.000000000000000000e+00
7.000000000000000000e+01 1.000000000000000000e+00 4.000000000000000000e+00 0.000000000000000000e+00 1.022344983985173106e+09 1.022344983985173106e+09 1.219881737360445023e+09 1.219881737360445023e+09 1.750735044479370117e+00 0.000000000000000000e+00 0.000000000000000000e+00
7.000000000000000000e+01 1.000000000000000000e+00 4.000000000000000000e+00 5.000000000000000000e+00 1.022344983985173106e+09 1.022344983985173106e+09 1.219881737360445023e+09 1.219881737360445023e+09 1.688959836959838867e+00 0.000000000000000000e+00 0.000000000000000000e+00
