# run number, exp fac, ti calc, ti opt, aep init calc (kW), aep init opt (kW), aep run calc (kW), aep run opt (kW), run time (s), obj func calls, sens func calls
2.000000000000000000e+01 3.000000000000000000e+00 4.000000000000000000e+00 0.000000000000000000e+00 1.039079909991903543e+09 1.039079909991903543e+09 1.227622586541295052e+09 1.227622586541295052e+09 5.578562760353088379e+02 0.000000000000000000e+00 0.000000000000000000e+00
2.000000000000000000e+01 2.750000000000000000e+00 4.000000000000000000e+00 0.000000000000000000e+00 1.039079909991903543e+09 1.039079909991903543e+09 1.227622586541295052e+09 1.227622586541295052e+09 2.924961090087890625e+00 0.000000000000000000e+00 0.000000000000000000e+00
2.000000000000000000e+01 2.500000000000000000e+00 4.000000000000000000e+00 0.000000000000000000e+00 1.039079909991903543e+09 1.039079909991903543e+09 1.227622586541295052e+09 1.227622586541295052e+09 2.942810058593750000e+00 0.000000000000000000e+00 0.000000000000000000e+00
2.000000000000000000e+01 2.250000000000000000e+00 4.000000000000000000e+00 0.000000000000000000e+00 1.039079909991903543e+09 1.039079909991903543e+09 1.227622586541295052e+09 1.227622586541295052e+09 2.940668821334838867e+00 0.000000000000000000e+00 0.000000000000000000e+00
2.000000000000000000e+01 2.000000000000000000e+00 4.000000000000000000e+00 0.000000000000000000e+00 1.039079909991903543e+09 1.039079909991903543e+09 1.227622586541295052e+09 1.227622586541295052e+09 2.966970920562744141e+00 0.000000000000000000e+00 0.000000000000000000e+00
2.000000000000000000e+01 1.750000000000000000e+00 4.000000000000000000e+00 0.000000000000000000e+00 1.039079909991903543e+09 1.039079909991903543e+09 1.227622586541295052e+09 1.227622586541295052e+09 2.949852943420410156e+00 0.000000000000000000e+00 0.000000000000000000e+00
2.000000000000000000e+01 1.500000000000000000e+00 4.000000000000000000e+00 0.000000000000000000e+00 1.039079909991903543e+09 1.039079909991903543e+09 1.227622586541295052e+09 1.227622586541295052e+09 2.940724849700927734e+00 0.000000000000000000e+00 0.000000000000000000e+00
2.000000000000000000e+01 1.250000000000000000e+00 4.000000000000000000e+00 0.000000000000000000e+00 1.039079909991903543e+09 1.039079909991903543e+09 1.227622586541295052e+09 1.227622586541295052e+09 2.801185131072998047e+00 0.000000000000000000e+00 0.000000000000000000e+00
2.000000000000000000e+01 1.000000000000000000e+00 4.000000000000000000e+00 0.000000000000000000e+00 1.039079909991903543e+09 1.039079909991903543e+09 1.227622586541295052e+09 1.227622586541295052e+09 2.793250799179077148e+00 0.000000000000000000e+00 0.000000000000000000e+00
2.000000000000000000e+01 1.000000000000000000e+00 4.000000000000000000e+00 5.000000000000000000e+00 1.039079909991903543e+09 1.039079909991903543e+09 1.227622586541295052e+09 1.227622586541295052e+09 2.754703044891357422e+00 0.000000000000000000e+00 0.000000000000000000e+00
