# run number, exp fac, ti calc, ti opt, aep init calc (kW), aep init opt (kW), aep run calc (kW), aep run opt (kW), run time (s), obj func calls, sens func calls
1.680000000000000000e+02 3.000000000000000000e+00 4.000000000000000000e+00 0.000000000000000000e+00 1.075938561055922508e+09 1.075938561055922508e+09 1.249507810165193081e+09 1.249507810165193081e+09 3.846066970825195312e+02 0.000000000000000000e+00 0.000000000000000000e+00
1.680000000000000000e+02 2.750000000000000000e+00 4.000000000000000000e+00 0.000000000000000000e+00 1.075938561055922508e+09 1.075938561055922508e+09 1.249507810165193081e+09 1.249507810165193081e+09 1.592159032821655273e+00 0.000000000000000000e+00 0.000000000000000000e+00
1.680000000000000000e+02 2.500000000000000000e+00 4.000000000000000000e+00 0.000000000000000000e+00 1.075938561055922508e+09 1.075938561055922508e+09 1.249507810165193081e+09 1.249507810165193081e+09 1.508356094360351562e+00 0.000000000000000000e+00 0.000000000000000000e+00
1.680000000000000000e+02 2.250000000000000000e+00 4.000000000000000000e+00 0.000000000000000000e+00 1.075938561055922508e+09 1.075938561055922508e+09 1.249507810165193081e+09 1.249507810165193081e+09 1.527756929397583008e+00 0.000000000000000000e+00 0.000000000000000000e+00
1.680000000000000000e+02 2.000000000000000000e+00 4.000000000000000000e+00 0.000000000000000000e+00 1.075938561055922508e+09 1.075938561055922508e+09 1.249507810165193081e+09 1.249507810165193081e+09 1.519725084304809570e+00 0.000000000000000000e+00 0.000000000000000000e+00
1.680000000000000000e+02 1.750000000000000000e+00 4.000000000000000000e+00 0.000000000000000000e+00 1.075938561055922508e+09 1.075938561055922508e+09 1.249507810165193081e+09 1.249507810165193081e+09 1.520560026168823242e+00 0.000000000000000000e+00 0.000000000000000000e+00
1.680000000000000000e+02 1.500000000000000000e+00 4.000000000000000000e+00 0.000000000000000000e+00 1.075938561055922508e+09 1.075938561055922508e+09 1.249507810165193081e+09 1.249507810165193081e+09 1.550059080123901367e+00 0.000000000000000000e+00 0.000000000000000000e+00
1.680000000000000000e+02 1.250000000000000000e+00 4.000000000000000000e+00 0.000000000000000000e+00 1.075938561055922508e+09 1.075938561055922508e+09 1.249507810165193081e+09 1.249507810165193081e+09 1.531142950057983398e+00 0.000000000000000000e+00 0.000000000000000000e+00
1.680000000000000000e+02 1.000000000000000000e+00 4.000000000000000000e+00 0.000000000000000000e+00 1.075938561055922508e+09 1.075938561055922508e+09 1.249507810165193081e+09 1.249507810165193081e+09 1.513972043991088867e+00 0.000000000000000000e+00 0.000000000000000000e+00
1.680000000000000000e+02 1.000000000000000000e+00 4.000000000000000000e+00 5.000000000000000000e+00 1.075938561055922508e+09 1.075938561055922508e+09 1.249507810165193081e+09 1.249507810165193081e+09 1.658030033111572266e+00 0.000000000000000000e+00 0.000000000000000000e+00
