# run number, exp fac, ti calc, ti opt, aep init calc (kW), aep init opt (kW), aep run calc (kW), aep run opt (kW), run time (s), obj func calls, sens func calls
5.300000000000000000e+01 3.000000000000000000e+00 4.000000000000000000e+00 0.000000000000000000e+00 1.033915576897640705e+09 1.033915576897640705e+09 1.223853622318719149e+09 1.223853622318719149e+09 8.438807928562164307e+02 0.000000000000000000e+00 0.000000000000000000e+00
5.300000000000000000e+01 2.750000000000000000e+00 4.000000000000000000e+00 0.000000000000000000e+00 1.033915576897640705e+09 1.033915576897640705e+09 1.223853622318719149e+09 1.223853622318719149e+09 2.904788017272949219e+00 0.000000000000000000e+00 0.000000000000000000e+00
5.300000000000000000e+01 2.500000000000000000e+00 4.000000000000000000e+00 0.000000000000000000e+00 1.033915576897640705e+09 1.033915576897640705e+09 1.223853622318719149e+09 1.223853622318719149e+09 2.906968832015991211e+00 0.000000000000000000e+00 0.000000000000000000e+00
5.300000000000000000e+01 2.250000000000000000e+00 4.000000000000000000e+00 0.000000000000000000e+00 1.033915576897640705e+09 1.033915576897640705e+09 1.223853622318719149e+09 1.223853622318719149e+09 2.949950933456420898e+00 0.000000000000000000e+00 0.000000000000000000e+00
5.300000000000000000e+01 2.000000000000000000e+00 4.000000000000000000e+00 0.000000000000000000e+00 1.033915576897640705e+09 1.033915576897640705e+09 1.223853622318719149e+09 1.223853622318719149e+09 2.985403060913085938e+00 0.000000000000000000e+00 0.000000000000000000e+00
5.300000000000000000e+01 1.750000000000000000e+00 4.000000000000000000e+00 0.000000000000000000e+00 1.033915576897640705e+09 1.033915576897640705e+09 1.223853622318719149e+09 1.223853622318719149e+09 2.896596193313598633e+00 0.000000000000000000e+00 0.000000000000000000e+00
5.300000000000000000e+01 1.500000000000000000e+00 4.000000000000000000e+00 0.000000000000000000e+00 1.033915576897640705e+09 1.033915576897640705e+09 1.223853622318719149e+09 1.223853622318719149e+09 2.879729032516479492e+00 0.000000000000000000e+00 0.000000000000000000e+00
5.300000000000000000e+01 1.250000000000000000e+00 4.000000000000000000e+00 0.000000000000000000e+00 1.033915576897640705e+09 1.033915576897640705e+09 1.223853622318719149e+09 1.223853622318719149e+09 2.878606081008911133e+00 0.000000000000000000e+00 0.000000000000000000e+00
5.300000000000000000e+01 1.000000000000000000e+00 4.000000000000000000e+00 0.000000000000000000e+00 1.033915576897640705e+09 1.033915576897640705e+09 1.223853622318719149e+09 1.223853622318719149e+09 2.925131082534790039e+00 0.000000000000000000e+00 0.000000000000000000e+00
5.300000000000000000e+01 1.000000000000000000e+00 4.000000000000000000e+00 5.000000000000000000e+00 1.033915576897640705e+09 1.033915576897640705e+09 1.223853622318719149e+09 1.223853622318719149e+09 2.984081029891967773e+00 0.000000000000000000e+00 0.000000000000000000e+00
