# run number, exp fac, ti calc, ti opt, aep init calc (kW), aep init opt (kW), aep run calc (kW), aep run opt (kW), run time (s), obj func calls, sens func calls
6.900000000000000000e+01 3.000000000000000000e+00 4.000000000000000000e+00 0.000000000000000000e+00 1.025972858835672975e+09 1.025972858835672975e+09 1.239816600783271074e+09 1.239816600783271074e+09 4.100645570755004883e+02 0.000000000000000000e+00 0.000000000000000000e+00
6.900000000000000000e+01 2.750000000000000000e+00 4.000000000000000000e+00 0.000000000000000000e+00 1.025972858835672975e+09 1.025972858835672975e+09 1.239816600783271074e+09 1.239816600783271074e+09 3.010607004165649414e+00 0.000000000000000000e+00 0.000000000000000000e+00
6.900000000000000000e+01 2.500000000000000000e+00 4.000000000000000000e+00 0.000000000000000000e+00 1.025972858835672975e+09 1.025972858835672975e+09 1.239816600783271074e+09 1.239816600783271074e+09 3.025299072265625000e+00 0.000000000000000000e+00 0.000000000000000000e+00
6.900000000000000000e+01 2.250000000000000000e+00 4.000000000000000000e+00 0.000000000000000000e+00 1.025972858835672975e+09 1.025972858835672975e+09 1.239816600783271074e+09 1.239816600783271074e+09 3.020783901214599609e+00 0.000000000000000000e+00 0.000000000000000000e+00
6.900000000000000000e+01 2.000000000000000000e+00 4.000000000000000000e+00 0.000000000000000000e+00 1.025972858835672975e+09 1.025972858835672975e+09 1.239816600783271074e+09 1.239816600783271074e+09 3.018750905990600586e+00 0.000000000000000000e+00 0.000000000000000000e+00
6.900000000000000000e+01 1.750000000000000000e+00 4.000000000000000000e+00 0.000000000000000000e+00 1.025972858835672975e+09 1.025972858835672975e+09 1.239816600783271074e+09 1.239816600783271074e+09 3.057732105255126953e+00 0.000000000000000000e+00 0.000000000000000000e+00
6.900000000000000000e+01 1.500000000000000000e+00 4.000000000000000000e+00 0.000000000000000000e+00 1.025972858835672975e+09 1.025972858835672975e+09 1.239816600783271074e+09 1.239816600783271074e+09 3.034313917160034180e+00 0.000000000000000000e+00 0.000000000000000000e+00
6.900000000000000000e+01 1.250000000000000000e+00 4.000000000000000000e+00 0.000000000000000000e+00 1.025972858835672975e+09 1.025972858835672975e+09 1.239816600783271074e+09 1.239816600783271074e+09 2.973608016967773438e+00 0.000000000000000000e+00 0.000000000000000000e+00
6.900000000000000000e+01 1.000000000000000000e+00 4.000000000000000000e+00 0.000000000000000000e+00 1.025972858835672975e+09 1.025972858835672975e+09 1.239816600783271074e+09 1.239816600783271074e+09 3.025371074676513672e+00 0.000000000000000000e+00 0.000000000000000000e+00
6.900000000000000000e+01 1.000000000000000000e+00 4.000000000000000000e+00 5.000000000000000000e+00 1.025972858835672975e+09 1.025972858835672975e+09 1.239816600783271074e+09 1.239816600783271074e+09 2.995784044265747070e+00 0.000000000000000000e+00 0.000000000000000000e+00
