# run number, exp fac, ti calc, ti opt, aep init calc (kW), aep init opt (kW), aep run calc (kW), aep run opt (kW), run time (s), obj func calls, sens func calls
6.600000000000000000e+01 3.000000000000000000e+00 4.000000000000000000e+00 0.000000000000000000e+00 1.079629145790433168e+09 1.079629145790433168e+09 1.243391702654387712e+09 1.243391702654387712e+09 4.764120938777923584e+02 0.000000000000000000e+00 0.000000000000000000e+00
6.600000000000000000e+01 2.750000000000000000e+00 4.000000000000000000e+00 0.000000000000000000e+00 1.079629145790433168e+09 1.079629145790433168e+09 1.243391702654387712e+09 1.243391702654387712e+09 3.061455011367797852e+00 0.000000000000000000e+00 0.000000000000000000e+00
6.600000000000000000e+01 2.500000000000000000e+00 4.000000000000000000e+00 0.000000000000000000e+00 1.079629145790433168e+09 1.079629145790433168e+09 1.243391702654387712e+09 1.243391702654387712e+09 2.685486078262329102e+00 0.000000000000000000e+00 0.000000000000000000e+00
6.600000000000000000e+01 2.250000000000000000e+00 4.000000000000000000e+00 0.000000000000000000e+00 1.079629145790433168e+09 1.079629145790433168e+09 1.243391702654387712e+09 1.243391702654387712e+09 2.686738014221191406e+00 0.000000000000000000e+00 0.000000000000000000e+00
6.600000000000000000e+01 2.000000000000000000e+00 4.000000000000000000e+00 0.000000000000000000e+00 1.079629145790433168e+09 1.079629145790433168e+09 1.243391702654387712e+09 1.243391702654387712e+09 2.676635980606079102e+00 0.000000000000000000e+00 0.000000000000000000e+00
6.600000000000000000e+01 1.750000000000000000e+00 4.000000000000000000e+00 0.000000000000000000e+00 1.079629145790433168e+09 1.079629145790433168e+09 1.243391702654387712e+09 1.243391702654387712e+09 2.654433965682983398e+00 0.000000000000000000e+00 0.000000000000000000e+00
6.600000000000000000e+01 1.500000000000000000e+00 4.000000000000000000e+00 0.000000000000000000e+00 1.079629145790433168e+09 1.079629145790433168e+09 1.243391702654387712e+09 1.243391702654387712e+09 2.698541879653930664e+00 0.000000000000000000e+00 0.000000000000000000e+00
6.600000000000000000e+01 1.250000000000000000e+00 4.000000000000000000e+00 0.000000000000000000e+00 1.079629145790433168e+09 1.079629145790433168e+09 1.243391702654387712e+09 1.243391702654387712e+09 2.806838989257812500e+00 0.000000000000000000e+00 0.000000000000000000e+00
6.600000000000000000e+01 1.000000000000000000e+00 4.000000000000000000e+00 0.000000000000000000e+00 1.079629145790433168e+09 1.079629145790433168e+09 1.243391702654387712e+09 1.243391702654387712e+09 2.924257993698120117e+00 0.000000000000000000e+00 0.000000000000000000e+00
6.600000000000000000e+01 1.000000000000000000e+00 4.000000000000000000e+00 5.000000000000000000e+00 1.079629145790433168e+09 1.079629145790433168e+09 1.243391702654387712e+09 1.243391702654387712e+09 2.670894145965576172e+00 0.000000000000000000e+00 0.000000000000000000e+00
