# run number, exp fac, ti calc, ti opt, aep init calc (kW), aep init opt (kW), aep run calc (kW), aep run opt (kW), run time (s), obj func calls, sens func calls
1.900000000000000000e+02 3.000000000000000000e+00 4.000000000000000000e+00 0.000000000000000000e+00 1.055529367851964831e+09 1.055529367851964831e+09 1.247663118883775949e+09 1.247663118883775949e+09 3.336090300083160400e+02 0.000000000000000000e+00 0.000000000000000000e+00
1.900000000000000000e+02 2.750000000000000000e+00 4.000000000000000000e+00 0.000000000000000000e+00 1.055529367851964831e+09 1.055529367851964831e+09 1.247663118883775949e+09 1.247663118883775949e+09 1.906557083129882812e+00 0.000000000000000000e+00 0.000000000000000000e+00
1.900000000000000000e+02 2.500000000000000000e+00 4.000000000000000000e+00 0.000000000000000000e+00 1.055529367851964831e+09 1.055529367851964831e+09 1.247663118883775949e+09 1.247663118883775949e+09 3.932399988174438477e+00 0.000000000000000000e+00 0.000000000000000000e+00
1.900000000000000000e+02 2.250000000000000000e+00 4.000000000000000000e+00 0.000000000000000000e+00 1.055529367851964831e+09 1.055529367851964831e+09 1.247663118883775949e+09 1.247663118883775949e+09 2.387192964553833008e+00 0.000000000000000000e+00 0.000000000000000000e+00
1.900000000000000000e+02 2.000000000000000000e+00 4.000000000000000000e+00 0.000000000000000000e+00 1.055529367851964831e+09 1.055529367851964831e+09 1.247663118883775949e+09 1.247663118883775949e+09 1.861593008041381836e+00 0.000000000000000000e+00 0.000000000000000000e+00
1.900000000000000000e+02 1.750000000000000000e+00 4.000000000000000000e+00 0.000000000000000000e+00 1.055529367851964831e+09 1.055529367851964831e+09 1.247663118883775949e+09 1.247663118883775949e+09 1.843848943710327148e+00 0.000000000000000000e+00 0.000000000000000000e+00
1.900000000000000000e+02 1.500000000000000000e+00 4.000000000000000000e+00 0.000000000000000000e+00 1.055529367851964831e+09 1.055529367851964831e+09 1.247663118883775949e+09 1.247663118883775949e+09 1.737396955490112305e+00 0.000000000000000000e+00 0.000000000000000000e+00
1.900000000000000000e+02 1.250000000000000000e+00 4.000000000000000000e+00 0.000000000000000000e+00 1.055529367851964831e+09 1.055529367851964831e+09 1.247663118883775949e+09 1.247663118883775949e+09 1.696853160858154297e+00 0.000000000000000000e+00 0.000000000000000000e+00
1.900000000000000000e+02 1.000000000000000000e+00 4.000000000000000000e+00 0.000000000000000000e+00 1.055529367851964831e+09 1.055529367851964831e+09 1.247663118883775949e+09 1.247663118883775949e+09 1.664489984512329102e+00 0.000000000000000000e+00 0.000000000000000000e+00
1.900000000000000000e+02 1.000000000000000000e+00 4.000000000000000000e+00 5.000000000000000000e+00 1.055529367851964831e+09 1.055529367851964831e+09 1.247663118883775949e+09 1.247663118883775949e+09 1.687400817871093750e+00 0.000000000000000000e+00 0.000000000000000000e+00
