# run number, exp fac, ti calc, ti opt, aep init calc (kW), aep init opt (kW), aep run calc (kW), aep run opt (kW), run time (s), obj func calls, sens func calls
9.200000000000000000e+01 3.000000000000000000e+00 4.000000000000000000e+00 0.000000000000000000e+00 1.051050700516146302e+09 1.051050700516146302e+09 1.236096162589681625e+09 1.236096162589681625e+09 6.065513939857482910e+02 0.000000000000000000e+00 0.000000000000000000e+00
9.200000000000000000e+01 2.750000000000000000e+00 4.000000000000000000e+00 0.000000000000000000e+00 1.051050700516146302e+09 1.051050700516146302e+09 1.236096162589681625e+09 1.236096162589681625e+09 2.469877958297729492e+00 0.000000000000000000e+00 0.000000000000000000e+00
9.200000000000000000e+01 2.500000000000000000e+00 4.000000000000000000e+00 0.000000000000000000e+00 1.051050700516146302e+09 1.051050700516146302e+09 1.236096162589681625e+09 1.236096162589681625e+09 2.529948949813842773e+00 0.000000000000000000e+00 0.000000000000000000e+00
9.200000000000000000e+01 2.250000000000000000e+00 4.000000000000000000e+00 0.000000000000000000e+00 1.051050700516146302e+09 1.051050700516146302e+09 1.236096162589681625e+09 1.236096162589681625e+09 2.447966098785400391e+00 0.000000000000000000e+00 0.000000000000000000e+00
9.200000000000000000e+01 2.000000000000000000e+00 4.000000000000000000e+00 0.000000000000000000e+00 1.051050700516146302e+09 1.051050700516146302e+09 1.236096162589681625e+09 1.236096162589681625e+09 2.501446962356567383e+00 0.000000000000000000e+00 0.000000000000000000e+00
9.200000000000000000e+01 1.750000000000000000e+00 4.000000000000000000e+00 0.000000000000000000e+00 1.051050700516146302e+09 1.051050700516146302e+09 1.236096162589681625e+09 1.236096162589681625e+09 2.470494985580444336e+00 0.000000000000000000e+00 0.000000000000000000e+00
9.200000000000000000e+01 1.500000000000000000e+00 4.000000000000000000e+00 0.000000000000000000e+00 1.051050700516146302e+09 1.051050700516146302e+09 1.236096162589681625e+09 1.236096162589681625e+09 2.471837997436523438e+00 0.000000000000000000e+00 0.000000000000000000e+00
9.200000000000000000e+01 1.250000000000000000e+00 4.000000000000000000e+00 0.000000000000000000e+00 1.051050700516146302e+09 1.051050700516146302e+09 1.236096162589681625e+09 1.236096162589681625e+09 2.461946964263916016e+00 0.000000000000000000e+00 0.000000000000000000e+00
9.200000000000000000e+01 1.000000000000000000e+00 4.000000000000000000e+00 0.000000000000000000e+00 1.051050700516146302e+09 1.051050700516146302e+09 1.236096162589681625e+09 1.236096162589681625e+09 2.495656967163085938e+00 0.000000000000000000e+00 0.000000000000000000e+00
9.200000000000000000e+01 1.000000000000000000e+00 4.000000000000000000e+00 5.000000000000000000e+00 1.051050700516146302e+09 1.051050700516146302e+09 1.236096162589681625e+09 1.236096162589681625e+09 2.468299865722656250e+00 0.000000000000000000e+00 0.000000000000000000e+00
