# run number, exp fac, ti calc, ti opt, aep init calc (kW), aep init opt (kW), aep run calc (kW), aep run opt (kW), run time (s), obj func calls, sens func calls
1.400000000000000000e+01 3.000000000000000000e+00 4.000000000000000000e+00 0.000000000000000000e+00 1.024519183424947500e+09 1.024519183424947500e+09 1.225431332495300055e+09 1.225431332495300055e+09 2.447313630580902100e+02 0.000000000000000000e+00 0.000000000000000000e+00
1.400000000000000000e+01 2.750000000000000000e+00 4.000000000000000000e+00 0.000000000000000000e+00 1.024519183424947500e+09 1.024519183424947500e+09 1.225431332495300055e+09 1.225431332495300055e+09 1.841305971145629883e+00 0.000000000000000000e+00 0.000000000000000000e+00
1.400000000000000000e+01 2.500000000000000000e+00 4.000000000000000000e+00 0.000000000000000000e+00 1.024519183424947500e+09 1.024519183424947500e+09 1.225431332495300055e+09 1.225431332495300055e+09 1.903449058532714844e+00 0.000000000000000000e+00 0.000000000000000000e+00
1.400000000000000000e+01 2.250000000000000000e+00 4.000000000000000000e+00 0.000000000000000000e+00 1.024519183424947500e+09 1.024519183424947500e+09 1.225431332495300055e+09 1.225431332495300055e+09 1.876703023910522461e+00 0.000000000000000000e+00 0.000000000000000000e+00
1.400000000000000000e+01 2.000000000000000000e+00 4.000000000000000000e+00 0.000000000000000000e+00 1.024519183424947500e+09 1.024519183424947500e+09 1.225431332495300055e+09 1.225431332495300055e+09 1.912264108657836914e+00 0.000000000000000000e+00 0.000000000000000000e+00
1.400000000000000000e+01 1.750000000000000000e+00 4.000000000000000000e+00 0.000000000000000000e+00 1.024519183424947500e+09 1.024519183424947500e+09 1.225431332495300055e+09 1.225431332495300055e+09 1.839312791824340820e+00 0.000000000000000000e+00 0.000000000000000000e+00
1.400000000000000000e+01 1.500000000000000000e+00 4.000000000000000000e+00 0.000000000000000000e+00 1.024519183424947500e+09 1.024519183424947500e+09 1.225431332495300055e+09 1.225431332495300055e+09 1.863901138305664062e+00 0.000000000000000000e+00 0.000000000000000000e+00
1.400000000000000000e+01 1.250000000000000000e+00 4.000000000000000000e+00 0.000000000000000000e+00 1.024519183424947500e+09 1.024519183424947500e+09 1.225431332495300055e+09 1.225431332495300055e+09 1.817841053009033203e+00 0.000000000000000000e+00 0.000000000000000000e+00
1.400000000000000000e+01 1.000000000000000000e+00 4.000000000000000000e+00 0.000000000000000000e+00 1.024519183424947500e+09 1.024519183424947500e+09 1.225431332495300055e+09 1.225431332495300055e+09 1.837608098983764648e+00 0.000000000000000000e+00 0.000000000000000000e+00
1.400000000000000000e+01 1.000000000000000000e+00 4.000000000000000000e+00 5.000000000000000000e+00 1.024519183424947500e+09 1.024519183424947500e+09 1.225431332495300055e+09 1.225431332495300055e+09 1.888866901397705078e+00 0.000000000000000000e+00 0.000000000000000000e+00
