# run number, exp fac, ti calc, ti opt, aep init calc (kW), aep init opt (kW), aep run calc (kW), aep run opt (kW), run time (s), obj func calls, sens func calls
1.190000000000000000e+02 3.000000000000000000e+00 4.000000000000000000e+00 0.000000000000000000e+00 1.029182641514763355e+09 1.029182641514763355e+09 1.223905215290103912e+09 1.223905215290103912e+09 4.442423470020294189e+02 0.000000000000000000e+00 0.000000000000000000e+00
1.190000000000000000e+02 2.750000000000000000e+00 4.000000000000000000e+00 0.000000000000000000e+00 1.029182641514763355e+09 1.029182641514763355e+09 1.223905215290103912e+09 1.223905215290103912e+09 3.011367082595825195e+00 0.000000000000000000e+00 0.000000000000000000e+00
1.190000000000000000e+02 2.500000000000000000e+00 4.000000000000000000e+00 0.000000000000000000e+00 1.029182641514763355e+09 1.029182641514763355e+09 1.223905215290103912e+09 1.223905215290103912e+09 1.377655880451202393e+02 0.000000000000000000e+00 0.000000000000000000e+00
1.190000000000000000e+02 2.250000000000000000e+00 4.000000000000000000e+00 0.000000000000000000e+00 1.029182641514763355e+09 1.029182641514763355e+09 1.223905215290103912e+09 1.223905215290103912e+09 1.377686958312988281e+02 0.000000000000000000e+00 0.000000000000000000e+00
1.190000000000000000e+02 2.000000000000000000e+00 4.000000000000000000e+00 0.000000000000000000e+00 1.029182641514763355e+09 1.029182641514763355e+09 1.223905215290103912e+09 1.223905215290103912e+09 7.111853599548339844e+01 0.000000000000000000e+00 0.000000000000000000e+00
1.190000000000000000e+02 1.750000000000000000e+00 4.000000000000000000e+00 0.000000000000000000e+00 1.029182641514763355e+09 1.029182641514763355e+09 1.223905215290103912e+09 1.223905215290103912e+09 2.483437991142272949e+01 0.000000000000000000e+00 0.000000000000000000e+00
1.190000000000000000e+02 1.500000000000000000e+00 4.000000000000000000e+00 0.000000000000000000e+00 1.029182641514763355e+09 1.029182641514763355e+09 1.223905215290103912e+09 1.223905215290103912e+09 2.208710193634033203e+00 0.000000000000000000e+00 0.000000000000000000e+00
1.190000000000000000e+02 1.250000000000000000e+00 4.000000000000000000e+00 0.000000000000000000e+00 1.029182641514763355e+09 1.029182641514763355e+09 1.223905215290103912e+09 1.223905215290103912e+09 2.244623899459838867e+00 0.000000000000000000e+00 0.000000000000000000e+00
1.190000000000000000e+02 1.000000000000000000e+00 4.000000000000000000e+00 0.000000000000000000e+00 1.029182641514763355e+09 1.029182641514763355e+09 1.223905215290103912e+09 1.223905215290103912e+09 2.202951192855834961e+00 0.000000000000000000e+00 0.000000000000000000e+00
1.190000000000000000e+02 1.000000000000000000e+00 4.000000000000000000e+00 5.000000000000000000e+00 1.029182641514763355e+09 1.029182641514763355e+09 1.223905215290103912e+09 1.223905215290103912e+09 2.145380020141601562e+00 0.000000000000000000e+00 0.000000000000000000e+00
