# run number, exp fac, ti calc, ti opt, aep init calc (kW), aep init opt (kW), aep run calc (kW), aep run opt (kW), run time (s), obj func calls, sens func calls
1.690000000000000000e+02 3.000000000000000000e+00 4.000000000000000000e+00 0.000000000000000000e+00 1.048695348507143974e+09 1.048695348507143974e+09 1.235719281689575911e+09 1.235719281689575911e+09 3.214617021083831787e+02 0.000000000000000000e+00 0.000000000000000000e+00
1.690000000000000000e+02 2.750000000000000000e+00 4.000000000000000000e+00 0.000000000000000000e+00 1.048695348507143974e+09 1.048695348507143974e+09 1.235719281689575911e+09 1.235719281689575911e+09 1.561400175094604492e+00 0.000000000000000000e+00 0.000000000000000000e+00
1.690000000000000000e+02 2.500000000000000000e+00 4.000000000000000000e+00 0.000000000000000000e+00 1.048695348507143974e+09 1.048695348507143974e+09 1.235719281689575911e+09 1.235719281689575911e+09 1.480119943618774414e+00 0.000000000000000000e+00 0.000000000000000000e+00
1.690000000000000000e+02 2.250000000000000000e+00 4.000000000000000000e+00 0.000000000000000000e+00 1.048695348507143974e+09 1.048695348507143974e+09 1.235719281689575911e+09 1.235719281689575911e+09 1.481948852539062500e+00 0.000000000000000000e+00 0.000000000000000000e+00
1.690000000000000000e+02 2.000000000000000000e+00 4.000000000000000000e+00 0.000000000000000000e+00 1.048695348507143974e+09 1.048695348507143974e+09 1.235719281689575911e+09 1.235719281689575911e+09 1.507488965988159180e+00 0.000000000000000000e+00 0.000000000000000000e+00
1.690000000000000000e+02 1.750000000000000000e+00 4.000000000000000000e+00 0.000000000000000000e+00 1.048695348507143974e+09 1.048695348507143974e+09 1.235719281689575911e+09 1.235719281689575911e+09 1.489298105239868164e+00 0.000000000000000000e+00 0.000000000000000000e+00
1.690000000000000000e+02 1.500000000000000000e+00 4.000000000000000000e+00 0.000000000000000000e+00 1.048695348507143974e+09 1.048695348507143974e+09 1.235719281689575911e+09 1.235719281689575911e+09 1.496074914932250977e+00 0.000000000000000000e+00 0.000000000000000000e+00
1.690000000000000000e+02 1.250000000000000000e+00 4.000000000000000000e+00 0.000000000000000000e+00 1.048695348507143974e+09 1.048695348507143974e+09 1.235719281689575911e+09 1.235719281689575911e+09 1.498360157012939453e+00 0.000000000000000000e+00 0.000000000000000000e+00
1.690000000000000000e+02 1.000000000000000000e+00 4.000000000000000000e+00 0.000000000000000000e+00 1.048695348507143974e+09 1.048695348507143974e+09 1.235719281689575911e+09 1.235719281689575911e+09 1.523046970367431641e+00 0.000000000000000000e+00 0.000000000000000000e+00
1.690000000000000000e+02 1.000000000000000000e+00 4.000000000000000000e+00 5.000000000000000000e+00 1.048695348507143974e+09 1.048695348507143974e+09 1.235719281689575911e+09 1.235719281689575911e+09 1.573679208755493164e+00 0.000000000000000000e+00 0.000000000000000000e+00
