# run number, exp fac, ti calc, ti opt, aep init calc (kW), aep init opt (kW), aep run calc (kW), aep run opt (kW), run time (s), obj func calls, sens func calls
1.100000000000000000e+01 3.000000000000000000e+00 4.000000000000000000e+00 0.000000000000000000e+00 1.016117127925176978e+09 1.016117127925176978e+09 1.232003174669555426e+09 1.232003174669555426e+09 7.690493309497833252e+02 0.000000000000000000e+00 0.000000000000000000e+00
1.100000000000000000e+01 2.750000000000000000e+00 4.000000000000000000e+00 0.000000000000000000e+00 1.016117127925176978e+09 1.016117127925176978e+09 1.232003174669555426e+09 1.232003174669555426e+09 2.843039989471435547e+00 0.000000000000000000e+00 0.000000000000000000e+00
1.100000000000000000e+01 2.500000000000000000e+00 4.000000000000000000e+00 0.000000000000000000e+00 1.016117127925176978e+09 1.016117127925176978e+09 1.232003174669555426e+09 1.232003174669555426e+09 2.586723089218139648e+00 0.000000000000000000e+00 0.000000000000000000e+00
1.100000000000000000e+01 2.250000000000000000e+00 4.000000000000000000e+00 0.000000000000000000e+00 1.016117127925176978e+09 1.016117127925176978e+09 1.232003174669555426e+09 1.232003174669555426e+09 2.681810140609741211e+00 0.000000000000000000e+00 0.000000000000000000e+00
1.100000000000000000e+01 2.000000000000000000e+00 4.000000000000000000e+00 0.000000000000000000e+00 1.016117127925176978e+09 1.016117127925176978e+09 1.232003174669555426e+09 1.232003174669555426e+09 2.867091894149780273e+00 0.000000000000000000e+00 0.000000000000000000e+00
1.100000000000000000e+01 1.750000000000000000e+00 4.000000000000000000e+00 0.000000000000000000e+00 1.016117127925176978e+09 1.016117127925176978e+09 1.232003174669555426e+09 1.232003174669555426e+09 2.900825977325439453e+00 0.000000000000000000e+00 0.000000000000000000e+00
1.100000000000000000e+01 1.500000000000000000e+00 4.000000000000000000e+00 0.000000000000000000e+00 1.016117127925176978e+09 1.016117127925176978e+09 1.232003174669555426e+09 1.232003174669555426e+09 2.915477037429809570e+00 0.000000000000000000e+00 0.000000000000000000e+00
1.100000000000000000e+01 1.250000000000000000e+00 4.000000000000000000e+00 0.000000000000000000e+00 1.016117127925176978e+09 1.016117127925176978e+09 1.232003174669555426e+09 1.232003174669555426e+09 2.849211931228637695e+00 0.000000000000000000e+00 0.000000000000000000e+00
1.100000000000000000e+01 1.000000000000000000e+00 4.000000000000000000e+00 0.000000000000000000e+00 1.016117127925176978e+09 1.016117127925176978e+09 1.232003174669555426e+09 1.232003174669555426e+09 2.611047029495239258e+00 0.000000000000000000e+00 0.000000000000000000e+00
1.100000000000000000e+01 1.000000000000000000e+00 4.000000000000000000e+00 5.000000000000000000e+00 1.016117127925176978e+09 1.016117127925176978e+09 1.232003174669555426e+09 1.232003174669555426e+09 2.718122005462646484e+00 0.000000000000000000e+00 0.000000000000000000e+00
