# run number, exp fac, ti calc, ti opt, aep init calc (kW), aep init opt (kW), aep run calc (kW), aep run opt (kW), run time (s), obj func calls, sens func calls
2.700000000000000000e+01 3.000000000000000000e+00 4.000000000000000000e+00 0.000000000000000000e+00 1.036798476388862967e+09 1.036798476388862967e+09 1.235480695063853502e+09 1.235480695063853502e+09 2.733992989063262939e+02 0.000000000000000000e+00 0.000000000000000000e+00
2.700000000000000000e+01 2.750000000000000000e+00 4.000000000000000000e+00 0.000000000000000000e+00 1.036798476388862967e+09 1.036798476388862967e+09 1.235480695063853502e+09 1.235480695063853502e+09 2.147418022155761719e+00 0.000000000000000000e+00 0.000000000000000000e+00
2.700000000000000000e+01 2.500000000000000000e+00 4.000000000000000000e+00 0.000000000000000000e+00 1.036798476388862967e+09 1.036798476388862967e+09 1.235480695063853502e+09 1.235480695063853502e+09 2.219455003738403320e+00 0.000000000000000000e+00 0.000000000000000000e+00
2.700000000000000000e+01 2.250000000000000000e+00 4.000000000000000000e+00 0.000000000000000000e+00 1.036798476388862967e+09 1.036798476388862967e+09 1.235480695063853502e+09 1.235480695063853502e+09 2.200055122375488281e+00 0.000000000000000000e+00 0.000000000000000000e+00
2.700000000000000000e+01 2.000000000000000000e+00 4.000000000000000000e+00 0.000000000000000000e+00 1.036798476388862967e+09 1.036798476388862967e+09 1.235480695063853502e+09 1.235480695063853502e+09 2.239739179611206055e+00 0.000000000000000000e+00 0.000000000000000000e+00
2.700000000000000000e+01 1.750000000000000000e+00 4.000000000000000000e+00 0.000000000000000000e+00 1.036798476388862967e+09 1.036798476388862967e+09 1.235480695063853502e+09 1.235480695063853502e+09 2.229273080825805664e+00 0.000000000000000000e+00 0.000000000000000000e+00
2.700000000000000000e+01 1.500000000000000000e+00 4.000000000000000000e+00 0.000000000000000000e+00 1.036798476388862967e+09 1.036798476388862967e+09 1.235480695063853502e+09 1.235480695063853502e+09 2.206026077270507812e+00 0.000000000000000000e+00 0.000000000000000000e+00
2.700000000000000000e+01 1.250000000000000000e+00 4.000000000000000000e+00 0.000000000000000000e+00 1.036798476388862967e+09 1.036798476388862967e+09 1.235480695063853502e+09 1.235480695063853502e+09 2.158865213394165039e+00 0.000000000000000000e+00 0.000000000000000000e+00
2.700000000000000000e+01 1.000000000000000000e+00 4.000000000000000000e+00 0.000000000000000000e+00 1.036798476388862967e+09 1.036798476388862967e+09 1.235480695063853502e+09 1.235480695063853502e+09 2.149010896682739258e+00 0.000000000000000000e+00 0.000000000000000000e+00
2.700000000000000000e+01 1.000000000000000000e+00 4.000000000000000000e+00 5.000000000000000000e+00 1.036798476388862967e+09 1.036798476388862967e+09 1.235480695063853502e+09 1.235480695063853502e+09 2.171308040618896484e+00 0.000000000000000000e+00 0.000000000000000000e+00
