# run number, exp fac, ti calc, ti opt, aep init calc (kW), aep init opt (kW), aep run calc (kW), aep run opt (kW), run time (s), obj func calls, sens func calls
1.980000000000000000e+02 3.000000000000000000e+00 4.000000000000000000e+00 0.000000000000000000e+00 1.051328362312425017e+09 1.051328362312425017e+09 1.227669591090174198e+09 1.227669591090174198e+09 2.674575169086456299e+02 0.000000000000000000e+00 0.000000000000000000e+00
1.980000000000000000e+02 2.750000000000000000e+00 4.000000000000000000e+00 0.000000000000000000e+00 1.051328362312425017e+09 1.051328362312425017e+09 1.227669591090174198e+09 1.227669591090174198e+09 2.073152065277099609e+00 0.000000000000000000e+00 0.000000000000000000e+00
1.980000000000000000e+02 2.500000000000000000e+00 4.000000000000000000e+00 0.000000000000000000e+00 1.051328362312425017e+09 1.051328362312425017e+09 1.227669591090174198e+09 1.227669591090174198e+09 2.115603923797607422e+00 0.000000000000000000e+00 0.000000000000000000e+00
1.980000000000000000e+02 2.250000000000000000e+00 4.000000000000000000e+00 0.000000000000000000e+00 1.051328362312425017e+09 1.051328362312425017e+09 1.227669591090174198e+09 1.227669591090174198e+09 2.135766029357910156e+00 0.000000000000000000e+00 0.000000000000000000e+00
1.980000000000000000e+02 2.000000000000000000e+00 4.000000000000000000e+00 0.000000000000000000e+00 1.051328362312425017e+09 1.051328362312425017e+09 1.227669591090174198e+09 1.227669591090174198e+09 2.160653114318847656e+00 0.000000000000000000e+00 0.000000000000000000e+00
1.980000000000000000e+02 1.750000000000000000e+00 4.000000000000000000e+00 0.000000000000000000e+00 1.051328362312425017e+09 1.051328362312425017e+09 1.227669591090174198e+09 1.227669591090174198e+09 2.079874992370605469e+00 0.000000000000000000e+00 0.000000000000000000e+00
1.980000000000000000e+02 1.500000000000000000e+00 4.000000000000000000e+00 0.000000000000000000e+00 1.051328362312425017e+09 1.051328362312425017e+09 1.227669591090174198e+09 1.227669591090174198e+09 2.114717006683349609e+00 0.000000000000000000e+00 0.000000000000000000e+00
1.980000000000000000e+02 1.250000000000000000e+00 4.000000000000000000e+00 0.000000000000000000e+00 1.051328362312425017e+09 1.051328362312425017e+09 1.227669591090174198e+09 1.227669591090174198e+09 2.105570077896118164e+00 0.000000000000000000e+00 0.000000000000000000e+00
1.980000000000000000e+02 1.000000000000000000e+00 4.000000000000000000e+00 0.000000000000000000e+00 1.051328362312425017e+09 1.051328362312425017e+09 1.227669591090174198e+09 1.227669591090174198e+09 2.082065105438232422e+00 0.000000000000000000e+00 0.000000000000000000e+00
1.980000000000000000e+02 1.000000000000000000e+00 4.000000000000000000e+00 5.000000000000000000e+00 1.051328362312425017e+09 1.051328362312425017e+09 1.227669591090174198e+09 1.227669591090174198e+09 2.064332008361816406e+00 0.000000000000000000e+00 0.000000000000000000e+00
