# run number, exp fac, ti calc, ti opt, aep init calc (kW), aep init opt (kW), aep run calc (kW), aep run opt (kW), run time (s), obj func calls, sens func calls
1.120000000000000000e+02 3.000000000000000000e+00 4.000000000000000000e+00 0.000000000000000000e+00 1.037470678265814900e+09 1.037470678265814900e+09 1.244465492533407927e+09 1.244465492533407927e+09 5.279551811218261719e+02 0.000000000000000000e+00 0.000000000000000000e+00
1.120000000000000000e+02 2.750000000000000000e+00 4.000000000000000000e+00 0.000000000000000000e+00 1.037470678265814900e+09 1.037470678265814900e+09 1.244465492533407927e+09 1.244465492533407927e+09 2.754963159561157227e+00 0.000000000000000000e+00 0.000000000000000000e+00
1.120000000000000000e+02 2.500000000000000000e+00 4.000000000000000000e+00 0.000000000000000000e+00 1.037470678265814900e+09 1.037470678265814900e+09 1.244465492533407927e+09 1.244465492533407927e+09 2.751455068588256836e+00 0.000000000000000000e+00 0.000000000000000000e+00
1.120000000000000000e+02 2.250000000000000000e+00 4.000000000000000000e+00 0.000000000000000000e+00 1.037470678265814900e+09 1.037470678265814900e+09 1.244465492533407927e+09 1.244465492533407927e+09 2.763377904891967773e+00 0.000000000000000000e+00 0.000000000000000000e+00
1.120000000000000000e+02 2.000000000000000000e+00 4.000000000000000000e+00 0.000000000000000000e+00 1.037470678265814900e+09 1.037470678265814900e+09 1.244465492533407927e+09 1.244465492533407927e+09 2.732547044754028320e+00 0.000000000000000000e+00 0.000000000000000000e+00
1.120000000000000000e+02 1.750000000000000000e+00 4.000000000000000000e+00 0.000000000000000000e+00 1.037470678265814900e+09 1.037470678265814900e+09 1.244465492533407927e+09 1.244465492533407927e+09 2.836003065109252930e+00 0.000000000000000000e+00 0.000000000000000000e+00
1.120000000000000000e+02 1.500000000000000000e+00 4.000000000000000000e+00 0.000000000000000000e+00 1.037470678265814900e+09 1.037470678265814900e+09 1.244465492533407927e+09 1.244465492533407927e+09 2.763195037841796875e+00 0.000000000000000000e+00 0.000000000000000000e+00
1.120000000000000000e+02 1.250000000000000000e+00 4.000000000000000000e+00 0.000000000000000000e+00 1.037470678265814900e+09 1.037470678265814900e+09 1.244465492533407927e+09 1.244465492533407927e+09 2.743193864822387695e+00 0.000000000000000000e+00 0.000000000000000000e+00
1.120000000000000000e+02 1.000000000000000000e+00 4.000000000000000000e+00 0.000000000000000000e+00 1.037470678265814900e+09 1.037470678265814900e+09 1.244465492533407927e+09 1.244465492533407927e+09 2.776966094970703125e+00 0.000000000000000000e+00 0.000000000000000000e+00
1.120000000000000000e+02 1.000000000000000000e+00 4.000000000000000000e+00 5.000000000000000000e+00 1.037470678265814900e+09 1.037470678265814900e+09 1.244465492533407927e+09 1.244465492533407927e+09 2.718945026397705078e+00 0.000000000000000000e+00 0.000000000000000000e+00
