# run number, exp fac, ti calc, ti opt, aep init calc (kW), aep init opt (kW), aep run calc (kW), aep run opt (kW), run time (s), obj func calls, sens func calls
1.010000000000000000e+02 3.000000000000000000e+00 4.000000000000000000e+00 0.000000000000000000e+00 1.051932358275330663e+09 1.051932358275330663e+09 1.235067524818199396e+09 1.235067524818199396e+09 4.969095399379730225e+02 0.000000000000000000e+00 0.000000000000000000e+00
1.010000000000000000e+02 2.750000000000000000e+00 4.000000000000000000e+00 0.000000000000000000e+00 1.051932358275330663e+09 1.051932358275330663e+09 1.235067524818199396e+09 1.235067524818199396e+09 2.597969055175781250e+00 0.000000000000000000e+00 0.000000000000000000e+00
1.010000000000000000e+02 2.500000000000000000e+00 4.000000000000000000e+00 0.000000000000000000e+00 1.051932358275330663e+09 1.051932358275330663e+09 1.235067524818199396e+09 1.235067524818199396e+09 2.590819120407104492e+00 0.000000000000000000e+00 0.000000000000000000e+00
1.010000000000000000e+02 2.250000000000000000e+00 4.000000000000000000e+00 0.000000000000000000e+00 1.051932358275330663e+09 1.051932358275330663e+09 1.235067524818199396e+09 1.235067524818199396e+09 2.601930856704711914e+00 0.000000000000000000e+00 0.000000000000000000e+00
1.010000000000000000e+02 2.000000000000000000e+00 4.000000000000000000e+00 0.000000000000000000e+00 1.051932358275330663e+09 1.051932358275330663e+09 1.235067524818199396e+09 1.235067524818199396e+09 2.609376192092895508e+00 0.000000000000000000e+00 0.000000000000000000e+00
1.010000000000000000e+02 1.750000000000000000e+00 4.000000000000000000e+00 0.000000000000000000e+00 1.051932358275330663e+09 1.051932358275330663e+09 1.235067524818199396e+09 1.235067524818199396e+09 2.600585937500000000e+00 0.000000000000000000e+00 0.000000000000000000e+00
1.010000000000000000e+02 1.500000000000000000e+00 4.000000000000000000e+00 0.000000000000000000e+00 1.051932358275330663e+09 1.051932358275330663e+09 1.235067524818199396e+09 1.235067524818199396e+09 2.580234050750732422e+00 0.000000000000000000e+00 0.000000000000000000e+00
1.010000000000000000e+02 1.250000000000000000e+00 4.000000000000000000e+00 0.000000000000000000e+00 1.051932358275330663e+09 1.051932358275330663e+09 1.235067524818199396e+09 1.235067524818199396e+09 2.584831953048706055e+00 0.000000000000000000e+00 0.000000000000000000e+00
1.010000000000000000e+02 1.000000000000000000e+00 4.000000000000000000e+00 0.000000000000000000e+00 1.051932358275330663e+09 1.051932358275330663e+09 1.235067524818199396e+09 1.235067524818199396e+09 2.606975078582763672e+00 0.000000000000000000e+00 0.000000000000000000e+00
1.010000000000000000e+02 1.000000000000000000e+00 4.000000000000000000e+00 5.000000000000000000e+00 1.051932358275330663e+09 1.051932358275330663e+09 1.235067524818199396e+09 1.235067524818199396e+09 2.628242015838623047e+00 0.000000000000000000e+00 0.000000000000000000e+00
