# run number, exp fac, ti calc, ti opt, aep init calc (kW), aep init opt (kW), aep run calc (kW), aep run opt (kW), run time (s), obj func calls, sens func calls
4.400000000000000000e+01 3.000000000000000000e+00 4.000000000000000000e+00 0.000000000000000000e+00 1.054216398242572546e+09 1.054216398242572546e+09 1.248897542141371250e+09 1.248897542141371250e+09 3.945074489116668701e+02 0.000000000000000000e+00 0.000000000000000000e+00
4.400000000000000000e+01 2.750000000000000000e+00 4.000000000000000000e+00 0.000000000000000000e+00 1.054216398242572546e+09 1.054216398242572546e+09 1.248897542141371250e+09 1.248897542141371250e+09 2.446967124938964844e+00 0.000000000000000000e+00 0.000000000000000000e+00
4.400000000000000000e+01 2.500000000000000000e+00 4.000000000000000000e+00 0.000000000000000000e+00 1.054216398242572546e+09 1.054216398242572546e+09 1.248897542141371250e+09 1.248897542141371250e+09 2.551273822784423828e+00 0.000000000000000000e+00 0.000000000000000000e+00
4.400000000000000000e+01 2.250000000000000000e+00 4.000000000000000000e+00 0.000000000000000000e+00 1.054216398242572546e+09 1.054216398242572546e+09 1.248897542141371250e+09 1.248897542141371250e+09 2.552141904830932617e+00 0.000000000000000000e+00 0.000000000000000000e+00
4.400000000000000000e+01 2.000000000000000000e+00 4.000000000000000000e+00 0.000000000000000000e+00 1.054216398242572546e+09 1.054216398242572546e+09 1.248897542141371250e+09 1.248897542141371250e+09 2.416577100753784180e+00 0.000000000000000000e+00 0.000000000000000000e+00
4.400000000000000000e+01 1.750000000000000000e+00 4.000000000000000000e+00 0.000000000000000000e+00 1.054216398242572546e+09 1.054216398242572546e+09 1.248897542141371250e+09 1.248897542141371250e+09 2.617135047912597656e+00 0.000000000000000000e+00 0.000000000000000000e+00
4.400000000000000000e+01 1.500000000000000000e+00 4.000000000000000000e+00 0.000000000000000000e+00 1.054216398242572546e+09 1.054216398242572546e+09 1.248897542141371250e+09 1.248897542141371250e+09 2.445338010787963867e+00 0.000000000000000000e+00 0.000000000000000000e+00
4.400000000000000000e+01 1.250000000000000000e+00 4.000000000000000000e+00 0.000000000000000000e+00 1.054216398242572546e+09 1.054216398242572546e+09 1.248897542141371250e+09 1.248897542141371250e+09 2.555158853530883789e+00 0.000000000000000000e+00 0.000000000000000000e+00
4.400000000000000000e+01 1.000000000000000000e+00 4.000000000000000000e+00 0.000000000000000000e+00 1.054216398242572546e+09 1.054216398242572546e+09 1.248897542141371250e+09 1.248897542141371250e+09 2.536437988281250000e+00 0.000000000000000000e+00 0.000000000000000000e+00
4.400000000000000000e+01 1.000000000000000000e+00 4.000000000000000000e+00 5.000000000000000000e+00 1.054216398242572546e+09 1.054216398242572546e+09 1.248897542141371250e+09 1.248897542141371250e+09 2.426473140716552734e+00 0.000000000000000000e+00 0.000000000000000000e+00
