# run number, exp fac, ti calc, ti opt, aep init calc (kW), aep init opt (kW), aep run calc (kW), aep run opt (kW), run time (s), obj func calls, sens func calls
3.200000000000000000e+01 3.000000000000000000e+00 4.000000000000000000e+00 0.000000000000000000e+00 1.035932591256218195e+09 1.035932591256218195e+09 1.220089837892075777e+09 1.220089837892075777e+09 3.307572579383850098e+02 0.000000000000000000e+00 0.000000000000000000e+00
3.200000000000000000e+01 2.750000000000000000e+00 4.000000000000000000e+00 0.000000000000000000e+00 1.035932591256218195e+09 1.035932591256218195e+09 1.220089837892075777e+09 1.220089837892075777e+09 3.456399917602539062e+00 0.000000000000000000e+00 0.000000000000000000e+00
3.200000000000000000e+01 2.500000000000000000e+00 4.000000000000000000e+00 0.000000000000000000e+00 1.035932591256218195e+09 1.035932591256218195e+09 1.220089837892075777e+09 1.220089837892075777e+09 2.914266109466552734e+00 0.000000000000000000e+00 0.000000000000000000e+00
3.200000000000000000e+01 2.250000000000000000e+00 4.000000000000000000e+00 0.000000000000000000e+00 1.035932591256218195e+09 1.035932591256218195e+09 1.220089837892075777e+09 1.220089837892075777e+09 2.914647102355957031e+00 0.000000000000000000e+00 0.000000000000000000e+00
3.200000000000000000e+01 2.000000000000000000e+00 4.000000000000000000e+00 0.000000000000000000e+00 1.035932591256218195e+09 1.035932591256218195e+09 1.220089837892075777e+09 1.220089837892075777e+09 2.895223140716552734e+00 0.000000000000000000e+00 0.000000000000000000e+00
3.200000000000000000e+01 1.750000000000000000e+00 4.000000000000000000e+00 0.000000000000000000e+00 1.035932591256218195e+09 1.035932591256218195e+09 1.220089837892075777e+09 1.220089837892075777e+09 2.945323944091796875e+00 0.000000000000000000e+00 0.000000000000000000e+00
3.200000000000000000e+01 1.500000000000000000e+00 4.000000000000000000e+00 0.000000000000000000e+00 1.035932591256218195e+09 1.035932591256218195e+09 1.220089837892075777e+09 1.220089837892075777e+09 2.913312196731567383e+00 0.000000000000000000e+00 0.000000000000000000e+00
3.200000000000000000e+01 1.250000000000000000e+00 4.000000000000000000e+00 0.000000000000000000e+00 1.035932591256218195e+09 1.035932591256218195e+09 1.220089837892075777e+09 1.220089837892075777e+09 2.936985969543457031e+00 0.000000000000000000e+00 0.000000000000000000e+00
3.200000000000000000e+01 1.000000000000000000e+00 4.000000000000000000e+00 0.000000000000000000e+00 1.035932591256218195e+09 1.035932591256218195e+09 1.220089837892075777e+09 1.220089837892075777e+09 2.900928974151611328e+00 0.000000000000000000e+00 0.000000000000000000e+00
3.200000000000000000e+01 1.000000000000000000e+00 4.000000000000000000e+00 5.000000000000000000e+00 1.035932591256218195e+09 1.035932591256218195e+09 1.220089837892075777e+09 1.220089837892075777e+09 2.927317857742309570e+00 0.000000000000000000e+00 0.000000000000000000e+00
