# run number, exp fac, ti calc, ti opt, aep init calc (kW), aep init opt (kW), aep run calc (kW), aep run opt (kW), run time (s), obj func calls, sens func calls
2.000000000000000000e+00 3.000000000000000000e+00 4.000000000000000000e+00 0.000000000000000000e+00 1.010248840966399431e+09 1.010248840966399431e+09 1.238858978651405811e+09 1.238858978651405811e+09 5.667986319065093994e+02 0.000000000000000000e+00 0.000000000000000000e+00
2.000000000000000000e+00 2.750000000000000000e+00 4.000000000000000000e+00 0.000000000000000000e+00 1.010248840966399431e+09 1.010248840966399431e+09 1.238858978651405811e+09 1.238858978651405811e+09 2.834768056869506836e+00 0.000000000000000000e+00 0.000000000000000000e+00
2.000000000000000000e+00 2.500000000000000000e+00 4.000000000000000000e+00 0.000000000000000000e+00 1.010248840966399431e+09 1.010248840966399431e+09 1.238858978651405811e+09 1.238858978651405811e+09 2.702667951583862305e+00 0.000000000000000000e+00 0.000000000000000000e+00
2.000000000000000000e+00 2.250000000000000000e+00 4.000000000000000000e+00 0.000000000000000000e+00 1.010248840966399431e+09 1.010248840966399431e+09 1.238858978651405811e+09 1.238858978651405811e+09 2.771577119827270508e+00 0.000000000000000000e+00 0.000000000000000000e+00
2.000000000000000000e+00 2.000000000000000000e+00 4.000000000000000000e+00 0.000000000000000000e+00 1.010248840966399431e+09 1.010248840966399431e+09 1.238858978651405811e+09 1.238858978651405811e+09 2.808590888977050781e+00 0.000000000000000000e+00 0.000000000000000000e+00
2.000000000000000000e+00 1.750000000000000000e+00 4.000000000000000000e+00 0.000000000000000000e+00 1.010248840966399431e+09 1.010248840966399431e+09 1.238858978651405811e+09 1.238858978651405811e+09 2.822927951812744141e+00 0.000000000000000000e+00 0.000000000000000000e+00
2.000000000000000000e+00 1.500000000000000000e+00 4.000000000000000000e+00 0.000000000000000000e+00 1.010248840966399431e+09 1.010248840966399431e+09 1.238858978651405811e+09 1.238858978651405811e+09 2.873569011688232422e+00 0.000000000000000000e+00 0.000000000000000000e+00
2.000000000000000000e+00 1.250000000000000000e+00 4.000000000000000000e+00 0.000000000000000000e+00 1.010248840966399431e+09 1.010248840966399431e+09 1.238858978651405811e+09 1.238858978651405811e+09 2.872020959854125977e+00 0.000000000000000000e+00 0.000000000000000000e+00
2.000000000000000000e+00 1.000000000000000000e+00 4.000000000000000000e+00 0.000000000000000000e+00 1.010248840966399431e+09 1.010248840966399431e+09 1.238858978651405811e+09 1.238858978651405811e+09 2.753082990646362305e+00 0.000000000000000000e+00 0.000000000000000000e+00
2.000000000000000000e+00 1.000000000000000000e+00 4.000000000000000000e+00 5.000000000000000000e+00 1.010248840966399431e+09 1.010248840966399431e+09 1.238858978651405811e+09 1.238858978651405811e+09 2.840538978576660156e+00 0.000000000000000000e+00 0.000000000000000000e+00
