# run number, exp fac, ti calc, ti opt, aep init calc (kW), aep init opt (kW), aep run calc (kW), aep run opt (kW), run time (s), obj func calls, sens func calls
8.600000000000000000e+01 3.000000000000000000e+00 4.000000000000000000e+00 0.000000000000000000e+00 1.006106387620531201e+09 1.006106387620531201e+09 1.200972113126099825e+09 1.200972113126099825e+09 9.798375890254974365e+02 0.000000000000000000e+00 0.000000000000000000e+00
8.600000000000000000e+01 2.750000000000000000e+00 4.000000000000000000e+00 0.000000000000000000e+00 1.006106387620531201e+09 1.006106387620531201e+09 1.200972113126099825e+09 1.200972113126099825e+09 2.796696901321411133e+00 0.000000000000000000e+00 0.000000000000000000e+00
8.600000000000000000e+01 2.500000000000000000e+00 4.000000000000000000e+00 0.000000000000000000e+00 1.006106387620531201e+09 1.006106387620531201e+09 1.200972113126099825e+09 1.200972113126099825e+09 2.790703058242797852e+00 0.000000000000000000e+00 0.000000000000000000e+00
8.600000000000000000e+01 2.250000000000000000e+00 4.000000000000000000e+00 0.000000000000000000e+00 1.006106387620531201e+09 1.006106387620531201e+09 1.200972113126099825e+09 1.200972113126099825e+09 2.769281864166259766e+00 0.000000000000000000e+00 0.000000000000000000e+00
8.600000000000000000e+01 2.000000000000000000e+00 4.000000000000000000e+00 0.000000000000000000e+00 1.006106387620531201e+09 1.006106387620531201e+09 1.200972113126099825e+09 1.200972113126099825e+09 2.812507152557373047e+00 0.000000000000000000e+00 0.000000000000000000e+00
8.600000000000000000e+01 1.750000000000000000e+00 4.000000000000000000e+00 0.000000000000000000e+00 1.006106387620531201e+09 1.006106387620531201e+09 1.200972113126099825e+09 1.200972113126099825e+09 2.821800947189331055e+00 0.000000000000000000e+00 0.000000000000000000e+00
8.600000000000000000e+01 1.500000000000000000e+00 4.000000000000000000e+00 0.000000000000000000e+00 1.006106387620531201e+09 1.006106387620531201e+09 1.200972113126099825e+09 1.200972113126099825e+09 2.799424886703491211e+00 0.000000000000000000e+00 0.000000000000000000e+00
8.600000000000000000e+01 1.250000000000000000e+00 4.000000000000000000e+00 0.000000000000000000e+00 1.006106387620531201e+09 1.006106387620531201e+09 1.200972113126099825e+09 1.200972113126099825e+09 2.785622119903564453e+00 0.000000000000000000e+00 0.000000000000000000e+00
8.600000000000000000e+01 1.000000000000000000e+00 4.000000000000000000e+00 0.000000000000000000e+00 1.006106387620531201e+09 1.006106387620531201e+09 1.200972113126099825e+09 1.200972113126099825e+09 2.802068948745727539e+00 0.000000000000000000e+00 0.000000000000000000e+00
8.600000000000000000e+01 1.000000000000000000e+00 4.000000000000000000e+00 5.000000000000000000e+00 1.006106387620531201e+09 1.006106387620531201e+09 1.200972113126099825e+09 1.200972113126099825e+09 2.763936996459960938e+00 0.000000000000000000e+00 0.000000000000000000e+00
