# run number, exp fac, ti calc, ti opt, aep init calc (kW), aep init opt (kW), aep run calc (kW), aep run opt (kW), run time (s), obj func calls, sens func calls
1.360000000000000000e+02 3.000000000000000000e+00 4.000000000000000000e+00 0.000000000000000000e+00 1.053260679702723503e+09 1.053260679702723503e+09 1.225269245244327545e+09 1.225269245244327545e+09 4.511331191062927246e+02 0.000000000000000000e+00 0.000000000000000000e+00
1.360000000000000000e+02 2.750000000000000000e+00 4.000000000000000000e+00 0.000000000000000000e+00 1.053260679702723503e+09 1.053260679702723503e+09 1.225269245244327545e+09 1.225269245244327545e+09 2.543746948242187500e+00 0.000000000000000000e+00 0.000000000000000000e+00
1.360000000000000000e+02 2.500000000000000000e+00 4.000000000000000000e+00 0.000000000000000000e+00 1.053260679702723503e+09 1.053260679702723503e+09 1.225269245244327545e+09 1.225269245244327545e+09 2.477930068969726562e+00 0.000000000000000000e+00 0.000000000000000000e+00
1.360000000000000000e+02 2.250000000000000000e+00 4.000000000000000000e+00 0.000000000000000000e+00 1.053260679702723503e+09 1.053260679702723503e+09 1.225269245244327545e+09 1.225269245244327545e+09 2.711010932922363281e+00 0.000000000000000000e+00 0.000000000000000000e+00
1.360000000000000000e+02 2.000000000000000000e+00 4.000000000000000000e+00 0.000000000000000000e+00 1.053260679702723503e+09 1.053260679702723503e+09 1.225269245244327545e+09 1.225269245244327545e+09 2.567797899246215820e+00 0.000000000000000000e+00 0.000000000000000000e+00
1.360000000000000000e+02 1.750000000000000000e+00 4.000000000000000000e+00 0.000000000000000000e+00 1.053260679702723503e+09 1.053260679702723503e+09 1.225269245244327545e+09 1.225269245244327545e+09 2.655786037445068359e+00 0.000000000000000000e+00 0.000000000000000000e+00
1.360000000000000000e+02 1.500000000000000000e+00 4.000000000000000000e+00 0.000000000000000000e+00 1.053260679702723503e+09 1.053260679702723503e+09 1.225269245244327545e+09 1.225269245244327545e+09 2.827909946441650391e+00 0.000000000000000000e+00 0.000000000000000000e+00
1.360000000000000000e+02 1.250000000000000000e+00 4.000000000000000000e+00 0.000000000000000000e+00 1.053260679702723503e+09 1.053260679702723503e+09 1.225269245244327545e+09 1.225269245244327545e+09 2.639276981353759766e+00 0.000000000000000000e+00 0.000000000000000000e+00
1.360000000000000000e+02 1.000000000000000000e+00 4.000000000000000000e+00 0.000000000000000000e+00 1.053260679702723503e+09 1.053260679702723503e+09 1.225269245244327545e+09 1.225269245244327545e+09 2.848795890808105469e+00 0.000000000000000000e+00 0.000000000000000000e+00
1.360000000000000000e+02 1.000000000000000000e+00 4.000000000000000000e+00 5.000000000000000000e+00 1.053260679702723503e+09 1.053260679702723503e+09 1.225269245244327545e+09 1.225269245244327545e+09 2.982157945632934570e+00 0.000000000000000000e+00 0.000000000000000000e+00
