# run number, exp fac, ti calc, ti opt, aep init calc (kW), aep init opt (kW), aep run calc (kW), aep run opt (kW), run time (s), obj func calls, sens func calls
1.650000000000000000e+02 3.000000000000000000e+00 4.000000000000000000e+00 0.000000000000000000e+00 1.023370288713656306e+09 1.023370288713656306e+09 1.214151858117843628e+09 1.214151858117843628e+09 3.189502010345458984e+02 0.000000000000000000e+00 0.000000000000000000e+00
1.650000000000000000e+02 2.750000000000000000e+00 4.000000000000000000e+00 0.000000000000000000e+00 1.023370288713656306e+09 1.023370288713656306e+09 1.214151858117843628e+09 1.214151858117843628e+09 2.191420793533325195e+00 0.000000000000000000e+00 0.000000000000000000e+00
1.650000000000000000e+02 2.500000000000000000e+00 4.000000000000000000e+00 0.000000000000000000e+00 1.023370288713656306e+09 1.023370288713656306e+09 1.214151858117843628e+09 1.214151858117843628e+09 2.154754877090454102e+00 0.000000000000000000e+00 0.000000000000000000e+00
1.650000000000000000e+02 2.250000000000000000e+00 4.000000000000000000e+00 0.000000000000000000e+00 1.023370288713656306e+09 1.023370288713656306e+09 1.214151858117843628e+09 1.214151858117843628e+09 2.092734098434448242e+00 0.000000000000000000e+00 0.000000000000000000e+00
1.650000000000000000e+02 2.000000000000000000e+00 4.000000000000000000e+00 0.000000000000000000e+00 1.023370288713656306e+09 1.023370288713656306e+09 1.214151858117843628e+09 1.214151858117843628e+09 2.099048852920532227e+00 0.000000000000000000e+00 0.000000000000000000e+00
1.650000000000000000e+02 1.750000000000000000e+00 4.000000000000000000e+00 0.000000000000000000e+00 1.023370288713656306e+09 1.023370288713656306e+09 1.214151858117843628e+09 1.214151858117843628e+09 2.115854978561401367e+00 0.000000000000000000e+00 0.000000000000000000e+00
1.650000000000000000e+02 1.500000000000000000e+00 4.000000000000000000e+00 0.000000000000000000e+00 1.023370288713656306e+09 1.023370288713656306e+09 1.214151858117843628e+09 1.214151858117843628e+09 2.137739181518554688e+00 0.000000000000000000e+00 0.000000000000000000e+00
1.650000000000000000e+02 1.250000000000000000e+00 4.000000000000000000e+00 0.000000000000000000e+00 1.023370288713656306e+09 1.023370288713656306e+09 1.214151858117843628e+09 1.214151858117843628e+09 2.175879955291748047e+00 0.000000000000000000e+00 0.000000000000000000e+00
1.650000000000000000e+02 1.000000000000000000e+00 4.000000000000000000e+00 0.000000000000000000e+00 1.023370288713656306e+09 1.023370288713656306e+09 1.214151858117843628e+09 1.214151858117843628e+09 2.273231983184814453e+00 0.000000000000000000e+00 0.000000000000000000e+00
1.650000000000000000e+02 1.000000000000000000e+00 4.000000000000000000e+00 5.000000000000000000e+00 1.023370288713656306e+09 1.023370288713656306e+09 1.214151858117843628e+09 1.214151858117843628e+09 2.175019025802612305e+00 0.000000000000000000e+00 0.000000000000000000e+00
