# run number, exp fac, ti calc, ti opt, aep init calc (kW), aep init opt (kW), aep run calc (kW), aep run opt (kW), run time (s), obj func calls, sens func calls
6.300000000000000000e+01 3.000000000000000000e+00 4.000000000000000000e+00 0.000000000000000000e+00 1.041594849933973432e+09 1.041594849933973432e+09 1.234140838452361345e+09 1.234140838452361345e+09 5.628834230899810791e+02 0.000000000000000000e+00 0.000000000000000000e+00
6.300000000000000000e+01 2.750000000000000000e+00 4.000000000000000000e+00 0.000000000000000000e+00 1.041594849933973432e+09 1.041594849933973432e+09 1.234140838452361345e+09 1.234140838452361345e+09 2.975143194198608398e+00 0.000000000000000000e+00 0.000000000000000000e+00
6.300000000000000000e+01 2.500000000000000000e+00 4.000000000000000000e+00 0.000000000000000000e+00 1.041594849933973432e+09 1.041594849933973432e+09 1.234140838452361345e+09 1.234140838452361345e+09 2.941869974136352539e+00 0.000000000000000000e+00 0.000000000000000000e+00
6.300000000000000000e+01 2.250000000000000000e+00 4.000000000000000000e+00 0.000000000000000000e+00 1.041594849933973432e+09 1.041594849933973432e+09 1.234140838452361345e+09 1.234140838452361345e+09 3.031604051589965820e+00 0.000000000000000000e+00 0.000000000000000000e+00
6.300000000000000000e+01 2.000000000000000000e+00 4.000000000000000000e+00 0.000000000000000000e+00 1.041594849933973432e+09 1.041594849933973432e+09 1.234140838452361345e+09 1.234140838452361345e+09 2.970373868942260742e+00 0.000000000000000000e+00 0.000000000000000000e+00
6.300000000000000000e+01 1.750000000000000000e+00 4.000000000000000000e+00 0.000000000000000000e+00 1.041594849933973432e+09 1.041594849933973432e+09 1.234140838452361345e+09 1.234140838452361345e+09 3.036109209060668945e+00 0.000000000000000000e+00 0.000000000000000000e+00
6.300000000000000000e+01 1.500000000000000000e+00 4.000000000000000000e+00 0.000000000000000000e+00 1.041594849933973432e+09 1.041594849933973432e+09 1.234140838452361345e+09 1.234140838452361345e+09 3.006090164184570312e+00 0.000000000000000000e+00 0.000000000000000000e+00
6.300000000000000000e+01 1.250000000000000000e+00 4.000000000000000000e+00 0.000000000000000000e+00 1.041594849933973432e+09 1.041594849933973432e+09 1.234140838452361345e+09 1.234140838452361345e+09 3.015300989151000977e+00 0.000000000000000000e+00 0.000000000000000000e+00
6.300000000000000000e+01 1.000000000000000000e+00 4.000000000000000000e+00 0.000000000000000000e+00 1.041594849933973432e+09 1.041594849933973432e+09 1.234140838452361345e+09 1.234140838452361345e+09 2.989089012145996094e+00 0.000000000000000000e+00 0.000000000000000000e+00
6.300000000000000000e+01 1.000000000000000000e+00 4.000000000000000000e+00 5.000000000000000000e+00 1.041594849933973432e+09 1.041594849933973432e+09 1.234140838452361345e+09 1.234140838452361345e+09 3.008220911026000977e+00 0.000000000000000000e+00 0.000000000000000000e+00
