# run number, exp fac, ti calc, ti opt, aep init calc (kW), aep init opt (kW), aep run calc (kW), aep run opt (kW), run time (s), obj func calls, sens func calls
1.950000000000000000e+02 3.000000000000000000e+00 4.000000000000000000e+00 0.000000000000000000e+00 1.004327534927884817e+09 1.004327534927884817e+09 1.217780210899293184e+09 1.217780210899293184e+09 9.149815914869308472e+03 0.000000000000000000e+00 0.000000000000000000e+00
1.950000000000000000e+02 2.750000000000000000e+00 4.000000000000000000e+00 0.000000000000000000e+00 1.004327534927884817e+09 1.004327534927884817e+09 1.217780210899293184e+09 1.217780210899293184e+09 1.572675228118896484e+00 0.000000000000000000e+00 0.000000000000000000e+00
1.950000000000000000e+02 2.500000000000000000e+00 4.000000000000000000e+00 0.000000000000000000e+00 1.004327534927884817e+09 1.004327534927884817e+09 1.217780210899293184e+09 1.217780210899293184e+09 1.633337974548339844e+00 0.000000000000000000e+00 0.000000000000000000e+00
1.950000000000000000e+02 2.250000000000000000e+00 4.000000000000000000e+00 0.000000000000000000e+00 1.004327534927884817e+09 1.004327534927884817e+09 1.217780210899293184e+09 1.217780210899293184e+09 1.558723926544189453e+00 0.000000000000000000e+00 0.000000000000000000e+00
1.950000000000000000e+02 2.000000000000000000e+00 4.000000000000000000e+00 0.000000000000000000e+00 1.004327534927884817e+09 1.004327534927884817e+09 1.217780210899293184e+09 1.217780210899293184e+09 1.598994016647338867e+00 0.000000000000000000e+00 0.000000000000000000e+00
1.950000000000000000e+02 1.750000000000000000e+00 4.000000000000000000e+00 0.000000000000000000e+00 1.004327534927884817e+09 1.004327534927884817e+09 1.217780210899293184e+09 1.217780210899293184e+09 1.710330009460449219e+00 0.000000000000000000e+00 0.000000000000000000e+00
1.950000000000000000e+02 1.500000000000000000e+00 4.000000000000000000e+00 0.000000000000000000e+00 1.004327534927884817e+09 1.004327534927884817e+09 1.217780210899293184e+09 1.217780210899293184e+09 1.708728075027465820e+00 0.000000000000000000e+00 0.000000000000000000e+00
1.950000000000000000e+02 1.250000000000000000e+00 4.000000000000000000e+00 0.000000000000000000e+00 1.004327534927884817e+09 1.004327534927884817e+09 1.217780210899293184e+09 1.217780210899293184e+09 1.766999959945678711e+00 0.000000000000000000e+00 0.000000000000000000e+00
1.950000000000000000e+02 1.000000000000000000e+00 4.000000000000000000e+00 0.000000000000000000e+00 1.004327534927884817e+09 1.004327534927884817e+09 1.217780210899293184e+09 1.217780210899293184e+09 1.683462858200073242e+00 0.000000000000000000e+00 0.000000000000000000e+00
1.950000000000000000e+02 1.000000000000000000e+00 4.000000000000000000e+00 5.000000000000000000e+00 1.004327534927884817e+09 1.004327534927884817e+09 1.217780210899293184e+09 1.217780210899293184e+09 1.648391008377075195e+00 0.000000000000000000e+00 0.000000000000000000e+00
