# run number, exp fac, ti calc, ti opt, aep init calc (kW), aep init opt (kW), aep run calc (kW), aep run opt (kW), run time (s), obj func calls, sens func calls
1.030000000000000000e+02 3.000000000000000000e+00 4.000000000000000000e+00 0.000000000000000000e+00 1.015689286589388728e+09 1.015689286589388728e+09 1.232227431123772621e+09 1.232227431123772621e+09 6.476706430912017822e+02 0.000000000000000000e+00 0.000000000000000000e+00
1.030000000000000000e+02 2.750000000000000000e+00 4.000000000000000000e+00 0.000000000000000000e+00 1.015689286589388728e+09 1.015689286589388728e+09 1.232227431123772621e+09 1.232227431123772621e+09 3.143894195556640625e+00 0.000000000000000000e+00 0.000000000000000000e+00
1.030000000000000000e+02 2.500000000000000000e+00 4.000000000000000000e+00 0.000000000000000000e+00 1.015689286589388728e+09 1.015689286589388728e+09 1.232227431123772621e+09 1.232227431123772621e+09 2.992179155349731445e+00 0.000000000000000000e+00 0.000000000000000000e+00
1.030000000000000000e+02 2.250000000000000000e+00 4.000000000000000000e+00 0.000000000000000000e+00 1.015689286589388728e+09 1.015689286589388728e+09 1.232227431123772621e+09 1.232227431123772621e+09 3.046804904937744141e+00 0.000000000000000000e+00 0.000000000000000000e+00
1.030000000000000000e+02 2.000000000000000000e+00 4.000000000000000000e+00 0.000000000000000000e+00 1.015689286589388728e+09 1.015689286589388728e+09 1.232227431123772621e+09 1.232227431123772621e+09 2.964887142181396484e+00 0.000000000000000000e+00 0.000000000000000000e+00
1.030000000000000000e+02 1.750000000000000000e+00 4.000000000000000000e+00 0.000000000000000000e+00 1.015689286589388728e+09 1.015689286589388728e+09 1.232227431123772621e+09 1.232227431123772621e+09 2.962702989578247070e+00 0.000000000000000000e+00 0.000000000000000000e+00
1.030000000000000000e+02 1.500000000000000000e+00 4.000000000000000000e+00 0.000000000000000000e+00 1.015689286589388728e+09 1.015689286589388728e+09 1.232227431123772621e+09 1.232227431123772621e+09 2.964861154556274414e+00 0.000000000000000000e+00 0.000000000000000000e+00
1.030000000000000000e+02 1.250000000000000000e+00 4.000000000000000000e+00 0.000000000000000000e+00 1.015689286589388728e+09 1.015689286589388728e+09 1.232227431123772621e+09 1.232227431123772621e+09 4.883733034133911133e+00 0.000000000000000000e+00 0.000000000000000000e+00
1.030000000000000000e+02 1.000000000000000000e+00 4.000000000000000000e+00 0.000000000000000000e+00 1.015689286589388728e+09 1.015689286589388728e+09 1.232227431123772621e+09 1.232227431123772621e+09 2.989023923873901367e+00 0.000000000000000000e+00 0.000000000000000000e+00
1.030000000000000000e+02 1.000000000000000000e+00 4.000000000000000000e+00 5.000000000000000000e+00 1.015689286589388728e+09 1.015689286589388728e+09 1.232227431123772621e+09 1.232227431123772621e+09 4.922839164733886719e+00 0.000000000000000000e+00 0.000000000000000000e+00
