# run number, exp fac, ti calc, ti opt, aep init calc (kW), aep init opt (kW), aep run calc (kW), aep run opt (kW), run time (s), obj func calls, sens func calls
2.200000000000000000e+01 3.000000000000000000e+00 4.000000000000000000e+00 0.000000000000000000e+00 1.069624836196023703e+09 1.069624836196023703e+09 1.236495201990015984e+09 1.236495201990015984e+09 2.883704538345336914e+02 0.000000000000000000e+00 0.000000000000000000e+00
2.200000000000000000e+01 2.750000000000000000e+00 4.000000000000000000e+00 0.000000000000000000e+00 1.069624836196023703e+09 1.069624836196023703e+09 1.236495201990015984e+09 1.236495201990015984e+09 1.943916082382202148e+00 0.000000000000000000e+00 0.000000000000000000e+00
2.200000000000000000e+01 2.500000000000000000e+00 4.000000000000000000e+00 0.000000000000000000e+00 1.069624836196023703e+09 1.069624836196023703e+09 1.236495201990015984e+09 1.236495201990015984e+09 1.954725027084350586e+00 0.000000000000000000e+00 0.000000000000000000e+00
2.200000000000000000e+01 2.250000000000000000e+00 4.000000000000000000e+00 0.000000000000000000e+00 1.069624836196023703e+09 1.069624836196023703e+09 1.236495201990015984e+09 1.236495201990015984e+09 1.975577831268310547e+00 0.000000000000000000e+00 0.000000000000000000e+00
2.200000000000000000e+01 2.000000000000000000e+00 4.000000000000000000e+00 0.000000000000000000e+00 1.069624836196023703e+09 1.069624836196023703e+09 1.236495201990015984e+09 1.236495201990015984e+09 1.976401090621948242e+00 0.000000000000000000e+00 0.000000000000000000e+00
2.200000000000000000e+01 1.750000000000000000e+00 4.000000000000000000e+00 0.000000000000000000e+00 1.069624836196023703e+09 1.069624836196023703e+09 1.236495201990015984e+09 1.236495201990015984e+09 1.955118894577026367e+00 0.000000000000000000e+00 0.000000000000000000e+00
2.200000000000000000e+01 1.500000000000000000e+00 4.000000000000000000e+00 0.000000000000000000e+00 1.069624836196023703e+09 1.069624836196023703e+09 1.236495201990015984e+09 1.236495201990015984e+09 1.944138050079345703e+00 0.000000000000000000e+00 0.000000000000000000e+00
2.200000000000000000e+01 1.250000000000000000e+00 4.000000000000000000e+00 0.000000000000000000e+00 1.069624836196023703e+09 1.069624836196023703e+09 1.236495201990015984e+09 1.236495201990015984e+09 1.877594947814941406e+00 0.000000000000000000e+00 0.000000000000000000e+00
2.200000000000000000e+01 1.000000000000000000e+00 4.000000000000000000e+00 0.000000000000000000e+00 1.069624836196023703e+09 1.069624836196023703e+09 1.236495201990015984e+09 1.236495201990015984e+09 1.927845954895019531e+00 0.000000000000000000e+00 0.000000000000000000e+00
2.200000000000000000e+01 1.000000000000000000e+00 4.000000000000000000e+00 5.000000000000000000e+00 1.069624836196023703e+09 1.069624836196023703e+09 1.236495201990015984e+09 1.236495201990015984e+09 1.846382141113281250e+00 0.000000000000000000e+00 0.000000000000000000e+00
