# run number, exp fac, ti calc, ti opt, aep init calc (kW), aep init opt (kW), aep run calc (kW), aep run opt (kW), run time (s), obj func calls, sens func calls
1.270000000000000000e+02 3.000000000000000000e+00 4.000000000000000000e+00 0.000000000000000000e+00 1.043649456066843390e+09 1.043649456066843390e+09 1.235588242374811888e+09 1.235588242374811888e+09 5.075796658992767334e+02 0.000000000000000000e+00 0.000000000000000000e+00
1.270000000000000000e+02 2.750000000000000000e+00 4.000000000000000000e+00 0.000000000000000000e+00 1.043649456066843390e+09 1.043649456066843390e+09 1.235588242374811888e+09 1.235588242374811888e+09 3.770770072937011719e+00 0.000000000000000000e+00 0.000000000000000000e+00
1.270000000000000000e+02 2.500000000000000000e+00 4.000000000000000000e+00 0.000000000000000000e+00 1.043649456066843390e+09 1.043649456066843390e+09 1.235588242374811888e+09 1.235588242374811888e+09 3.568307161331176758e+00 0.000000000000000000e+00 0.000000000000000000e+00
1.270000000000000000e+02 2.250000000000000000e+00 4.000000000000000000e+00 0.000000000000000000e+00 1.043649456066843390e+09 1.043649456066843390e+09 1.235588242374811888e+09 1.235588242374811888e+09 3.694550037384033203e+00 0.000000000000000000e+00 0.000000000000000000e+00
1.270000000000000000e+02 2.000000000000000000e+00 4.000000000000000000e+00 0.000000000000000000e+00 1.043649456066843390e+09 1.043649456066843390e+09 1.235588242374811888e+09 1.235588242374811888e+09 2.721204042434692383e+00 0.000000000000000000e+00 0.000000000000000000e+00
1.270000000000000000e+02 1.750000000000000000e+00 4.000000000000000000e+00 0.000000000000000000e+00 1.043649456066843390e+09 1.043649456066843390e+09 1.235588242374811888e+09 1.235588242374811888e+09 2.413549184799194336e+00 0.000000000000000000e+00 0.000000000000000000e+00
1.270000000000000000e+02 1.500000000000000000e+00 4.000000000000000000e+00 0.000000000000000000e+00 1.043649456066843390e+09 1.043649456066843390e+09 1.235588242374811888e+09 1.235588242374811888e+09 2.107964992523193359e+00 0.000000000000000000e+00 0.000000000000000000e+00
1.270000000000000000e+02 1.250000000000000000e+00 4.000000000000000000e+00 0.000000000000000000e+00 1.043649456066843390e+09 1.043649456066843390e+09 1.235588242374811888e+09 1.235588242374811888e+09 3.785804986953735352e+00 0.000000000000000000e+00 0.000000000000000000e+00
1.270000000000000000e+02 1.000000000000000000e+00 4.000000000000000000e+00 0.000000000000000000e+00 1.043649456066843390e+09 1.043649456066843390e+09 1.235588242374811888e+09 1.235588242374811888e+09 3.661710023880004883e+00 0.000000000000000000e+00 0.000000000000000000e+00
1.270000000000000000e+02 1.000000000000000000e+00 4.000000000000000000e+00 5.000000000000000000e+00 1.043649456066843390e+09 1.043649456066843390e+09 1.235588242374811888e+09 1.235588242374811888e+09 3.822482824325561523e+00 0.000000000000000000e+00 0.000000000000000000e+00
