# run number, exp fac, ti calc, ti opt, aep init calc (kW), aep init opt (kW), aep run calc (kW), aep run opt (kW), run time (s), obj func calls, sens func calls
1.380000000000000000e+02 3.000000000000000000e+00 4.000000000000000000e+00 0.000000000000000000e+00 1.072602335657403827e+09 1.072602335657403827e+09 1.234633637992550611e+09 1.234633637992550611e+09 2.266426959037780762e+02 0.000000000000000000e+00 0.000000000000000000e+00
1.380000000000000000e+02 2.750000000000000000e+00 4.000000000000000000e+00 0.000000000000000000e+00 1.072602335657403827e+09 1.072602335657403827e+09 1.234633637992550611e+09 1.234633637992550611e+09 1.926149845123291016e+00 0.000000000000000000e+00 0.000000000000000000e+00
1.380000000000000000e+02 2.500000000000000000e+00 4.000000000000000000e+00 0.000000000000000000e+00 1.072602335657403827e+09 1.072602335657403827e+09 1.234633637992550611e+09 1.234633637992550611e+09 1.962345838546752930e+00 0.000000000000000000e+00 0.000000000000000000e+00
1.380000000000000000e+02 2.250000000000000000e+00 4.000000000000000000e+00 0.000000000000000000e+00 1.072602335657403827e+09 1.072602335657403827e+09 1.234633637992550611e+09 1.234633637992550611e+09 2.008936882019042969e+00 0.000000000000000000e+00 0.000000000000000000e+00
1.380000000000000000e+02 2.000000000000000000e+00 4.000000000000000000e+00 0.000000000000000000e+00 1.072602335657403827e+09 1.072602335657403827e+09 1.234633637992550611e+09 1.234633637992550611e+09 1.985599994659423828e+00 0.000000000000000000e+00 0.000000000000000000e+00
1.380000000000000000e+02 1.750000000000000000e+00 4.000000000000000000e+00 0.000000000000000000e+00 1.072602335657403827e+09 1.072602335657403827e+09 1.234633637992550611e+09 1.234633637992550611e+09 1.987771987915039062e+00 0.000000000000000000e+00 0.000000000000000000e+00
1.380000000000000000e+02 1.500000000000000000e+00 4.000000000000000000e+00 0.000000000000000000e+00 1.072602335657403827e+09 1.072602335657403827e+09 1.234633637992550611e+09 1.234633637992550611e+09 1.976701021194458008e+00 0.000000000000000000e+00 0.000000000000000000e+00
1.380000000000000000e+02 1.250000000000000000e+00 4.000000000000000000e+00 0.000000000000000000e+00 1.072602335657403827e+09 1.072602335657403827e+09 1.234633637992550611e+09 1.234633637992550611e+09 1.971637010574340820e+00 0.000000000000000000e+00 0.000000000000000000e+00
1.380000000000000000e+02 1.000000000000000000e+00 4.000000000000000000e+00 0.000000000000000000e+00 1.072602335657403827e+09 1.072602335657403827e+09 1.234633637992550611e+09 1.234633637992550611e+09 2.112334012985229492e+00 0.000000000000000000e+00 0.000000000000000000e+00
1.380000000000000000e+02 1.000000000000000000e+00 4.000000000000000000e+00 5.000000000000000000e+00 1.072602335657403827e+09 1.072602335657403827e+09 1.234633637992550611e+09 1.234633637992550611e+09 2.040185928344726562e+00 0.000000000000000000e+00 0.000000000000000000e+00
