# run number, exp fac, ti calc, ti opt, aep init calc (kW), aep init opt (kW), aep run calc (kW), aep run opt (kW), run time (s), obj func calls, sens func calls
1.250000000000000000e+02 3.000000000000000000e+00 4.000000000000000000e+00 0.000000000000000000e+00 1.049209275894855022e+09 1.049209275894855022e+09 1.235686639470152378e+09 1.235686639470152378e+09 4.017709050178527832e+02 0.000000000000000000e+00 0.000000000000000000e+00
1.250000000000000000e+02 2.750000000000000000e+00 4.000000000000000000e+00 0.000000000000000000e+00 1.049209275894855022e+09 1.049209275894855022e+09 1.235686639470152378e+09 1.235686639470152378e+09 2.671247005462646484e+00 0.000000000000000000e+00 0.000000000000000000e+00
1.250000000000000000e+02 2.500000000000000000e+00 4.000000000000000000e+00 0.000000000000000000e+00 1.049209275894855022e+09 1.049209275894855022e+09 1.235686639470152378e+09 1.235686639470152378e+09 2.748930931091308594e+00 0.000000000000000000e+00 0.000000000000000000e+00
1.250000000000000000e+02 2.250000000000000000e+00 4.000000000000000000e+00 0.000000000000000000e+00 1.049209275894855022e+09 1.049209275894855022e+09 1.235686639470152378e+09 1.235686639470152378e+09 2.874775886535644531e+00 0.000000000000000000e+00 0.000000000000000000e+00
1.250000000000000000e+02 2.000000000000000000e+00 4.000000000000000000e+00 0.000000000000000000e+00 1.049209275894855022e+09 1.049209275894855022e+09 1.235686639470152378e+09 1.235686639470152378e+09 2.803222894668579102e+00 0.000000000000000000e+00 0.000000000000000000e+00
1.250000000000000000e+02 1.750000000000000000e+00 4.000000000000000000e+00 0.000000000000000000e+00 1.049209275894855022e+09 1.049209275894855022e+09 1.235686639470152378e+09 1.235686639470152378e+09 2.770041942596435547e+00 0.000000000000000000e+00 0.000000000000000000e+00
1.250000000000000000e+02 1.500000000000000000e+00 4.000000000000000000e+00 0.000000000000000000e+00 1.049209275894855022e+09 1.049209275894855022e+09 1.235686639470152378e+09 1.235686639470152378e+09 2.837352991104125977e+00 0.000000000000000000e+00 0.000000000000000000e+00
1.250000000000000000e+02 1.250000000000000000e+00 4.000000000000000000e+00 0.000000000000000000e+00 1.049209275894855022e+09 1.049209275894855022e+09 1.235686639470152378e+09 1.235686639470152378e+09 2.801327943801879883e+00 0.000000000000000000e+00 0.000000000000000000e+00
1.250000000000000000e+02 1.000000000000000000e+00 4.000000000000000000e+00 0.000000000000000000e+00 1.049209275894855022e+09 1.049209275894855022e+09 1.235686639470152378e+09 1.235686639470152378e+09 2.804556846618652344e+00 0.000000000000000000e+00 0.000000000000000000e+00
1.250000000000000000e+02 1.000000000000000000e+00 4.000000000000000000e+00 5.000000000000000000e+00 1.049209275894855022e+09 1.049209275894855022e+09 1.235686639470152378e+09 1.235686639470152378e+09 2.852827072143554688e+00 0.000000000000000000e+00 0.000000000000000000e+00
