# run number, exp fac, ti calc, ti opt, aep init calc (kW), aep init opt (kW), aep run calc (kW), aep run opt (kW), run time (s), obj func calls, sens func calls
1.720000000000000000e+02 3.000000000000000000e+00 4.000000000000000000e+00 0.000000000000000000e+00 1.035768777342667818e+09 1.035768777342667818e+09 1.229184517974122286e+09 1.229184517974122286e+09 3.406148841381072998e+02 0.000000000000000000e+00 0.000000000000000000e+00
1.720000000000000000e+02 2.750000000000000000e+00 4.000000000000000000e+00 0.000000000000000000e+00 1.035768777342667818e+09 1.035768777342667818e+09 1.229184517974122286e+09 1.229184517974122286e+09 1.849547863006591797e+00 0.000000000000000000e+00 0.000000000000000000e+00
1.720000000000000000e+02 2.500000000000000000e+00 4.000000000000000000e+00 0.000000000000000000e+00 1.035768777342667818e+09 1.035768777342667818e+09 1.229184517974122286e+09 1.229184517974122286e+09 1.676212072372436523e+00 0.000000000000000000e+00 0.000000000000000000e+00
1.720000000000000000e+02 2.250000000000000000e+00 4.000000000000000000e+00 0.000000000000000000e+00 1.035768777342667818e+09 1.035768777342667818e+09 1.229184517974122286e+09 1.229184517974122286e+09 1.702558040618896484e+00 0.000000000000000000e+00 0.000000000000000000e+00
1.720000000000000000e+02 2.000000000000000000e+00 4.000000000000000000e+00 0.000000000000000000e+00 1.035768777342667818e+09 1.035768777342667818e+09 1.229184517974122286e+09 1.229184517974122286e+09 1.712084770202636719e+00 0.000000000000000000e+00 0.000000000000000000e+00
1.720000000000000000e+02 1.750000000000000000e+00 4.000000000000000000e+00 0.000000000000000000e+00 1.035768777342667818e+09 1.035768777342667818e+09 1.229184517974122286e+09 1.229184517974122286e+09 1.683701992034912109e+00 0.000000000000000000e+00 0.000000000000000000e+00
1.720000000000000000e+02 1.500000000000000000e+00 4.000000000000000000e+00 0.000000000000000000e+00 1.035768777342667818e+09 1.035768777342667818e+09 1.229184517974122286e+09 1.229184517974122286e+09 1.693364143371582031e+00 0.000000000000000000e+00 0.000000000000000000e+00
1.720000000000000000e+02 1.250000000000000000e+00 4.000000000000000000e+00 0.000000000000000000e+00 1.035768777342667818e+09 1.035768777342667818e+09 1.229184517974122286e+09 1.229184517974122286e+09 1.663938999176025391e+00 0.000000000000000000e+00 0.000000000000000000e+00
1.720000000000000000e+02 1.000000000000000000e+00 4.000000000000000000e+00 0.000000000000000000e+00 1.035768777342667818e+09 1.035768777342667818e+09 1.229184517974122286e+09 1.229184517974122286e+09 1.680629014968872070e+00 0.000000000000000000e+00 0.000000000000000000e+00
1.720000000000000000e+02 1.000000000000000000e+00 4.000000000000000000e+00 5.000000000000000000e+00 1.035768777342667818e+09 1.035768777342667818e+09 1.229184517974122286e+09 1.229184517974122286e+09 1.733326911926269531e+00 0.000000000000000000e+00 0.000000000000000000e+00
