# run number, exp fac, ti calc, ti opt, aep init calc (kW), aep init opt (kW), aep run calc (kW), aep run opt (kW), run time (s), obj func calls, sens func calls
1.750000000000000000e+02 3.000000000000000000e+00 4.000000000000000000e+00 0.000000000000000000e+00 1.051053794214645982e+09 1.051053794214645982e+09 1.230426252855385303e+09 1.230426252855385303e+09 3.181290171146392822e+02 0.000000000000000000e+00 0.000000000000000000e+00
1.750000000000000000e+02 2.750000000000000000e+00 4.000000000000000000e+00 0.000000000000000000e+00 1.051053794214645982e+09 1.051053794214645982e+09 1.230426252855385303e+09 1.230426252855385303e+09 1.794294118881225586e+00 0.000000000000000000e+00 0.000000000000000000e+00
1.750000000000000000e+02 2.500000000000000000e+00 4.000000000000000000e+00 0.000000000000000000e+00 1.051053794214645982e+09 1.051053794214645982e+09 1.230426252855385303e+09 1.230426252855385303e+09 1.768509149551391602e+00 0.000000000000000000e+00 0.000000000000000000e+00
1.750000000000000000e+02 2.250000000000000000e+00 4.000000000000000000e+00 0.000000000000000000e+00 1.051053794214645982e+09 1.051053794214645982e+09 1.230426252855385303e+09 1.230426252855385303e+09 1.891209125518798828e+00 0.000000000000000000e+00 0.000000000000000000e+00
1.750000000000000000e+02 2.000000000000000000e+00 4.000000000000000000e+00 0.000000000000000000e+00 1.051053794214645982e+09 1.051053794214645982e+09 1.230426252855385303e+09 1.230426252855385303e+09 1.840015172958374023e+00 0.000000000000000000e+00 0.000000000000000000e+00
1.750000000000000000e+02 1.750000000000000000e+00 4.000000000000000000e+00 0.000000000000000000e+00 1.051053794214645982e+09 1.051053794214645982e+09 1.230426252855385303e+09 1.230426252855385303e+09 1.810726165771484375e+00 0.000000000000000000e+00 0.000000000000000000e+00
1.750000000000000000e+02 1.500000000000000000e+00 4.000000000000000000e+00 0.000000000000000000e+00 1.051053794214645982e+09 1.051053794214645982e+09 1.230426252855385303e+09 1.230426252855385303e+09 1.795331954956054688e+00 0.000000000000000000e+00 0.000000000000000000e+00
1.750000000000000000e+02 1.250000000000000000e+00 4.000000000000000000e+00 0.000000000000000000e+00 1.051053794214645982e+09 1.051053794214645982e+09 1.230426252855385303e+09 1.230426252855385303e+09 1.808928966522216797e+00 0.000000000000000000e+00 0.000000000000000000e+00
1.750000000000000000e+02 1.000000000000000000e+00 4.000000000000000000e+00 0.000000000000000000e+00 1.051053794214645982e+09 1.051053794214645982e+09 1.230426252855385303e+09 1.230426252855385303e+09 1.811288833618164062e+00 0.000000000000000000e+00 0.000000000000000000e+00
1.750000000000000000e+02 1.000000000000000000e+00 4.000000000000000000e+00 5.000000000000000000e+00 1.051053794214645982e+09 1.051053794214645982e+09 1.230426252855385303e+09 1.230426252855385303e+09 1.833513021469116211e+00 0.000000000000000000e+00 0.000000000000000000e+00
