# run number, exp fac, ti calc, ti opt, aep init calc (kW), aep init opt (kW), aep run calc (kW), aep run opt (kW), run time (s), obj func calls, sens func calls
8.900000000000000000e+01 3.000000000000000000e+00 4.000000000000000000e+00 0.000000000000000000e+00 1.039894576994629145e+09 1.039894576994629145e+09 1.222949840385107756e+09 1.222949840385107756e+09 4.781103370189666748e+02 0.000000000000000000e+00 0.000000000000000000e+00
8.900000000000000000e+01 2.750000000000000000e+00 4.000000000000000000e+00 0.000000000000000000e+00 1.039894576994629145e+09 1.039894576994629145e+09 1.222949840385107756e+09 1.222949840385107756e+09 2.847072124481201172e+00 0.000000000000000000e+00 0.000000000000000000e+00
8.900000000000000000e+01 2.500000000000000000e+00 4.000000000000000000e+00 0.000000000000000000e+00 1.039894576994629145e+09 1.039894576994629145e+09 1.222949840385107756e+09 1.222949840385107756e+09 2.905218839645385742e+00 0.000000000000000000e+00 0.000000000000000000e+00
8.900000000000000000e+01 2.250000000000000000e+00 4.000000000000000000e+00 0.000000000000000000e+00 1.039894576994629145e+09 1.039894576994629145e+09 1.222949840385107756e+09 1.222949840385107756e+09 2.868627071380615234e+00 0.000000000000000000e+00 0.000000000000000000e+00
8.900000000000000000e+01 2.000000000000000000e+00 4.000000000000000000e+00 0.000000000000000000e+00 1.039894576994629145e+09 1.039894576994629145e+09 1.222949840385107756e+09 1.222949840385107756e+09 2.866975069046020508e+00 0.000000000000000000e+00 0.000000000000000000e+00
8.900000000000000000e+01 1.750000000000000000e+00 4.000000000000000000e+00 0.000000000000000000e+00 1.039894576994629145e+09 1.039894576994629145e+09 1.222949840385107756e+09 1.222949840385107756e+09 2.868810892105102539e+00 0.000000000000000000e+00 0.000000000000000000e+00
8.900000000000000000e+01 1.500000000000000000e+00 4.000000000000000000e+00 0.000000000000000000e+00 1.039894576994629145e+09 1.039894576994629145e+09 1.222949840385107756e+09 1.222949840385107756e+09 2.926440000534057617e+00 0.000000000000000000e+00 0.000000000000000000e+00
8.900000000000000000e+01 1.250000000000000000e+00 4.000000000000000000e+00 0.000000000000000000e+00 1.039894576994629145e+09 1.039894576994629145e+09 1.222949840385107756e+09 1.222949840385107756e+09 2.858110189437866211e+00 0.000000000000000000e+00 0.000000000000000000e+00
8.900000000000000000e+01 1.000000000000000000e+00 4.000000000000000000e+00 0.000000000000000000e+00 1.039894576994629145e+09 1.039894576994629145e+09 1.222949840385107756e+09 1.222949840385107756e+09 2.948512077331542969e+00 0.000000000000000000e+00 0.000000000000000000e+00
8.900000000000000000e+01 1.000000000000000000e+00 4.000000000000000000e+00 5.000000000000000000e+00 1.039894576994629145e+09 1.039894576994629145e+09 1.222949840385107756e+09 1.222949840385107756e+09 2.847561120986938477e+00 0.000000000000000000e+00 0.000000000000000000e+00
