# run number, exp fac, ti calc, ti opt, aep init calc (kW), aep init opt (kW), aep run calc (kW), aep run opt (kW), run time (s), obj func calls, sens func calls
4.700000000000000000e+01 3.000000000000000000e+00 4.000000000000000000e+00 0.000000000000000000e+00 1.028901694954838514e+09 1.028901694954838514e+09 1.226417894210530043e+09 1.226417894210530043e+09 2.331673400402069092e+02 0.000000000000000000e+00 0.000000000000000000e+00
4.700000000000000000e+01 2.750000000000000000e+00 4.000000000000000000e+00 0.000000000000000000e+00 1.028901694954838514e+09 1.028901694954838514e+09 1.226417894210530043e+09 1.226417894210530043e+09 2.031733989715576172e+00 0.000000000000000000e+00 0.000000000000000000e+00
4.700000000000000000e+01 2.500000000000000000e+00 4.000000000000000000e+00 0.000000000000000000e+00 1.028901694954838514e+09 1.028901694954838514e+09 1.226417894210530043e+09 1.226417894210530043e+09 2.120136976242065430e+00 0.000000000000000000e+00 0.000000000000000000e+00
4.700000000000000000e+01 2.250000000000000000e+00 4.000000000000000000e+00 0.000000000000000000e+00 1.028901694954838514e+09 1.028901694954838514e+09 1.226417894210530043e+09 1.226417894210530043e+09 2.103815793991088867e+00 0.000000000000000000e+00 0.000000000000000000e+00
4.700000000000000000e+01 2.000000000000000000e+00 4.000000000000000000e+00 0.000000000000000000e+00 1.028901694954838514e+09 1.028901694954838514e+09 1.226417894210530043e+09 1.226417894210530043e+09 2.084646940231323242e+00 0.000000000000000000e+00 0.000000000000000000e+00
4.700000000000000000e+01 1.750000000000000000e+00 4.000000000000000000e+00 0.000000000000000000e+00 1.028901694954838514e+09 1.028901694954838514e+09 1.226417894210530043e+09 1.226417894210530043e+09 2.079360961914062500e+00 0.000000000000000000e+00 0.000000000000000000e+00
4.700000000000000000e+01 1.500000000000000000e+00 4.000000000000000000e+00 0.000000000000000000e+00 1.028901694954838514e+09 1.028901694954838514e+09 1.226417894210530043e+09 1.226417894210530043e+09 2.024748086929321289e+00 0.000000000000000000e+00 0.000000000000000000e+00
4.700000000000000000e+01 1.250000000000000000e+00 4.000000000000000000e+00 0.000000000000000000e+00 1.028901694954838514e+09 1.028901694954838514e+09 1.226417894210530043e+09 1.226417894210530043e+09 1.966722011566162109e+00 0.000000000000000000e+00 0.000000000000000000e+00
4.700000000000000000e+01 1.000000000000000000e+00 4.000000000000000000e+00 0.000000000000000000e+00 1.028901694954838514e+09 1.028901694954838514e+09 1.226417894210530043e+09 1.226417894210530043e+09 1.946679115295410156e+00 0.000000000000000000e+00 0.000000000000000000e+00
4.700000000000000000e+01 1.000000000000000000e+00 4.000000000000000000e+00 5.000000000000000000e+00 1.028901694954838514e+09 1.028901694954838514e+09 1.226417894210530043e+09 1.226417894210530043e+09 2.030063152313232422e+00 0.000000000000000000e+00 0.000000000000000000e+00
