# run number, exp fac, ti calc, ti opt, aep init calc (kW), aep init opt (kW), aep run calc (kW), aep run opt (kW), run time (s), obj func calls, sens func calls
6.200000000000000000e+01 3.000000000000000000e+00 4.000000000000000000e+00 0.000000000000000000e+00 1.076920366891457558e+09 1.076920366891457558e+09 1.236966152989155769e+09 1.236966152989155769e+09 6.179995830059051514e+02 0.000000000000000000e+00 0.000000000000000000e+00
6.200000000000000000e+01 2.750000000000000000e+00 4.000000000000000000e+00 0.000000000000000000e+00 1.076920366891457558e+09 1.076920366891457558e+09 1.236966152989155769e+09 1.236966152989155769e+09 2.865822076797485352e+00 0.000000000000000000e+00 0.000000000000000000e+00
6.200000000000000000e+01 2.500000000000000000e+00 4.000000000000000000e+00 0.000000000000000000e+00 1.076920366891457558e+09 1.076920366891457558e+09 1.236966152989155769e+09 1.236966152989155769e+09 2.803369998931884766e+00 0.000000000000000000e+00 0.000000000000000000e+00
6.200000000000000000e+01 2.250000000000000000e+00 4.000000000000000000e+00 0.000000000000000000e+00 1.076920366891457558e+09 1.076920366891457558e+09 1.236966152989155769e+09 1.236966152989155769e+09 2.866476058959960938e+00 0.000000000000000000e+00 0.000000000000000000e+00
6.200000000000000000e+01 2.000000000000000000e+00 4.000000000000000000e+00 0.000000000000000000e+00 1.076920366891457558e+09 1.076920366891457558e+09 1.236966152989155769e+09 1.236966152989155769e+09 2.828307867050170898e+00 0.000000000000000000e+00 0.000000000000000000e+00
6.200000000000000000e+01 1.750000000000000000e+00 4.000000000000000000e+00 0.000000000000000000e+00 1.076920366891457558e+09 1.076920366891457558e+09 1.236966152989155769e+09 1.236966152989155769e+09 2.862862110137939453e+00 0.000000000000000000e+00 0.000000000000000000e+00
6.200000000000000000e+01 1.500000000000000000e+00 4.000000000000000000e+00 0.000000000000000000e+00 1.076920366891457558e+09 1.076920366891457558e+09 1.236966152989155769e+09 1.236966152989155769e+09 2.839478015899658203e+00 0.000000000000000000e+00 0.000000000000000000e+00
6.200000000000000000e+01 1.250000000000000000e+00 4.000000000000000000e+00 0.000000000000000000e+00 1.076920366891457558e+09 1.076920366891457558e+09 1.236966152989155769e+09 1.236966152989155769e+09 2.906403064727783203e+00 0.000000000000000000e+00 0.000000000000000000e+00
6.200000000000000000e+01 1.000000000000000000e+00 4.000000000000000000e+00 0.000000000000000000e+00 1.076920366891457558e+09 1.076920366891457558e+09 1.236966152989155769e+09 1.236966152989155769e+09 2.927836894989013672e+00 0.000000000000000000e+00 0.000000000000000000e+00
6.200000000000000000e+01 1.000000000000000000e+00 4.000000000000000000e+00 5.000000000000000000e+00 1.076920366891457558e+09 1.076920366891457558e+09 1.236966152989155769e+09 1.236966152989155769e+09 2.868471860885620117e+00 0.000000000000000000e+00 0.000000000000000000e+00
