# run number, exp fac, ti calc, ti opt, aep init calc (kW), aep init opt (kW), aep run calc (kW), aep run opt (kW), run time (s), obj func calls, sens func calls
5.500000000000000000e+01 3.000000000000000000e+00 4.000000000000000000e+00 0.000000000000000000e+00 1.066272923399208784e+09 1.066272923399208784e+09 1.222927426600139856e+09 1.222927426600139856e+09 5.734990119934082031e+02 0.000000000000000000e+00 0.000000000000000000e+00
5.500000000000000000e+01 2.750000000000000000e+00 4.000000000000000000e+00 0.000000000000000000e+00 1.066272923399208784e+09 1.066272923399208784e+09 1.222927426600139856e+09 1.222927426600139856e+09 2.576467990875244141e+00 0.000000000000000000e+00 0.000000000000000000e+00
5.500000000000000000e+01 2.500000000000000000e+00 4.000000000000000000e+00 0.000000000000000000e+00 1.066272923399208784e+09 1.066272923399208784e+09 1.222927426600139856e+09 1.222927426600139856e+09 2.562691926956176758e+00 0.000000000000000000e+00 0.000000000000000000e+00
5.500000000000000000e+01 2.250000000000000000e+00 4.000000000000000000e+00 0.000000000000000000e+00 1.066272923399208784e+09 1.066272923399208784e+09 1.222927426600139856e+09 1.222927426600139856e+09 2.557526111602783203e+00 0.000000000000000000e+00 0.000000000000000000e+00
5.500000000000000000e+01 2.000000000000000000e+00 4.000000000000000000e+00 0.000000000000000000e+00 1.066272923399208784e+09 1.066272923399208784e+09 1.222927426600139856e+09 1.222927426600139856e+09 2.598294973373413086e+00 0.000000000000000000e+00 0.000000000000000000e+00
5.500000000000000000e+01 1.750000000000000000e+00 4.000000000000000000e+00 0.000000000000000000e+00 1.066272923399208784e+09 1.066272923399208784e+09 1.222927426600139856e+09 1.222927426600139856e+09 2.579466819763183594e+00 0.000000000000000000e+00 0.000000000000000000e+00
5.500000000000000000e+01 1.500000000000000000e+00 4.000000000000000000e+00 0.000000000000000000e+00 1.066272923399208784e+09 1.066272923399208784e+09 1.222927426600139856e+09 1.222927426600139856e+09 2.546719074249267578e+00 0.000000000000000000e+00 0.000000000000000000e+00
5.500000000000000000e+01 1.250000000000000000e+00 4.000000000000000000e+00 0.000000000000000000e+00 1.066272923399208784e+09 1.066272923399208784e+09 1.222927426600139856e+09 1.222927426600139856e+09 2.575357198715209961e+00 0.000000000000000000e+00 0.000000000000000000e+00
5.500000000000000000e+01 1.000000000000000000e+00 4.000000000000000000e+00 0.000000000000000000e+00 1.066272923399208784e+09 1.066272923399208784e+09 1.222927426600139856e+09 1.222927426600139856e+09 2.556437015533447266e+00 0.000000000000000000e+00 0.000000000000000000e+00
5.500000000000000000e+01 1.000000000000000000e+00 4.000000000000000000e+00 5.000000000000000000e+00 1.066272923399208784e+09 1.066272923399208784e+09 1.222927426600139856e+09 1.222927426600139856e+09 2.627916097640991211e+00 0.000000000000000000e+00 0.000000000000000000e+00
