# run number, exp fac, ti calc, ti opt, aep init calc (kW), aep init opt (kW), aep run calc (kW), aep run opt (kW), run time (s), obj func calls, sens func calls
1.050000000000000000e+02 3.000000000000000000e+00 4.000000000000000000e+00 0.000000000000000000e+00 1.071720491631649375e+09 1.071720491631649375e+09 1.233052604126440048e+09 1.233052604126440048e+09 2.839040310382843018e+02 0.000000000000000000e+00 0.000000000000000000e+00
1.050000000000000000e+02 2.750000000000000000e+00 4.000000000000000000e+00 0.000000000000000000e+00 1.071720491631649375e+09 1.071720491631649375e+09 1.233052604126440048e+09 1.233052604126440048e+09 2.885122060775756836e+00 0.000000000000000000e+00 0.000000000000000000e+00
1.050000000000000000e+02 2.500000000000000000e+00 4.000000000000000000e+00 0.000000000000000000e+00 1.071720491631649375e+09 1.071720491631649375e+09 1.233052604126440048e+09 1.233052604126440048e+09 2.863020181655883789e+00 0.000000000000000000e+00 0.000000000000000000e+00
1.050000000000000000e+02 2.250000000000000000e+00 4.000000000000000000e+00 0.000000000000000000e+00 1.071720491631649375e+09 1.071720491631649375e+09 1.233052604126440048e+09 1.233052604126440048e+09 2.942785978317260742e+00 0.000000000000000000e+00 0.000000000000000000e+00
1.050000000000000000e+02 2.000000000000000000e+00 4.000000000000000000e+00 0.000000000000000000e+00 1.071720491631649375e+09 1.071720491631649375e+09 1.233052604126440048e+09 1.233052604126440048e+09 2.844698905944824219e+00 0.000000000000000000e+00 0.000000000000000000e+00
1.050000000000000000e+02 1.750000000000000000e+00 4.000000000000000000e+00 0.000000000000000000e+00 1.071720491631649375e+09 1.071720491631649375e+09 1.233052604126440048e+09 1.233052604126440048e+09 2.881691932678222656e+00 0.000000000000000000e+00 0.000000000000000000e+00
1.050000000000000000e+02 1.500000000000000000e+00 4.000000000000000000e+00 0.000000000000000000e+00 1.071720491631649375e+09 1.071720491631649375e+09 1.233052604126440048e+09 1.233052604126440048e+09 2.865403890609741211e+00 0.000000000000000000e+00 0.000000000000000000e+00
1.050000000000000000e+02 1.250000000000000000e+00 4.000000000000000000e+00 0.000000000000000000e+00 1.071720491631649375e+09 1.071720491631649375e+09 1.233052604126440048e+09 1.233052604126440048e+09 2.960435152053833008e+00 0.000000000000000000e+00 0.000000000000000000e+00
1.050000000000000000e+02 1.000000000000000000e+00 4.000000000000000000e+00 0.000000000000000000e+00 1.071720491631649375e+09 1.071720491631649375e+09 1.233052604126440048e+09 1.233052604126440048e+09 2.981656074523925781e+00 0.000000000000000000e+00 0.000000000000000000e+00
1.050000000000000000e+02 1.000000000000000000e+00 4.000000000000000000e+00 5.000000000000000000e+00 1.071720491631649375e+09 1.071720491631649375e+09 1.233052604126440048e+09 1.233052604126440048e+09 2.887683868408203125e+00 0.000000000000000000e+00 0.000000000000000000e+00
