# run number, exp fac, ti calc, ti opt, aep init calc (kW), aep init opt (kW), aep run calc (kW), aep run opt (kW), run time (s), obj func calls, sens func calls
6.400000000000000000e+01 3.000000000000000000e+00 4.000000000000000000e+00 0.000000000000000000e+00 9.883925132859494686e+08 9.883925132859494686e+08 1.211537949463125229e+09 1.211537949463125229e+09 2.924958360195159912e+02 0.000000000000000000e+00 0.000000000000000000e+00
6.400000000000000000e+01 2.750000000000000000e+00 4.000000000000000000e+00 0.000000000000000000e+00 9.883925132859494686e+08 9.883925132859494686e+08 1.211537949463125229e+09 1.211537949463125229e+09 2.108989000320434570e+00 0.000000000000000000e+00 0.000000000000000000e+00
6.400000000000000000e+01 2.500000000000000000e+00 4.000000000000000000e+00 0.000000000000000000e+00 9.883925132859494686e+08 9.883925132859494686e+08 1.211537949463125229e+09 1.211537949463125229e+09 2.051703929901123047e+00 0.000000000000000000e+00 0.000000000000000000e+00
6.400000000000000000e+01 2.250000000000000000e+00 4.000000000000000000e+00 0.000000000000000000e+00 9.883925132859494686e+08 9.883925132859494686e+08 1.211537949463125229e+09 1.211537949463125229e+09 2.093109846115112305e+00 0.000000000000000000e+00 0.000000000000000000e+00
6.400000000000000000e+01 2.000000000000000000e+00 4.000000000000000000e+00 0.000000000000000000e+00 9.883925132859494686e+08 9.883925132859494686e+08 1.211537949463125229e+09 1.211537949463125229e+09 2.012991905212402344e+00 0.000000000000000000e+00 0.000000000000000000e+00
6.400000000000000000e+01 1.750000000000000000e+00 4.000000000000000000e+00 0.000000000000000000e+00 9.883925132859494686e+08 9.883925132859494686e+08 1.211537949463125229e+09 1.211537949463125229e+09 2.036852121353149414e+00 0.000000000000000000e+00 0.000000000000000000e+00
6.400000000000000000e+01 1.500000000000000000e+00 4.000000000000000000e+00 0.000000000000000000e+00 9.883925132859494686e+08 9.883925132859494686e+08 1.211537949463125229e+09 1.211537949463125229e+09 2.092956066131591797e+00 0.000000000000000000e+00 0.000000000000000000e+00
6.400000000000000000e+01 1.250000000000000000e+00 4.000000000000000000e+00 0.000000000000000000e+00 9.883925132859494686e+08 9.883925132859494686e+08 1.211537949463125229e+09 1.211537949463125229e+09 2.070264816284179688e+00 0.000000000000000000e+00 0.000000000000000000e+00
6.400000000000000000e+01 1.000000000000000000e+00 4.000000000000000000e+00 0.000000000000000000e+00 9.883925132859494686e+08 9.883925132859494686e+08 1.211537949463125229e+09 1.211537949463125229e+09 2.126705884933471680e+00 0.000000000000000000e+00 0.000000000000000000e+00
6.400000000000000000e+01 1.000000000000000000e+00 4.000000000000000000e+00 5.000000000000000000e+00 9.883925132859494686e+08 9.883925132859494686e+08 1.211537949463125229e+09 1.211537949463125229e+09 2.121026992797851562e+00 0.000000000000000000e+00 0.000000000000000000e+00
