# run number, exp fac, ti calc, ti opt, aep init calc (kW), aep init opt (kW), aep run calc (kW), aep run opt (kW), run time (s), obj func calls, sens func calls
1.100000000000000000e+02 3.000000000000000000e+00 4.000000000000000000e+00 0.000000000000000000e+00 1.028775867092082381e+09 1.028775867092082381e+09 1.231260420166575432e+09 1.231260420166575432e+09 5.530220239162445068e+02 0.000000000000000000e+00 0.000000000000000000e+00
1.100000000000000000e+02 2.750000000000000000e+00 4.000000000000000000e+00 0.000000000000000000e+00 1.028775867092082381e+09 1.028775867092082381e+09 1.231260420166575432e+09 1.231260420166575432e+09 2.433688879013061523e+00 0.000000000000000000e+00 0.000000000000000000e+00
1.100000000000000000e+02 2.500000000000000000e+00 4.000000000000000000e+00 0.000000000000000000e+00 1.028775867092082381e+09 1.028775867092082381e+09 1.231260420166575432e+09 1.231260420166575432e+09 2.407932996749877930e+00 0.000000000000000000e+00 0.000000000000000000e+00
1.100000000000000000e+02 2.250000000000000000e+00 4.000000000000000000e+00 0.000000000000000000e+00 1.028775867092082381e+09 1.028775867092082381e+09 1.231260420166575432e+09 1.231260420166575432e+09 2.340818166732788086e+00 0.000000000000000000e+00 0.000000000000000000e+00
1.100000000000000000e+02 2.000000000000000000e+00 4.000000000000000000e+00 0.000000000000000000e+00 1.028775867092082381e+09 1.028775867092082381e+09 1.231260420166575432e+09 1.231260420166575432e+09 2.531525135040283203e+00 0.000000000000000000e+00 0.000000000000000000e+00
1.100000000000000000e+02 1.750000000000000000e+00 4.000000000000000000e+00 0.000000000000000000e+00 1.028775867092082381e+09 1.028775867092082381e+09 1.231260420166575432e+09 1.231260420166575432e+09 2.518315076828002930e+00 0.000000000000000000e+00 0.000000000000000000e+00
1.100000000000000000e+02 1.500000000000000000e+00 4.000000000000000000e+00 0.000000000000000000e+00 1.028775867092082381e+09 1.028775867092082381e+09 1.231260420166575432e+09 1.231260420166575432e+09 2.517319202423095703e+00 0.000000000000000000e+00 0.000000000000000000e+00
1.100000000000000000e+02 1.250000000000000000e+00 4.000000000000000000e+00 0.000000000000000000e+00 1.028775867092082381e+09 1.028775867092082381e+09 1.231260420166575432e+09 1.231260420166575432e+09 2.546993017196655273e+00 0.000000000000000000e+00 0.000000000000000000e+00
1.100000000000000000e+02 1.000000000000000000e+00 4.000000000000000000e+00 0.000000000000000000e+00 1.028775867092082381e+09 1.028775867092082381e+09 1.231260420166575432e+09 1.231260420166575432e+09 2.395074129104614258e+00 0.000000000000000000e+00 0.000000000000000000e+00
1.100000000000000000e+02 1.000000000000000000e+00 4.000000000000000000e+00 5.000000000000000000e+00 1.028775867092082381e+09 1.028775867092082381e+09 1.231260420166575432e+09 1.231260420166575432e+09 2.405347108840942383e+00 0.000000000000000000e+00 0.000000000000000000e+00
