# run number, exp fac, ti calc, ti opt, aep init calc (kW), aep init opt (kW), aep run calc (kW), aep run opt (kW), run time (s), obj func calls, sens func calls
1.870000000000000000e+02 3.000000000000000000e+00 4.000000000000000000e+00 0.000000000000000000e+00 1.067840060322042227e+09 1.067840060322042227e+09 1.234877067098190308e+09 1.234877067098190308e+09 3.892669818401336670e+02 0.000000000000000000e+00 0.000000000000000000e+00
1.870000000000000000e+02 2.750000000000000000e+00 4.000000000000000000e+00 0.000000000000000000e+00 1.067840060322042227e+09 1.067840060322042227e+09 1.234877067098999500e+09 1.234877067098999500e+09 3.162641048431396484e+00 0.000000000000000000e+00 0.000000000000000000e+00
1.870000000000000000e+02 2.500000000000000000e+00 4.000000000000000000e+00 0.000000000000000000e+00 1.067840060322042227e+09 1.067840060322042227e+09 1.234877067098999500e+09 1.234877067098999500e+09 1.663890123367309570e+00 0.000000000000000000e+00 0.000000000000000000e+00
1.870000000000000000e+02 2.250000000000000000e+00 4.000000000000000000e+00 0.000000000000000000e+00 1.067840060322042227e+09 1.067840060322042227e+09 1.234877067098999500e+09 1.234877067098999500e+09 1.709878921508789062e+00 0.000000000000000000e+00 0.000000000000000000e+00
1.870000000000000000e+02 2.000000000000000000e+00 4.000000000000000000e+00 0.000000000000000000e+00 1.067840060322042227e+09 1.067840060322042227e+09 1.234877067098999500e+09 1.234877067098999500e+09 1.686681985855102539e+00 0.000000000000000000e+00 0.000000000000000000e+00
1.870000000000000000e+02 1.750000000000000000e+00 4.000000000000000000e+00 0.000000000000000000e+00 1.067840060322042227e+09 1.067840060322042227e+09 1.234877067098999500e+09 1.234877067098999500e+09 1.707012176513671875e+00 0.000000000000000000e+00 0.000000000000000000e+00
1.870000000000000000e+02 1.500000000000000000e+00 4.000000000000000000e+00 0.000000000000000000e+00 1.067840060322042227e+09 1.067840060322042227e+09 1.234877067098999500e+09 1.234877067098999500e+09 1.731314897537231445e+00 0.000000000000000000e+00 0.000000000000000000e+00
1.870000000000000000e+02 1.250000000000000000e+00 4.000000000000000000e+00 0.000000000000000000e+00 1.067840060322042227e+09 1.067840060322042227e+09 1.234877067098999500e+09 1.234877067098999500e+09 1.664810180664062500e+00 0.000000000000000000e+00 0.000000000000000000e+00
1.870000000000000000e+02 1.000000000000000000e+00 4.000000000000000000e+00 0.000000000000000000e+00 1.067840060322042227e+09 1.067840060322042227e+09 1.234877067098999500e+09 1.234877067098999500e+09 1.647713899612426758e+00 0.000000000000000000e+00 0.000000000000000000e+00
1.870000000000000000e+02 1.000000000000000000e+00 4.000000000000000000e+00 5.000000000000000000e+00 1.067840060322042227e+09 1.067840060322042227e+09 1.234877067098999500e+09 1.234877067098999500e+09 1.698047161102294922e+00 0.000000000000000000e+00 0.000000000000000000e+00
