# run number, exp fac, ti calc, ti opt, aep init calc (kW), aep init opt (kW), aep run calc (kW), aep run opt (kW), run time (s), obj func calls, sens func calls
2.900000000000000000e+01 3.000000000000000000e+00 4.000000000000000000e+00 0.000000000000000000e+00 1.062358156849448085e+09 1.062358156849448085e+09 1.242020273316858053e+09 1.242020273316858053e+09 4.174151539802551270e+02 0.000000000000000000e+00 0.000000000000000000e+00
2.900000000000000000e+01 2.750000000000000000e+00 4.000000000000000000e+00 0.000000000000000000e+00 1.062358156849448085e+09 1.062358156849448085e+09 1.242020273316858053e+09 1.242020273316858053e+09 2.724176168441772461e+00 0.000000000000000000e+00 0.000000000000000000e+00
2.900000000000000000e+01 2.500000000000000000e+00 4.000000000000000000e+00 0.000000000000000000e+00 1.062358156849448085e+09 1.062358156849448085e+09 1.242020273316858053e+09 1.242020273316858053e+09 2.746488094329833984e+00 0.000000000000000000e+00 0.000000000000000000e+00
2.900000000000000000e+01 2.250000000000000000e+00 4.000000000000000000e+00 0.000000000000000000e+00 1.062358156849448085e+09 1.062358156849448085e+09 1.242020273316858053e+09 1.242020273316858053e+09 2.745851993560791016e+00 0.000000000000000000e+00 0.000000000000000000e+00
2.900000000000000000e+01 2.000000000000000000e+00 4.000000000000000000e+00 0.000000000000000000e+00 1.062358156849448085e+09 1.062358156849448085e+09 1.242020273316858053e+09 1.242020273316858053e+09 2.750510931015014648e+00 0.000000000000000000e+00 0.000000000000000000e+00
2.900000000000000000e+01 1.750000000000000000e+00 4.000000000000000000e+00 0.000000000000000000e+00 1.062358156849448085e+09 1.062358156849448085e+09 1.242020273316858053e+09 1.242020273316858053e+09 2.726624011993408203e+00 0.000000000000000000e+00 0.000000000000000000e+00
2.900000000000000000e+01 1.500000000000000000e+00 4.000000000000000000e+00 0.000000000000000000e+00 1.062358156849448085e+09 1.062358156849448085e+09 1.242020273316858053e+09 1.242020273316858053e+09 2.764414072036743164e+00 0.000000000000000000e+00 0.000000000000000000e+00
2.900000000000000000e+01 1.250000000000000000e+00 4.000000000000000000e+00 0.000000000000000000e+00 1.062358156849448085e+09 1.062358156849448085e+09 1.242020273316858053e+09 1.242020273316858053e+09 2.854282855987548828e+00 0.000000000000000000e+00 0.000000000000000000e+00
2.900000000000000000e+01 1.000000000000000000e+00 4.000000000000000000e+00 0.000000000000000000e+00 1.062358156849448085e+09 1.062358156849448085e+09 1.242020273316858053e+09 1.242020273316858053e+09 2.744749069213867188e+00 0.000000000000000000e+00 0.000000000000000000e+00
2.900000000000000000e+01 1.000000000000000000e+00 4.000000000000000000e+00 5.000000000000000000e+00 1.062358156849448085e+09 1.062358156849448085e+09 1.242020273316858053e+09 1.242020273316858053e+09 2.732906818389892578e+00 0.000000000000000000e+00 0.000000000000000000e+00
