# run number, exp fac, ti calc, ti opt, aep init calc (kW), aep init opt (kW), aep run calc (kW), aep run opt (kW), run time (s), obj func calls, sens func calls
2.100000000000000000e+01 3.000000000000000000e+00 4.000000000000000000e+00 0.000000000000000000e+00 1.047924252437562585e+09 1.047924252437562585e+09 1.237744380128870726e+09 1.237744380128870726e+09 6.189931180477142334e+02 0.000000000000000000e+00 0.000000000000000000e+00
2.100000000000000000e+01 2.750000000000000000e+00 4.000000000000000000e+00 0.000000000000000000e+00 1.047924252437562585e+09 1.047924252437562585e+09 1.237744380128870726e+09 1.237744380128870726e+09 2.780774831771850586e+00 0.000000000000000000e+00 0.000000000000000000e+00
2.100000000000000000e+01 2.500000000000000000e+00 4.000000000000000000e+00 0.000000000000000000e+00 1.047924252437562585e+09 1.047924252437562585e+09 1.237744380128870726e+09 1.237744380128870726e+09 2.715048074722290039e+00 0.000000000000000000e+00 0.000000000000000000e+00
2.100000000000000000e+01 2.250000000000000000e+00 4.000000000000000000e+00 0.000000000000000000e+00 1.047924252437562585e+09 1.047924252437562585e+09 1.237744380128870726e+09 1.237744380128870726e+09 2.621474981307983398e+00 0.000000000000000000e+00 0.000000000000000000e+00
2.100000000000000000e+01 2.000000000000000000e+00 4.000000000000000000e+00 0.000000000000000000e+00 1.047924252437562585e+09 1.047924252437562585e+09 1.237744380128870726e+09 1.237744380128870726e+09 2.666246175765991211e+00 0.000000000000000000e+00 0.000000000000000000e+00
2.100000000000000000e+01 1.750000000000000000e+00 4.000000000000000000e+00 0.000000000000000000e+00 1.047924252437562585e+09 1.047924252437562585e+09 1.237744380128870726e+09 1.237744380128870726e+09 2.812749862670898438e+00 0.000000000000000000e+00 0.000000000000000000e+00
2.100000000000000000e+01 1.500000000000000000e+00 4.000000000000000000e+00 0.000000000000000000e+00 1.047924252437562585e+09 1.047924252437562585e+09 1.237744380128870726e+09 1.237744380128870726e+09 2.837884902954101562e+00 0.000000000000000000e+00 0.000000000000000000e+00
2.100000000000000000e+01 1.250000000000000000e+00 4.000000000000000000e+00 0.000000000000000000e+00 1.047924252437562585e+09 1.047924252437562585e+09 1.237744380128870726e+09 1.237744380128870726e+09 2.797993898391723633e+00 0.000000000000000000e+00 0.000000000000000000e+00
2.100000000000000000e+01 1.000000000000000000e+00 4.000000000000000000e+00 0.000000000000000000e+00 1.047924252437562585e+09 1.047924252437562585e+09 1.237744380128870726e+09 1.237744380128870726e+09 2.779700994491577148e+00 0.000000000000000000e+00 0.000000000000000000e+00
2.100000000000000000e+01 1.000000000000000000e+00 4.000000000000000000e+00 5.000000000000000000e+00 1.047924252437562585e+09 1.047924252437562585e+09 1.237744380128870726e+09 1.237744380128870726e+09 2.815500974655151367e+00 0.000000000000000000e+00 0.000000000000000000e+00
