# run number, exp fac, ti calc, ti opt, aep init calc (kW), aep init opt (kW), aep run calc (kW), aep run opt (kW), run time (s), obj func calls, sens func calls
1.310000000000000000e+02 3.000000000000000000e+00 4.000000000000000000e+00 0.000000000000000000e+00 1.022837723903645396e+09 1.022837723903645396e+09 1.236069105840062380e+09 1.236069105840062380e+09 5.201922399997711182e+02 0.000000000000000000e+00 0.000000000000000000e+00
1.310000000000000000e+02 2.750000000000000000e+00 4.000000000000000000e+00 0.000000000000000000e+00 1.022837723903645396e+09 1.022837723903645396e+09 1.236069105840062380e+09 1.236069105840062380e+09 2.720243930816650391e+00 0.000000000000000000e+00 0.000000000000000000e+00
1.310000000000000000e+02 2.500000000000000000e+00 4.000000000000000000e+00 0.000000000000000000e+00 1.022837723903645396e+09 1.022837723903645396e+09 1.236069105840062380e+09 1.236069105840062380e+09 2.654545783996582031e+00 0.000000000000000000e+00 0.000000000000000000e+00
1.310000000000000000e+02 2.250000000000000000e+00 4.000000000000000000e+00 0.000000000000000000e+00 1.022837723903645396e+09 1.022837723903645396e+09 1.236069105840062380e+09 1.236069105840062380e+09 2.822014093399047852e+00 0.000000000000000000e+00 0.000000000000000000e+00
1.310000000000000000e+02 2.000000000000000000e+00 4.000000000000000000e+00 0.000000000000000000e+00 1.022837723903645396e+09 1.022837723903645396e+09 1.236069105840062380e+09 1.236069105840062380e+09 2.762657165527343750e+00 0.000000000000000000e+00 0.000000000000000000e+00
1.310000000000000000e+02 1.750000000000000000e+00 4.000000000000000000e+00 0.000000000000000000e+00 1.022837723903645396e+09 1.022837723903645396e+09 1.236069105840062380e+09 1.236069105840062380e+09 2.573405981063842773e+00 0.000000000000000000e+00 0.000000000000000000e+00
1.310000000000000000e+02 1.500000000000000000e+00 4.000000000000000000e+00 0.000000000000000000e+00 1.022837723903645396e+09 1.022837723903645396e+09 1.236069105840062380e+09 1.236069105840062380e+09 2.578052043914794922e+00 0.000000000000000000e+00 0.000000000000000000e+00
1.310000000000000000e+02 1.250000000000000000e+00 4.000000000000000000e+00 0.000000000000000000e+00 1.022837723903645396e+09 1.022837723903645396e+09 1.236069105840062380e+09 1.236069105840062380e+09 2.814822912216186523e+00 0.000000000000000000e+00 0.000000000000000000e+00
1.310000000000000000e+02 1.000000000000000000e+00 4.000000000000000000e+00 0.000000000000000000e+00 1.022837723903645396e+09 1.022837723903645396e+09 1.236069105840062380e+09 1.236069105840062380e+09 2.527536869049072266e+00 0.000000000000000000e+00 0.000000000000000000e+00
1.310000000000000000e+02 1.000000000000000000e+00 4.000000000000000000e+00 5.000000000000000000e+00 1.022837723903645396e+09 1.022837723903645396e+09 1.236069105840062380e+09 1.236069105840062380e+09 2.671777009963989258e+00 0.000000000000000000e+00 0.000000000000000000e+00
