# run number, exp fac, ti calc, ti opt, aep init calc (kW), aep init opt (kW), aep run calc (kW), aep run opt (kW), run time (s), obj func calls, sens func calls
1.500000000000000000e+02 3.000000000000000000e+00 4.000000000000000000e+00 0.000000000000000000e+00 1.023464070586176157e+09 1.023464070586176157e+09 1.235958165484135628e+09 1.235958165484135628e+09 2.940517630577087402e+02 0.000000000000000000e+00 0.000000000000000000e+00
1.500000000000000000e+02 2.750000000000000000e+00 4.000000000000000000e+00 0.000000000000000000e+00 1.023464070586176157e+09 1.023464070586176157e+09 1.235958165484135628e+09 1.235958165484135628e+09 2.172953844070434570e+00 0.000000000000000000e+00 0.000000000000000000e+00
1.500000000000000000e+02 2.500000000000000000e+00 4.000000000000000000e+00 0.000000000000000000e+00 1.023464070586176157e+09 1.023464070586176157e+09 1.235958165484135628e+09 1.235958165484135628e+09 2.095402956008911133e+00 0.000000000000000000e+00 0.000000000000000000e+00
1.500000000000000000e+02 2.250000000000000000e+00 4.000000000000000000e+00 0.000000000000000000e+00 1.023464070586176157e+09 1.023464070586176157e+09 1.235958165484135628e+09 1.235958165484135628e+09 2.106503009796142578e+00 0.000000000000000000e+00 0.000000000000000000e+00
1.500000000000000000e+02 2.000000000000000000e+00 4.000000000000000000e+00 0.000000000000000000e+00 1.023464070586176157e+09 1.023464070586176157e+09 1.235958165484135628e+09 1.235958165484135628e+09 2.107545137405395508e+00 0.000000000000000000e+00 0.000000000000000000e+00
1.500000000000000000e+02 1.750000000000000000e+00 4.000000000000000000e+00 0.000000000000000000e+00 1.023464070586176157e+09 1.023464070586176157e+09 1.235958165484135628e+09 1.235958165484135628e+09 2.125330924987792969e+00 0.000000000000000000e+00 0.000000000000000000e+00
1.500000000000000000e+02 1.500000000000000000e+00 4.000000000000000000e+00 0.000000000000000000e+00 1.023464070586176157e+09 1.023464070586176157e+09 1.235958165484135628e+09 1.235958165484135628e+09 2.107652187347412109e+00 0.000000000000000000e+00 0.000000000000000000e+00
1.500000000000000000e+02 1.250000000000000000e+00 4.000000000000000000e+00 0.000000000000000000e+00 1.023464070586176157e+09 1.023464070586176157e+09 1.235958165484135628e+09 1.235958165484135628e+09 2.135924100875854492e+00 0.000000000000000000e+00 0.000000000000000000e+00
1.500000000000000000e+02 1.000000000000000000e+00 4.000000000000000000e+00 0.000000000000000000e+00 1.023464070586176157e+09 1.023464070586176157e+09 1.235958165484135628e+09 1.235958165484135628e+09 2.121613979339599609e+00 0.000000000000000000e+00 0.000000000000000000e+00
1.500000000000000000e+02 1.000000000000000000e+00 4.000000000000000000e+00 5.000000000000000000e+00 1.023464070586176157e+09 1.023464070586176157e+09 1.235958165484135628e+09 1.235958165484135628e+09 2.124404907226562500e+00 0.000000000000000000e+00 0.000000000000000000e+00
