# run number, exp fac, ti calc, ti opt, aep init calc (kW), aep init opt (kW), aep run calc (kW), aep run opt (kW), run time (s), obj func calls, sens func calls
2.400000000000000000e+01 3.000000000000000000e+00 4.000000000000000000e+00 0.000000000000000000e+00 1.023117644069554806e+09 1.023117644069554806e+09 1.241895541621697426e+09 1.241895541621697426e+09 7.078090710639953613e+02 0.000000000000000000e+00 0.000000000000000000e+00
2.400000000000000000e+01 2.750000000000000000e+00 4.000000000000000000e+00 0.000000000000000000e+00 1.023117644069554806e+09 1.023117644069554806e+09 1.241895541621697426e+09 1.241895541621697426e+09 2.687221050262451172e+00 0.000000000000000000e+00 0.000000000000000000e+00
2.400000000000000000e+01 2.500000000000000000e+00 4.000000000000000000e+00 0.000000000000000000e+00 1.023117644069554806e+09 1.023117644069554806e+09 1.241895541621697426e+09 1.241895541621697426e+09 2.639055013656616211e+00 0.000000000000000000e+00 0.000000000000000000e+00
2.400000000000000000e+01 2.250000000000000000e+00 4.000000000000000000e+00 0.000000000000000000e+00 1.023117644069554806e+09 1.023117644069554806e+09 1.241895541621697426e+09 1.241895541621697426e+09 2.710896015167236328e+00 0.000000000000000000e+00 0.000000000000000000e+00
2.400000000000000000e+01 2.000000000000000000e+00 4.000000000000000000e+00 0.000000000000000000e+00 1.023117644069554806e+09 1.023117644069554806e+09 1.241895541621697426e+09 1.241895541621697426e+09 4.036421060562133789e+00 0.000000000000000000e+00 0.000000000000000000e+00
2.400000000000000000e+01 1.750000000000000000e+00 4.000000000000000000e+00 0.000000000000000000e+00 1.023117644069554806e+09 1.023117644069554806e+09 1.241895541621697426e+09 1.241895541621697426e+09 2.754265069961547852e+00 0.000000000000000000e+00 0.000000000000000000e+00
2.400000000000000000e+01 1.500000000000000000e+00 4.000000000000000000e+00 0.000000000000000000e+00 1.023117644069554806e+09 1.023117644069554806e+09 1.241895541621697426e+09 1.241895541621697426e+09 2.762638092041015625e+00 0.000000000000000000e+00 0.000000000000000000e+00
2.400000000000000000e+01 1.250000000000000000e+00 4.000000000000000000e+00 0.000000000000000000e+00 1.023117644069554806e+09 1.023117644069554806e+09 1.241895541621697426e+09 1.241895541621697426e+09 2.671531915664672852e+00 0.000000000000000000e+00 0.000000000000000000e+00
2.400000000000000000e+01 1.000000000000000000e+00 4.000000000000000000e+00 0.000000000000000000e+00 1.023117644069554806e+09 1.023117644069554806e+09 1.241895541621697426e+09 1.241895541621697426e+09 2.722321033477783203e+00 0.000000000000000000e+00 0.000000000000000000e+00
2.400000000000000000e+01 1.000000000000000000e+00 4.000000000000000000e+00 5.000000000000000000e+00 1.023117644069554806e+09 1.023117644069554806e+09 1.241895541621697426e+09 1.241895541621697426e+09 2.638990163803100586e+00 0.000000000000000000e+00 0.000000000000000000e+00
