# run number, exp fac, ti calc, ti opt, aep init calc (kW), aep init opt (kW), aep run calc (kW), aep run opt (kW), run time (s), obj func calls, sens func calls
1.370000000000000000e+02 3.000000000000000000e+00 4.000000000000000000e+00 0.000000000000000000e+00 1.080052037729894876e+09 1.080052037729894876e+09 1.230818870355668545e+09 1.230818870355668545e+09 4.600043079853057861e+02 0.000000000000000000e+00 0.000000000000000000e+00
1.370000000000000000e+02 2.750000000000000000e+00 4.000000000000000000e+00 0.000000000000000000e+00 1.080052037729894876e+09 1.080052037729894876e+09 1.230818870355668545e+09 1.230818870355668545e+09 2.659095048904418945e+00 0.000000000000000000e+00 0.000000000000000000e+00
1.370000000000000000e+02 2.500000000000000000e+00 4.000000000000000000e+00 0.000000000000000000e+00 1.080052037729894876e+09 1.080052037729894876e+09 1.230818870355668545e+09 1.230818870355668545e+09 2.711954832077026367e+00 0.000000000000000000e+00 0.000000000000000000e+00
1.370000000000000000e+02 2.250000000000000000e+00 4.000000000000000000e+00 0.000000000000000000e+00 1.080052037729894876e+09 1.080052037729894876e+09 1.230818870355668545e+09 1.230818870355668545e+09 2.616913080215454102e+00 0.000000000000000000e+00 0.000000000000000000e+00
1.370000000000000000e+02 2.000000000000000000e+00 4.000000000000000000e+00 0.000000000000000000e+00 1.080052037729894876e+09 1.080052037729894876e+09 1.230818870355668545e+09 1.230818870355668545e+09 2.618958950042724609e+00 0.000000000000000000e+00 0.000000000000000000e+00
1.370000000000000000e+02 1.750000000000000000e+00 4.000000000000000000e+00 0.000000000000000000e+00 1.080052037729894876e+09 1.080052037729894876e+09 1.230818870355668545e+09 1.230818870355668545e+09 2.869927883148193359e+00 0.000000000000000000e+00 0.000000000000000000e+00
1.370000000000000000e+02 1.500000000000000000e+00 4.000000000000000000e+00 0.000000000000000000e+00 1.080052037729894876e+09 1.080052037729894876e+09 1.230818870355668545e+09 1.230818870355668545e+09 2.760596036911010742e+00 0.000000000000000000e+00 0.000000000000000000e+00
1.370000000000000000e+02 1.250000000000000000e+00 4.000000000000000000e+00 0.000000000000000000e+00 1.080052037729894876e+09 1.080052037729894876e+09 1.230818870355668545e+09 1.230818870355668545e+09 2.578557968139648438e+00 0.000000000000000000e+00 0.000000000000000000e+00
1.370000000000000000e+02 1.000000000000000000e+00 4.000000000000000000e+00 0.000000000000000000e+00 1.080052037729894876e+09 1.080052037729894876e+09 1.230818870355668545e+09 1.230818870355668545e+09 2.592528104782104492e+00 0.000000000000000000e+00 0.000000000000000000e+00
1.370000000000000000e+02 1.000000000000000000e+00 4.000000000000000000e+00 5.000000000000000000e+00 1.080052037729894876e+09 1.080052037729894876e+09 1.230818870355668545e+09 1.230818870355668545e+09 2.612148046493530273e+00 0.000000000000000000e+00 0.000000000000000000e+00
