# run number, exp fac, ti calc, ti opt, aep init calc (kW), aep init opt (kW), aep run calc (kW), aep run opt (kW), run time (s), obj func calls, sens func calls
1.000000000000000000e+02 3.000000000000000000e+00 4.000000000000000000e+00 0.000000000000000000e+00 1.067901561483671665e+09 1.067901561483671665e+09 1.236178484800326586e+09 1.236178484800326586e+09 3.475766439437866211e+02 0.000000000000000000e+00 0.000000000000000000e+00
1.000000000000000000e+02 2.750000000000000000e+00 4.000000000000000000e+00 0.000000000000000000e+00 1.067901561483671665e+09 1.067901561483671665e+09 1.236178484800326586e+09 1.236178484800326586e+09 2.909160137176513672e+00 0.000000000000000000e+00 0.000000000000000000e+00
1.000000000000000000e+02 2.500000000000000000e+00 4.000000000000000000e+00 0.000000000000000000e+00 1.067901561483671665e+09 1.067901561483671665e+09 1.236178484800326586e+09 1.236178484800326586e+09 2.923157215118408203e+00 0.000000000000000000e+00 0.000000000000000000e+00
1.000000000000000000e+02 2.250000000000000000e+00 4.000000000000000000e+00 0.000000000000000000e+00 1.067901561483671665e+09 1.067901561483671665e+09 1.236178484800326586e+09 1.236178484800326586e+09 2.909595966339111328e+00 0.000000000000000000e+00 0.000000000000000000e+00
1.000000000000000000e+02 2.000000000000000000e+00 4.000000000000000000e+00 0.000000000000000000e+00 1.067901561483671665e+09 1.067901561483671665e+09 1.236178484800326586e+09 1.236178484800326586e+09 2.931534051895141602e+00 0.000000000000000000e+00 0.000000000000000000e+00
1.000000000000000000e+02 1.750000000000000000e+00 4.000000000000000000e+00 0.000000000000000000e+00 1.067901561483671665e+09 1.067901561483671665e+09 1.236178484800326586e+09 1.236178484800326586e+09 2.935684204101562500e+00 0.000000000000000000e+00 0.000000000000000000e+00
1.000000000000000000e+02 1.500000000000000000e+00 4.000000000000000000e+00 0.000000000000000000e+00 1.067901561483671665e+09 1.067901561483671665e+09 1.236178484800326586e+09 1.236178484800326586e+09 2.918029069900512695e+00 0.000000000000000000e+00 0.000000000000000000e+00
1.000000000000000000e+02 1.250000000000000000e+00 4.000000000000000000e+00 0.000000000000000000e+00 1.067901561483671665e+09 1.067901561483671665e+09 1.236178484800326586e+09 1.236178484800326586e+09 2.910331010818481445e+00 0.000000000000000000e+00 0.000000000000000000e+00
1.000000000000000000e+02 1.000000000000000000e+00 4.000000000000000000e+00 0.000000000000000000e+00 1.067901561483671665e+09 1.067901561483671665e+09 1.236178484800326586e+09 1.236178484800326586e+09 2.917986154556274414e+00 0.000000000000000000e+00 0.000000000000000000e+00
1.000000000000000000e+02 1.000000000000000000e+00 4.000000000000000000e+00 5.000000000000000000e+00 1.067901561483671665e+09 1.067901561483671665e+09 1.236178484800326586e+09 1.236178484800326586e+09 2.901411056518554688e+00 0.000000000000000000e+00 0.000000000000000000e+00
