# run number, exp fac, ti calc, ti opt, aep init calc (kW), aep init opt (kW), aep run calc (kW), aep run opt (kW), run time (s), obj func calls, sens func calls
3.000000000000000000e+01 3.000000000000000000e+00 4.000000000000000000e+00 0.000000000000000000e+00 1.057473972485959768e+09 1.057473972485959768e+09 1.228731811092256546e+09 1.228731811092256546e+09 3.721448349952697754e+02 0.000000000000000000e+00 0.000000000000000000e+00
3.000000000000000000e+01 2.750000000000000000e+00 4.000000000000000000e+00 0.000000000000000000e+00 1.057473972485959768e+09 1.057473972485959768e+09 1.228731811092256546e+09 1.228731811092256546e+09 1.913053035736083984e+00 0.000000000000000000e+00 0.000000000000000000e+00
3.000000000000000000e+01 2.500000000000000000e+00 4.000000000000000000e+00 0.000000000000000000e+00 1.057473972485959768e+09 1.057473972485959768e+09 1.228731811092256546e+09 1.228731811092256546e+09 1.944644927978515625e+00 0.000000000000000000e+00 0.000000000000000000e+00
3.000000000000000000e+01 2.250000000000000000e+00 4.000000000000000000e+00 0.000000000000000000e+00 1.057473972485959768e+09 1.057473972485959768e+09 1.228731811092256546e+09 1.228731811092256546e+09 1.907388925552368164e+00 0.000000000000000000e+00 0.000000000000000000e+00
3.000000000000000000e+01 2.000000000000000000e+00 4.000000000000000000e+00 0.000000000000000000e+00 1.057473972485959768e+09 1.057473972485959768e+09 1.228731811092256546e+09 1.228731811092256546e+09 1.914565086364746094e+00 0.000000000000000000e+00 0.000000000000000000e+00
3.000000000000000000e+01 1.750000000000000000e+00 4.000000000000000000e+00 0.000000000000000000e+00 1.057473972485959768e+09 1.057473972485959768e+09 1.228731811092256546e+09 1.228731811092256546e+09 1.793381929397583008e+00 0.000000000000000000e+00 0.000000000000000000e+00
3.000000000000000000e+01 1.500000000000000000e+00 4.000000000000000000e+00 0.000000000000000000e+00 1.057473972485959768e+09 1.057473972485959768e+09 1.228731811092256546e+09 1.228731811092256546e+09 1.870478868484497070e+00 0.000000000000000000e+00 0.000000000000000000e+00
3.000000000000000000e+01 1.250000000000000000e+00 4.000000000000000000e+00 0.000000000000000000e+00 1.057473972485959768e+09 1.057473972485959768e+09 1.228731811092256546e+09 1.228731811092256546e+09 1.889163970947265625e+00 0.000000000000000000e+00 0.000000000000000000e+00
3.000000000000000000e+01 1.000000000000000000e+00 4.000000000000000000e+00 0.000000000000000000e+00 1.057473972485959768e+09 1.057473972485959768e+09 1.228731811092256546e+09 1.228731811092256546e+09 1.953180789947509766e+00 0.000000000000000000e+00 0.000000000000000000e+00
3.000000000000000000e+01 1.000000000000000000e+00 4.000000000000000000e+00 5.000000000000000000e+00 1.057473972485959768e+09 1.057473972485959768e+09 1.228731811092256546e+09 1.228731811092256546e+09 1.914896965026855469e+00 0.000000000000000000e+00 0.000000000000000000e+00
