# run number, exp fac, ti calc, ti opt, aep init calc (kW), aep init opt (kW), aep run calc (kW), aep run opt (kW), run time (s), obj func calls, sens func calls
4.100000000000000000e+01 3.000000000000000000e+00 4.000000000000000000e+00 0.000000000000000000e+00 1.057096666171333194e+09 1.057096666171333194e+09 1.253243480197830677e+09 1.253243480197830677e+09 2.424722352027893066e+02 0.000000000000000000e+00 0.000000000000000000e+00
4.100000000000000000e+01 2.750000000000000000e+00 4.000000000000000000e+00 0.000000000000000000e+00 1.057096666171333194e+09 1.057096666171333194e+09 1.253243480197830677e+09 1.253243480197830677e+09 2.157486915588378906e+00 0.000000000000000000e+00 0.000000000000000000e+00
4.100000000000000000e+01 2.500000000000000000e+00 4.000000000000000000e+00 0.000000000000000000e+00 1.057096666171333194e+09 1.057096666171333194e+09 1.253243480197830677e+09 1.253243480197830677e+09 2.152292013168334961e+00 0.000000000000000000e+00 0.000000000000000000e+00
4.100000000000000000e+01 2.250000000000000000e+00 4.000000000000000000e+00 0.000000000000000000e+00 1.057096666171333194e+09 1.057096666171333194e+09 1.253243480197830677e+09 1.253243480197830677e+09 2.121963977813720703e+00 0.000000000000000000e+00 0.000000000000000000e+00
4.100000000000000000e+01 2.000000000000000000e+00 4.000000000000000000e+00 0.000000000000000000e+00 1.057096666171333194e+09 1.057096666171333194e+09 1.253243480197830677e+09 1.253243480197830677e+09 2.088195085525512695e+00 0.000000000000000000e+00 0.000000000000000000e+00
4.100000000000000000e+01 1.750000000000000000e+00 4.000000000000000000e+00 0.000000000000000000e+00 1.057096666171333194e+09 1.057096666171333194e+09 1.253243480197830677e+09 1.253243480197830677e+09 2.103705167770385742e+00 0.000000000000000000e+00 0.000000000000000000e+00
4.100000000000000000e+01 1.500000000000000000e+00 4.000000000000000000e+00 0.000000000000000000e+00 1.057096666171333194e+09 1.057096666171333194e+09 1.253243480197830677e+09 1.253243480197830677e+09 2.184929132461547852e+00 0.000000000000000000e+00 0.000000000000000000e+00
4.100000000000000000e+01 1.250000000000000000e+00 4.000000000000000000e+00 0.000000000000000000e+00 1.057096666171333194e+09 1.057096666171333194e+09 1.253243480197830677e+09 1.253243480197830677e+09 2.101889133453369141e+00 0.000000000000000000e+00 0.000000000000000000e+00
4.100000000000000000e+01 1.000000000000000000e+00 4.000000000000000000e+00 0.000000000000000000e+00 1.057096666171333194e+09 1.057096666171333194e+09 1.253243480197830677e+09 1.253243480197830677e+09 2.102753877639770508e+00 0.000000000000000000e+00 0.000000000000000000e+00
4.100000000000000000e+01 1.000000000000000000e+00 4.000000000000000000e+00 5.000000000000000000e+00 1.057096666171333194e+09 1.057096666171333194e+09 1.253243480197830677e+09 1.253243480197830677e+09 2.086668014526367188e+00 0.000000000000000000e+00 0.000000000000000000e+00
