# run number, exp fac, ti calc, ti opt, aep init calc (kW), aep init opt (kW), aep run calc (kW), aep run opt (kW), run time (s), obj func calls, sens func calls
1.600000000000000000e+02 3.000000000000000000e+00 4.000000000000000000e+00 0.000000000000000000e+00 1.053030656656416297e+09 1.053030656656416297e+09 1.244868904173886061e+09 1.244868904173886061e+09 3.679352140426635742e+02 0.000000000000000000e+00 0.000000000000000000e+00
1.600000000000000000e+02 2.750000000000000000e+00 4.000000000000000000e+00 0.000000000000000000e+00 1.053030656656416297e+09 1.053030656656416297e+09 1.244868904173886061e+09 1.244868904173886061e+09 2.127535104751586914e+00 0.000000000000000000e+00 0.000000000000000000e+00
1.600000000000000000e+02 2.500000000000000000e+00 4.000000000000000000e+00 0.000000000000000000e+00 1.053030656656416297e+09 1.053030656656416297e+09 1.244868904173886061e+09 1.244868904173886061e+09 2.051876068115234375e+00 0.000000000000000000e+00 0.000000000000000000e+00
1.600000000000000000e+02 2.250000000000000000e+00 4.000000000000000000e+00 0.000000000000000000e+00 1.053030656656416297e+09 1.053030656656416297e+09 1.244868904173886061e+09 1.244868904173886061e+09 2.114764928817749023e+00 0.000000000000000000e+00 0.000000000000000000e+00
1.600000000000000000e+02 2.000000000000000000e+00 4.000000000000000000e+00 0.000000000000000000e+00 1.053030656656416297e+09 1.053030656656416297e+09 1.244868904173886061e+09 1.244868904173886061e+09 2.038468122482299805e+00 0.000000000000000000e+00 0.000000000000000000e+00
1.600000000000000000e+02 1.750000000000000000e+00 4.000000000000000000e+00 0.000000000000000000e+00 1.053030656656416297e+09 1.053030656656416297e+09 1.244868904173886061e+09 1.244868904173886061e+09 2.027426958084106445e+00 0.000000000000000000e+00 0.000000000000000000e+00
1.600000000000000000e+02 1.500000000000000000e+00 4.000000000000000000e+00 0.000000000000000000e+00 1.053030656656416297e+09 1.053030656656416297e+09 1.244868904173886061e+09 1.244868904173886061e+09 2.046104907989501953e+00 0.000000000000000000e+00 0.000000000000000000e+00
1.600000000000000000e+02 1.250000000000000000e+00 4.000000000000000000e+00 0.000000000000000000e+00 1.053030656656416297e+09 1.053030656656416297e+09 1.244868904173886061e+09 1.244868904173886061e+09 2.052782058715820312e+00 0.000000000000000000e+00 0.000000000000000000e+00
1.600000000000000000e+02 1.000000000000000000e+00 4.000000000000000000e+00 0.000000000000000000e+00 1.053030656656416297e+09 1.053030656656416297e+09 1.244868904173886061e+09 1.244868904173886061e+09 2.056835174560546875e+00 0.000000000000000000e+00 0.000000000000000000e+00
1.600000000000000000e+02 1.000000000000000000e+00 4.000000000000000000e+00 5.000000000000000000e+00 1.053030656656416297e+09 1.053030656656416297e+09 1.244868904173886061e+09 1.244868904173886061e+09 2.011126995086669922e+00 0.000000000000000000e+00 0.000000000000000000e+00
