# run number, exp fac, ti calc, ti opt, aep init calc (kW), aep init opt (kW), aep run calc (kW), aep run opt (kW), run time (s), obj func calls, sens func calls
5.100000000000000000e+01 3.000000000000000000e+00 4.000000000000000000e+00 0.000000000000000000e+00 1.046009753580177903e+09 1.046009753580177903e+09 1.239334927080472946e+09 1.239334927080472946e+09 4.151734249591827393e+02 0.000000000000000000e+00 0.000000000000000000e+00
5.100000000000000000e+01 2.750000000000000000e+00 4.000000000000000000e+00 0.000000000000000000e+00 1.046009753580177903e+09 1.046009753580177903e+09 1.239334927080472946e+09 1.239334927080472946e+09 2.879442930221557617e+00 0.000000000000000000e+00 0.000000000000000000e+00
5.100000000000000000e+01 2.500000000000000000e+00 4.000000000000000000e+00 0.000000000000000000e+00 1.046009753580177903e+09 1.046009753580177903e+09 1.239334927080472946e+09 1.239334927080472946e+09 2.842972040176391602e+00 0.000000000000000000e+00 0.000000000000000000e+00
5.100000000000000000e+01 2.250000000000000000e+00 4.000000000000000000e+00 0.000000000000000000e+00 1.046009753580177903e+09 1.046009753580177903e+09 1.239334927080472946e+09 1.239334927080472946e+09 2.881872892379760742e+00 0.000000000000000000e+00 0.000000000000000000e+00
5.100000000000000000e+01 2.000000000000000000e+00 4.000000000000000000e+00 0.000000000000000000e+00 1.046009753580177903e+09 1.046009753580177903e+09 1.239334927080472946e+09 1.239334927080472946e+09 2.865563154220581055e+00 0.000000000000000000e+00 0.000000000000000000e+00
5.100000000000000000e+01 1.750000000000000000e+00 4.000000000000000000e+00 0.000000000000000000e+00 1.046009753580177903e+09 1.046009753580177903e+09 1.239334927080472946e+09 1.239334927080472946e+09 2.732033014297485352e+00 0.000000000000000000e+00 0.000000000000000000e+00
5.100000000000000000e+01 1.500000000000000000e+00 4.000000000000000000e+00 0.000000000000000000e+00 1.046009753580177903e+09 1.046009753580177903e+09 1.239334927080472946e+09 1.239334927080472946e+09 2.658921003341674805e+00 0.000000000000000000e+00 0.000000000000000000e+00
5.100000000000000000e+01 1.250000000000000000e+00 4.000000000000000000e+00 0.000000000000000000e+00 1.046009753580177903e+09 1.046009753580177903e+09 1.239334927080472946e+09 1.239334927080472946e+09 2.673098087310791016e+00 0.000000000000000000e+00 0.000000000000000000e+00
5.100000000000000000e+01 1.000000000000000000e+00 4.000000000000000000e+00 0.000000000000000000e+00 1.046009753580177903e+09 1.046009753580177903e+09 1.239334927080472946e+09 1.239334927080472946e+09 2.573415994644165039e+00 0.000000000000000000e+00 0.000000000000000000e+00
5.100000000000000000e+01 1.000000000000000000e+00 4.000000000000000000e+00 5.000000000000000000e+00 1.046009753580177903e+09 1.046009753580177903e+09 1.239334927080472946e+09 1.239334927080472946e+09 2.716694116592407227e+00 0.000000000000000000e+00 0.000000000000000000e+00
