# run number, exp fac, ti calc, ti opt, aep init calc (kW), aep init opt (kW), aep run calc (kW), aep run opt (kW), run time (s), obj func calls, sens func calls
6.100000000000000000e+01 3.000000000000000000e+00 4.000000000000000000e+00 0.000000000000000000e+00 1.078953136422307014e+09 1.078953136422307014e+09 1.224197489149338961e+09 1.224197489149338961e+09 2.828554420471191406e+02 0.000000000000000000e+00 0.000000000000000000e+00
6.100000000000000000e+01 2.750000000000000000e+00 4.000000000000000000e+00 0.000000000000000000e+00 1.078953136422307014e+09 1.078953136422307014e+09 1.224197489149338961e+09 1.224197489149338961e+09 2.068773031234741211e+00 0.000000000000000000e+00 0.000000000000000000e+00
6.100000000000000000e+01 2.500000000000000000e+00 4.000000000000000000e+00 0.000000000000000000e+00 1.078953136422307014e+09 1.078953136422307014e+09 1.224197489149338961e+09 1.224197489149338961e+09 2.045655965805053711e+00 0.000000000000000000e+00 0.000000000000000000e+00
6.100000000000000000e+01 2.250000000000000000e+00 4.000000000000000000e+00 0.000000000000000000e+00 1.078953136422307014e+09 1.078953136422307014e+09 1.224197489149338961e+09 1.224197489149338961e+09 1.917803049087524414e+00 0.000000000000000000e+00 0.000000000000000000e+00
6.100000000000000000e+01 2.000000000000000000e+00 4.000000000000000000e+00 0.000000000000000000e+00 1.078953136422307014e+09 1.078953136422307014e+09 1.224197489149338961e+09 1.224197489149338961e+09 1.955294847488403320e+00 0.000000000000000000e+00 0.000000000000000000e+00
6.100000000000000000e+01 1.750000000000000000e+00 4.000000000000000000e+00 0.000000000000000000e+00 1.078953136422307014e+09 1.078953136422307014e+09 1.224197489149338961e+09 1.224197489149338961e+09 1.899698972702026367e+00 0.000000000000000000e+00 0.000000000000000000e+00
6.100000000000000000e+01 1.500000000000000000e+00 4.000000000000000000e+00 0.000000000000000000e+00 1.078953136422307014e+09 1.078953136422307014e+09 1.224197489149338961e+09 1.224197489149338961e+09 1.991202831268310547e+00 0.000000000000000000e+00 0.000000000000000000e+00
6.100000000000000000e+01 1.250000000000000000e+00 4.000000000000000000e+00 0.000000000000000000e+00 1.078953136422307014e+09 1.078953136422307014e+09 1.224197489149338961e+09 1.224197489149338961e+09 1.994992017745971680e+00 0.000000000000000000e+00 0.000000000000000000e+00
6.100000000000000000e+01 1.000000000000000000e+00 4.000000000000000000e+00 0.000000000000000000e+00 1.078953136422307014e+09 1.078953136422307014e+09 1.224197489149338961e+09 1.224197489149338961e+09 2.003028869628906250e+00 0.000000000000000000e+00 0.000000000000000000e+00
6.100000000000000000e+01 1.000000000000000000e+00 4.000000000000000000e+00 5.000000000000000000e+00 1.078953136422307014e+09 1.078953136422307014e+09 1.224197489149338961e+09 1.224197489149338961e+09 2.018816947937011719e+00 0.000000000000000000e+00 0.000000000000000000e+00
