# run number, exp fac, ti calc, ti opt, aep init calc (kW), aep init opt (kW), aep run calc (kW), aep run opt (kW), run time (s), obj func calls, sens func calls
1.970000000000000000e+02 3.000000000000000000e+00 4.000000000000000000e+00 0.000000000000000000e+00 1.033229372175161242e+09 1.033229372175161242e+09 1.211575754703879356e+09 1.211575754703879356e+09 3.001693820953369141e+02 0.000000000000000000e+00 0.000000000000000000e+00
1.970000000000000000e+02 2.750000000000000000e+00 4.000000000000000000e+00 0.000000000000000000e+00 1.033229372175161242e+09 1.033229372175161242e+09 1.211575754703879356e+09 1.211575754703879356e+09 1.599926948547363281e+00 0.000000000000000000e+00 0.000000000000000000e+00
1.970000000000000000e+02 2.500000000000000000e+00 4.000000000000000000e+00 0.000000000000000000e+00 1.033229372175161242e+09 1.033229372175161242e+09 1.211575754703879356e+09 1.211575754703879356e+09 1.505735874176025391e+00 0.000000000000000000e+00 0.000000000000000000e+00
1.970000000000000000e+02 2.250000000000000000e+00 4.000000000000000000e+00 0.000000000000000000e+00 1.033229372175161242e+09 1.033229372175161242e+09 1.211575754703879356e+09 1.211575754703879356e+09 1.559990167617797852e+00 0.000000000000000000e+00 0.000000000000000000e+00
1.970000000000000000e+02 2.000000000000000000e+00 4.000000000000000000e+00 0.000000000000000000e+00 1.033229372175161242e+09 1.033229372175161242e+09 1.211575754703879356e+09 1.211575754703879356e+09 1.502506971359252930e+00 0.000000000000000000e+00 0.000000000000000000e+00
1.970000000000000000e+02 1.750000000000000000e+00 4.000000000000000000e+00 0.000000000000000000e+00 1.033229372175161242e+09 1.033229372175161242e+09 1.211575754703879356e+09 1.211575754703879356e+09 1.519536018371582031e+00 0.000000000000000000e+00 0.000000000000000000e+00
1.970000000000000000e+02 1.500000000000000000e+00 4.000000000000000000e+00 0.000000000000000000e+00 1.033229372175161242e+09 1.033229372175161242e+09 1.211575754703879356e+09 1.211575754703879356e+09 1.507060050964355469e+00 0.000000000000000000e+00 0.000000000000000000e+00
1.970000000000000000e+02 1.250000000000000000e+00 4.000000000000000000e+00 0.000000000000000000e+00 1.033229372175161242e+09 1.033229372175161242e+09 1.211575754703879356e+09 1.211575754703879356e+09 1.557744026184082031e+00 0.000000000000000000e+00 0.000000000000000000e+00
1.970000000000000000e+02 1.000000000000000000e+00 4.000000000000000000e+00 0.000000000000000000e+00 1.033229372175161242e+09 1.033229372175161242e+09 1.211575754703879356e+09 1.211575754703879356e+09 1.517172098159790039e+00 0.000000000000000000e+00 0.000000000000000000e+00
1.970000000000000000e+02 1.000000000000000000e+00 4.000000000000000000e+00 5.000000000000000000e+00 1.033229372175161242e+09 1.033229372175161242e+09 1.211575754703879356e+09 1.211575754703879356e+09 1.538800001144409180e+00 0.000000000000000000e+00 0.000000000000000000e+00
