# run number, exp fac, ti calc, ti opt, aep init calc (kW), aep init opt (kW), aep run calc (kW), aep run opt (kW), run time (s), obj func calls, sens func calls
1.200000000000000000e+02 3.000000000000000000e+00 4.000000000000000000e+00 0.000000000000000000e+00 1.068193693589767694e+09 1.068193693589767694e+09 1.237675399193753719e+09 1.237675399193753719e+09 9.576401660442352295e+02 0.000000000000000000e+00 0.000000000000000000e+00
1.200000000000000000e+02 2.750000000000000000e+00 4.000000000000000000e+00 0.000000000000000000e+00 1.068193693589767694e+09 1.068193693589767694e+09 1.237675399193753719e+09 1.237675399193753719e+09 1.634213924407958984e+00 0.000000000000000000e+00 0.000000000000000000e+00
1.200000000000000000e+02 2.500000000000000000e+00 4.000000000000000000e+00 0.000000000000000000e+00 1.068193693589767694e+09 1.068193693589767694e+09 1.237675399193753719e+09 1.237675399193753719e+09 1.568825960159301758e+00 0.000000000000000000e+00 0.000000000000000000e+00
1.200000000000000000e+02 2.250000000000000000e+00 4.000000000000000000e+00 0.000000000000000000e+00 1.068193693589767694e+09 1.068193693589767694e+09 1.237675399193753719e+09 1.237675399193753719e+09 1.576390981674194336e+00 0.000000000000000000e+00 0.000000000000000000e+00
1.200000000000000000e+02 2.000000000000000000e+00 4.000000000000000000e+00 0.000000000000000000e+00 1.068193693589767694e+09 1.068193693589767694e+09 1.237675399193753719e+09 1.237675399193753719e+09 1.597862958908081055e+00 0.000000000000000000e+00 0.000000000000000000e+00
1.200000000000000000e+02 1.750000000000000000e+00 4.000000000000000000e+00 0.000000000000000000e+00 1.068193693589767694e+09 1.068193693589767694e+09 1.237675399193753719e+09 1.237675399193753719e+09 1.587928056716918945e+00 0.000000000000000000e+00 0.000000000000000000e+00
1.200000000000000000e+02 1.500000000000000000e+00 4.000000000000000000e+00 0.000000000000000000e+00 1.068193693589767694e+09 1.068193693589767694e+09 1.237675399193753719e+09 1.237675399193753719e+09 1.568199872970581055e+00 0.000000000000000000e+00 0.000000000000000000e+00
1.200000000000000000e+02 1.250000000000000000e+00 4.000000000000000000e+00 0.000000000000000000e+00 1.068193693589767694e+09 1.068193693589767694e+09 1.237675399193753719e+09 1.237675399193753719e+09 1.588387012481689453e+00 0.000000000000000000e+00 0.000000000000000000e+00
1.200000000000000000e+02 1.000000000000000000e+00 4.000000000000000000e+00 0.000000000000000000e+00 1.068193693589767694e+09 1.068193693589767694e+09 1.237675399193753719e+09 1.237675399193753719e+09 1.546328067779541016e+00 0.000000000000000000e+00 0.000000000000000000e+00
1.200000000000000000e+02 1.000000000000000000e+00 4.000000000000000000e+00 5.000000000000000000e+00 1.068193693589767694e+09 1.068193693589767694e+09 1.237675399193753719e+09 1.237675399193753719e+09 1.568515777587890625e+00 0.000000000000000000e+00 0.000000000000000000e+00
