# run number, exp fac, ti calc, ti opt, aep init calc (kW), aep init opt (kW), aep run calc (kW), aep run opt (kW), run time (s), obj func calls, sens func calls
7.700000000000000000e+01 3.000000000000000000e+00 4.000000000000000000e+00 0.000000000000000000e+00 1.067131021499884129e+09 1.067131021499884129e+09 1.254495338476109266e+09 1.254495338476109266e+09 5.405890979766845703e+02 0.000000000000000000e+00 0.000000000000000000e+00
7.700000000000000000e+01 2.750000000000000000e+00 4.000000000000000000e+00 0.000000000000000000e+00 1.067131021499884129e+09 1.067131021499884129e+09 1.254495338476109266e+09 1.254495338476109266e+09 3.295167922973632812e+00 0.000000000000000000e+00 0.000000000000000000e+00
7.700000000000000000e+01 2.500000000000000000e+00 4.000000000000000000e+00 0.000000000000000000e+00 1.067131021499884129e+09 1.067131021499884129e+09 1.254495338476109266e+09 1.254495338476109266e+09 3.327028989791870117e+00 0.000000000000000000e+00 0.000000000000000000e+00
7.700000000000000000e+01 2.250000000000000000e+00 4.000000000000000000e+00 0.000000000000000000e+00 1.067131021499884129e+09 1.067131021499884129e+09 1.254495338476109266e+09 1.254495338476109266e+09 3.283398866653442383e+00 0.000000000000000000e+00 0.000000000000000000e+00
7.700000000000000000e+01 2.000000000000000000e+00 4.000000000000000000e+00 0.000000000000000000e+00 1.067131021499884129e+09 1.067131021499884129e+09 1.254495338476109266e+09 1.254495338476109266e+09 3.361531019210815430e+00 0.000000000000000000e+00 0.000000000000000000e+00
7.700000000000000000e+01 1.750000000000000000e+00 4.000000000000000000e+00 0.000000000000000000e+00 1.067131021499884129e+09 1.067131021499884129e+09 1.254495338476109266e+09 1.254495338476109266e+09 3.314752101898193359e+00 0.000000000000000000e+00 0.000000000000000000e+00
7.700000000000000000e+01 1.500000000000000000e+00 4.000000000000000000e+00 0.000000000000000000e+00 1.067131021499884129e+09 1.067131021499884129e+09 1.254495338476109266e+09 1.254495338476109266e+09 3.319525003433227539e+00 0.000000000000000000e+00 0.000000000000000000e+00
7.700000000000000000e+01 1.250000000000000000e+00 4.000000000000000000e+00 0.000000000000000000e+00 1.067131021499884129e+09 1.067131021499884129e+09 1.254495338476109266e+09 1.254495338476109266e+09 3.117588996887207031e+00 0.000000000000000000e+00 0.000000000000000000e+00
7.700000000000000000e+01 1.000000000000000000e+00 4.000000000000000000e+00 0.000000000000000000e+00 1.067131021499884129e+09 1.067131021499884129e+09 1.254495338476109266e+09 1.254495338476109266e+09 3.045574903488159180e+00 0.000000000000000000e+00 0.000000000000000000e+00
7.700000000000000000e+01 1.000000000000000000e+00 4.000000000000000000e+00 5.000000000000000000e+00 1.067131021499884129e+09 1.067131021499884129e+09 1.254495338476109266e+09 1.254495338476109266e+09 3.114835977554321289e+00 0.000000000000000000e+00 0.000000000000000000e+00
