# run number, exp fac, ti calc, ti opt, aep init calc (kW), aep init opt (kW), aep run calc (kW), aep run opt (kW), run time (s), obj func calls, sens func calls
1.670000000000000000e+02 3.000000000000000000e+00 4.000000000000000000e+00 0.000000000000000000e+00 1.081936169040463448e+09 1.081936169040463448e+09 1.231979936803718567e+09 1.231979936803718567e+09 2.174864130020141602e+02 0.000000000000000000e+00 0.000000000000000000e+00
1.670000000000000000e+02 2.750000000000000000e+00 4.000000000000000000e+00 0.000000000000000000e+00 1.081936169040463448e+09 1.081936169040463448e+09 1.231979936803718567e+09 1.231979936803718567e+09 1.982583045959472656e+00 0.000000000000000000e+00 0.000000000000000000e+00
1.670000000000000000e+02 2.500000000000000000e+00 4.000000000000000000e+00 0.000000000000000000e+00 1.081936169040463448e+09 1.081936169040463448e+09 1.231979936803718567e+09 1.231979936803718567e+09 1.890992879867553711e+00 0.000000000000000000e+00 0.000000000000000000e+00
1.670000000000000000e+02 2.250000000000000000e+00 4.000000000000000000e+00 0.000000000000000000e+00 1.081936169040463448e+09 1.081936169040463448e+09 1.231979936803718567e+09 1.231979936803718567e+09 2.148178100585937500e+00 0.000000000000000000e+00 0.000000000000000000e+00
1.670000000000000000e+02 2.000000000000000000e+00 4.000000000000000000e+00 0.000000000000000000e+00 1.081936169040463448e+09 1.081936169040463448e+09 1.231979936803718567e+09 1.231979936803718567e+09 1.907155990600585938e+00 0.000000000000000000e+00 0.000000000000000000e+00
1.670000000000000000e+02 1.750000000000000000e+00 4.000000000000000000e+00 0.000000000000000000e+00 1.081936169040463448e+09 1.081936169040463448e+09 1.231979936803718567e+09 1.231979936803718567e+09 2.071178197860717773e+00 0.000000000000000000e+00 0.000000000000000000e+00
1.670000000000000000e+02 1.500000000000000000e+00 4.000000000000000000e+00 0.000000000000000000e+00 1.081936169040463448e+09 1.081936169040463448e+09 1.231979936803718567e+09 1.231979936803718567e+09 2.024162054061889648e+00 0.000000000000000000e+00 0.000000000000000000e+00
1.670000000000000000e+02 1.250000000000000000e+00 4.000000000000000000e+00 0.000000000000000000e+00 1.081936169040463448e+09 1.081936169040463448e+09 1.231979936803718567e+09 1.231979936803718567e+09 1.912224054336547852e+00 0.000000000000000000e+00 0.000000000000000000e+00
1.670000000000000000e+02 1.000000000000000000e+00 4.000000000000000000e+00 0.000000000000000000e+00 1.081936169040463448e+09 1.081936169040463448e+09 1.231979936803718567e+09 1.231979936803718567e+09 1.928637981414794922e+00 0.000000000000000000e+00 0.000000000000000000e+00
1.670000000000000000e+02 1.000000000000000000e+00 4.000000000000000000e+00 5.000000000000000000e+00 1.081936169040463448e+09 1.081936169040463448e+09 1.231979936803718567e+09 1.231979936803718567e+09 1.931334972381591797e+00 0.000000000000000000e+00 0.000000000000000000e+00
