# run number, exp fac, ti calc, ti opt, aep init calc (kW), aep init opt (kW), aep run calc (kW), aep run opt (kW), run time (s), obj func calls, sens func calls
1.200000000000000000e+01 3.000000000000000000e+00 4.000000000000000000e+00 0.000000000000000000e+00 1.057172380421028256e+09 1.057172380421028256e+09 1.229017642667388678e+09 1.229017642667388678e+09 4.565287239551544189e+02 0.000000000000000000e+00 0.000000000000000000e+00
1.200000000000000000e+01 2.750000000000000000e+00 4.000000000000000000e+00 0.000000000000000000e+00 1.057172380421028256e+09 1.057172380421028256e+09 1.229017642667388678e+09 1.229017642667388678e+09 2.545021057128906250e+00 0.000000000000000000e+00 0.000000000000000000e+00
1.200000000000000000e+01 2.500000000000000000e+00 4.000000000000000000e+00 0.000000000000000000e+00 1.057172380421028256e+09 1.057172380421028256e+09 1.229017642667388678e+09 1.229017642667388678e+09 2.621518135070800781e+00 0.000000000000000000e+00 0.000000000000000000e+00
1.200000000000000000e+01 2.250000000000000000e+00 4.000000000000000000e+00 0.000000000000000000e+00 1.057172380421028256e+09 1.057172380421028256e+09 1.229017642667388678e+09 1.229017642667388678e+09 2.541683912277221680e+00 0.000000000000000000e+00 0.000000000000000000e+00
1.200000000000000000e+01 2.000000000000000000e+00 4.000000000000000000e+00 0.000000000000000000e+00 1.057172380421028256e+09 1.057172380421028256e+09 1.229017642667388678e+09 1.229017642667388678e+09 2.552134990692138672e+00 0.000000000000000000e+00 0.000000000000000000e+00
1.200000000000000000e+01 1.750000000000000000e+00 4.000000000000000000e+00 0.000000000000000000e+00 1.057172380421028256e+09 1.057172380421028256e+09 1.229017642667388678e+09 1.229017642667388678e+09 2.481813192367553711e+00 0.000000000000000000e+00 0.000000000000000000e+00
1.200000000000000000e+01 1.500000000000000000e+00 4.000000000000000000e+00 0.000000000000000000e+00 1.057172380421028256e+09 1.057172380421028256e+09 1.229017642667388678e+09 1.229017642667388678e+09 2.538661003112792969e+00 0.000000000000000000e+00 0.000000000000000000e+00
1.200000000000000000e+01 1.250000000000000000e+00 4.000000000000000000e+00 0.000000000000000000e+00 1.057172380421028256e+09 1.057172380421028256e+09 1.229017642667388678e+09 1.229017642667388678e+09 2.607351064682006836e+00 0.000000000000000000e+00 0.000000000000000000e+00
1.200000000000000000e+01 1.000000000000000000e+00 4.000000000000000000e+00 0.000000000000000000e+00 1.057172380421028256e+09 1.057172380421028256e+09 1.229017642667388678e+09 1.229017642667388678e+09 2.605940103530883789e+00 0.000000000000000000e+00 0.000000000000000000e+00
1.200000000000000000e+01 1.000000000000000000e+00 4.000000000000000000e+00 5.000000000000000000e+00 1.057172380421028256e+09 1.057172380421028256e+09 1.229017642667388678e+09 1.229017642667388678e+09 2.559595108032226562e+00 0.000000000000000000e+00 0.000000000000000000e+00
