# run number, exp fac, ti calc, ti opt, aep init calc (kW), aep init opt (kW), aep run calc (kW), aep run opt (kW), run time (s), obj func calls, sens func calls
1.300000000000000000e+02 3.000000000000000000e+00 4.000000000000000000e+00 0.000000000000000000e+00 1.023703678043237567e+09 1.023703678043237567e+09 1.244047791256852388e+09 1.244047791256852388e+09 4.337065558433532715e+02 0.000000000000000000e+00 0.000000000000000000e+00
1.300000000000000000e+02 2.750000000000000000e+00 4.000000000000000000e+00 0.000000000000000000e+00 1.023703678043237567e+09 1.023703678043237567e+09 1.244047791256852388e+09 1.244047791256852388e+09 2.904164075851440430e+00 0.000000000000000000e+00 0.000000000000000000e+00
1.300000000000000000e+02 2.500000000000000000e+00 4.000000000000000000e+00 0.000000000000000000e+00 1.023703678043237567e+09 1.023703678043237567e+09 1.244047791256852388e+09 1.244047791256852388e+09 2.710329055786132812e+00 0.000000000000000000e+00 0.000000000000000000e+00
1.300000000000000000e+02 2.250000000000000000e+00 4.000000000000000000e+00 0.000000000000000000e+00 1.023703678043237567e+09 1.023703678043237567e+09 1.244047791256852388e+09 1.244047791256852388e+09 2.819247961044311523e+00 0.000000000000000000e+00 0.000000000000000000e+00
1.300000000000000000e+02 2.000000000000000000e+00 4.000000000000000000e+00 0.000000000000000000e+00 1.023703678043237567e+09 1.023703678043237567e+09 1.244047791256852388e+09 1.244047791256852388e+09 2.885668992996215820e+00 0.000000000000000000e+00 0.000000000000000000e+00
1.300000000000000000e+02 1.750000000000000000e+00 4.000000000000000000e+00 0.000000000000000000e+00 1.023703678043237567e+09 1.023703678043237567e+09 1.244047791256852388e+09 1.244047791256852388e+09 2.811257123947143555e+00 0.000000000000000000e+00 0.000000000000000000e+00
1.300000000000000000e+02 1.500000000000000000e+00 4.000000000000000000e+00 0.000000000000000000e+00 1.023703678043237567e+09 1.023703678043237567e+09 1.244047791256852388e+09 1.244047791256852388e+09 2.850894212722778320e+00 0.000000000000000000e+00 0.000000000000000000e+00
1.300000000000000000e+02 1.250000000000000000e+00 4.000000000000000000e+00 0.000000000000000000e+00 1.023703678043237567e+09 1.023703678043237567e+09 1.244047791256852388e+09 1.244047791256852388e+09 2.367342948913574219e+00 0.000000000000000000e+00 0.000000000000000000e+00
1.300000000000000000e+02 1.000000000000000000e+00 4.000000000000000000e+00 0.000000000000000000e+00 1.023703678043237567e+09 1.023703678043237567e+09 1.244047791256852388e+09 1.244047791256852388e+09 2.057094097137451172e+00 0.000000000000000000e+00 0.000000000000000000e+00
1.300000000000000000e+02 1.000000000000000000e+00 4.000000000000000000e+00 5.000000000000000000e+00 1.023703678043237567e+09 1.023703678043237567e+09 1.244047791256852388e+09 1.244047791256852388e+09 1.844295978546142578e+00 0.000000000000000000e+00 0.000000000000000000e+00
