# run number, exp fac, ti calc, ti opt, aep init calc (kW), aep init opt (kW), aep run calc (kW), aep run opt (kW), run time (s), obj func calls, sens func calls
8.400000000000000000e+01 3.000000000000000000e+00 4.000000000000000000e+00 0.000000000000000000e+00 1.075912324018396616e+09 1.075912324018396616e+09 1.236149599735594749e+09 1.236149599735594749e+09 5.022955479621887207e+02 0.000000000000000000e+00 0.000000000000000000e+00
8.400000000000000000e+01 2.750000000000000000e+00 4.000000000000000000e+00 0.000000000000000000e+00 1.075912324018396616e+09 1.075912324018396616e+09 1.236149599735594749e+09 1.236149599735594749e+09 2.872493982315063477e+00 0.000000000000000000e+00 0.000000000000000000e+00
8.400000000000000000e+01 2.500000000000000000e+00 4.000000000000000000e+00 0.000000000000000000e+00 1.075912324018396616e+09 1.075912324018396616e+09 1.236149599735594749e+09 1.236149599735594749e+09 2.928130865097045898e+00 0.000000000000000000e+00 0.000000000000000000e+00
8.400000000000000000e+01 2.250000000000000000e+00 4.000000000000000000e+00 0.000000000000000000e+00 1.075912324018396616e+09 1.075912324018396616e+09 1.236149599735594749e+09 1.236149599735594749e+09 2.899142980575561523e+00 0.000000000000000000e+00 0.000000000000000000e+00
8.400000000000000000e+01 2.000000000000000000e+00 4.000000000000000000e+00 0.000000000000000000e+00 1.075912324018396616e+09 1.075912324018396616e+09 1.236149599735594749e+09 1.236149599735594749e+09 2.916579008102416992e+00 0.000000000000000000e+00 0.000000000000000000e+00
8.400000000000000000e+01 1.750000000000000000e+00 4.000000000000000000e+00 0.000000000000000000e+00 1.075912324018396616e+09 1.075912324018396616e+09 1.236149599735594749e+09 1.236149599735594749e+09 2.930021047592163086e+00 0.000000000000000000e+00 0.000000000000000000e+00
8.400000000000000000e+01 1.500000000000000000e+00 4.000000000000000000e+00 0.000000000000000000e+00 1.075912324018396616e+09 1.075912324018396616e+09 1.236149599735594749e+09 1.236149599735594749e+09 2.884667158126831055e+00 0.000000000000000000e+00 0.000000000000000000e+00
8.400000000000000000e+01 1.250000000000000000e+00 4.000000000000000000e+00 0.000000000000000000e+00 1.075912324018396616e+09 1.075912324018396616e+09 1.236149599735594749e+09 1.236149599735594749e+09 2.868146896362304688e+00 0.000000000000000000e+00 0.000000000000000000e+00
8.400000000000000000e+01 1.000000000000000000e+00 4.000000000000000000e+00 0.000000000000000000e+00 1.075912324018396616e+09 1.075912324018396616e+09 1.236149599735594749e+09 1.236149599735594749e+09 2.920869827270507812e+00 0.000000000000000000e+00 0.000000000000000000e+00
8.400000000000000000e+01 1.000000000000000000e+00 4.000000000000000000e+00 5.000000000000000000e+00 1.075912324018396616e+09 1.075912324018396616e+09 1.236149599735594749e+09 1.236149599735594749e+09 2.895214080810546875e+00 0.000000000000000000e+00 0.000000000000000000e+00
