# run number, exp fac, ti calc, ti opt, aep init calc (kW), aep init opt (kW), aep run calc (kW), aep run opt (kW), run time (s), obj func calls, sens func calls
5.600000000000000000e+01 3.000000000000000000e+00 4.000000000000000000e+00 0.000000000000000000e+00 1.050708332330984354e+09 1.050708332330984354e+09 1.252609719094331026e+09 1.252609719094331026e+09 3.901528069972991943e+02 0.000000000000000000e+00 0.000000000000000000e+00
5.600000000000000000e+01 2.750000000000000000e+00 4.000000000000000000e+00 0.000000000000000000e+00 1.050708332330984354e+09 1.050708332330984354e+09 1.252609719094331026e+09 1.252609719094331026e+09 2.880109071731567383e+00 0.000000000000000000e+00 0.000000000000000000e+00
5.600000000000000000e+01 2.500000000000000000e+00 4.000000000000000000e+00 0.000000000000000000e+00 1.050708332330984354e+09 1.050708332330984354e+09 1.252609719094331026e+09 1.252609719094331026e+09 2.863687038421630859e+00 0.000000000000000000e+00 0.000000000000000000e+00
5.600000000000000000e+01 2.250000000000000000e+00 4.000000000000000000e+00 0.000000000000000000e+00 1.050708332330984354e+09 1.050708332330984354e+09 1.252609719094331026e+09 1.252609719094331026e+09 2.964282035827636719e+00 0.000000000000000000e+00 0.000000000000000000e+00
5.600000000000000000e+01 2.000000000000000000e+00 4.000000000000000000e+00 0.000000000000000000e+00 1.050708332330984354e+09 1.050708332330984354e+09 1.252609719094331026e+09 1.252609719094331026e+09 2.959915161132812500e+00 0.000000000000000000e+00 0.000000000000000000e+00
5.600000000000000000e+01 1.750000000000000000e+00 4.000000000000000000e+00 0.000000000000000000e+00 1.050708332330984354e+09 1.050708332330984354e+09 1.252609719094331026e+09 1.252609719094331026e+09 2.755080938339233398e+00 0.000000000000000000e+00 0.000000000000000000e+00
5.600000000000000000e+01 1.500000000000000000e+00 4.000000000000000000e+00 0.000000000000000000e+00 1.050708332330984354e+09 1.050708332330984354e+09 1.252609719094331026e+09 1.252609719094331026e+09 2.704071998596191406e+00 0.000000000000000000e+00 0.000000000000000000e+00
5.600000000000000000e+01 1.250000000000000000e+00 4.000000000000000000e+00 0.000000000000000000e+00 1.050708332330984354e+09 1.050708332330984354e+09 1.252609719094331026e+09 1.252609719094331026e+09 2.680562973022460938e+00 0.000000000000000000e+00 0.000000000000000000e+00
5.600000000000000000e+01 1.000000000000000000e+00 4.000000000000000000e+00 0.000000000000000000e+00 1.050708332330984354e+09 1.050708332330984354e+09 1.252609719094331026e+09 1.252609719094331026e+09 2.781995058059692383e+00 0.000000000000000000e+00 0.000000000000000000e+00
5.600000000000000000e+01 1.000000000000000000e+00 4.000000000000000000e+00 5.000000000000000000e+00 1.050708332330984354e+09 1.050708332330984354e+09 1.252609719094331026e+09 1.252609719094331026e+09 3.020725965499877930e+00 0.000000000000000000e+00 0.000000000000000000e+00
