# run number, exp fac, ti calc, ti opt, aep init calc (kW), aep init opt (kW), aep run calc (kW), aep run opt (kW), run time (s), obj func calls, sens func calls
1.700000000000000000e+02 3.000000000000000000e+00 4.000000000000000000e+00 0.000000000000000000e+00 1.043714060624198079e+09 1.043714060624198079e+09 1.222253477061796188e+09 1.222253477061796188e+09 2.851704199314117432e+02 0.000000000000000000e+00 0.000000000000000000e+00
1.700000000000000000e+02 2.750000000000000000e+00 4.000000000000000000e+00 0.000000000000000000e+00 1.043714060624198079e+09 1.043714060624198079e+09 1.222253477061796188e+09 1.222253477061796188e+09 2.172821998596191406e+00 0.000000000000000000e+00 0.000000000000000000e+00
1.700000000000000000e+02 2.500000000000000000e+00 4.000000000000000000e+00 0.000000000000000000e+00 1.043714060624198079e+09 1.043714060624198079e+09 1.222253477061796188e+09 1.222253477061796188e+09 2.079492092132568359e+00 0.000000000000000000e+00 0.000000000000000000e+00
1.700000000000000000e+02 2.250000000000000000e+00 4.000000000000000000e+00 0.000000000000000000e+00 1.043714060624198079e+09 1.043714060624198079e+09 1.222253477061796188e+09 1.222253477061796188e+09 2.094289064407348633e+00 0.000000000000000000e+00 0.000000000000000000e+00
1.700000000000000000e+02 2.000000000000000000e+00 4.000000000000000000e+00 0.000000000000000000e+00 1.043714060624198079e+09 1.043714060624198079e+09 1.222253477061796188e+09 1.222253477061796188e+09 2.067771196365356445e+00 0.000000000000000000e+00 0.000000000000000000e+00
1.700000000000000000e+02 1.750000000000000000e+00 4.000000000000000000e+00 0.000000000000000000e+00 1.043714060624198079e+09 1.043714060624198079e+09 1.222253477061796188e+09 1.222253477061796188e+09 2.064779996871948242e+00 0.000000000000000000e+00 0.000000000000000000e+00
1.700000000000000000e+02 1.500000000000000000e+00 4.000000000000000000e+00 0.000000000000000000e+00 1.043714060624198079e+09 1.043714060624198079e+09 1.222253477061796188e+09 1.222253477061796188e+09 2.063699960708618164e+00 0.000000000000000000e+00 0.000000000000000000e+00
1.700000000000000000e+02 1.250000000000000000e+00 4.000000000000000000e+00 0.000000000000000000e+00 1.043714060624198079e+09 1.043714060624198079e+09 1.222253477061796188e+09 1.222253477061796188e+09 2.013031959533691406e+00 0.000000000000000000e+00 0.000000000000000000e+00
1.700000000000000000e+02 1.000000000000000000e+00 4.000000000000000000e+00 0.000000000000000000e+00 1.043714060624198079e+09 1.043714060624198079e+09 1.222253477061796188e+09 1.222253477061796188e+09 2.031372070312500000e+00 0.000000000000000000e+00 0.000000000000000000e+00
1.700000000000000000e+02 1.000000000000000000e+00 4.000000000000000000e+00 5.000000000000000000e+00 1.043714060624198079e+09 1.043714060624198079e+09 1.222253477061796188e+09 1.222253477061796188e+09 1.969970941543579102e+00 0.000000000000000000e+00 0.000000000000000000e+00
