# run number, exp fac, ti calc, ti opt, aep init calc (kW), aep init opt (kW), aep run calc (kW), aep run opt (kW), run time (s), obj func calls, sens func calls
1.000000000000000000e+00 3.000000000000000000e+00 4.000000000000000000e+00 0.000000000000000000e+00 1.022996896560549021e+09 1.022996896560549021e+09 1.198419511902741671e+09 1.198419511902741671e+09 6.545653960704803467e+02 0.000000000000000000e+00 0.000000000000000000e+00
1.000000000000000000e+00 2.750000000000000000e+00 4.000000000000000000e+00 0.000000000000000000e+00 1.022996896560549021e+09 1.022996896560549021e+09 1.198419511902741671e+09 1.198419511902741671e+09 2.846251010894775391e+00 0.000000000000000000e+00 0.000000000000000000e+00
1.000000000000000000e+00 2.500000000000000000e+00 4.000000000000000000e+00 0.000000000000000000e+00 1.022996896560549021e+09 1.022996896560549021e+09 1.198419511902741671e+09 1.198419511902741671e+09 2.856698036193847656e+00 0.000000000000000000e+00 0.000000000000000000e+00
1.000000000000000000e+00 2.250000000000000000e+00 4.000000000000000000e+00 0.000000000000000000e+00 1.022996896560549021e+09 1.022996896560549021e+09 1.198419511902741671e+09 1.198419511902741671e+09 2.845590114593505859e+00 0.000000000000000000e+00 0.000000000000000000e+00
1.000000000000000000e+00 2.000000000000000000e+00 4.000000000000000000e+00 0.000000000000000000e+00 1.022996896560549021e+09 1.022996896560549021e+09 1.198419511902741671e+09 1.198419511902741671e+09 2.732450962066650391e+00 0.000000000000000000e+00 0.000000000000000000e+00
1.000000000000000000e+00 1.750000000000000000e+00 4.000000000000000000e+00 0.000000000000000000e+00 1.022996896560549021e+09 1.022996896560549021e+09 1.198419511902741671e+09 1.198419511902741671e+09 2.845283031463623047e+00 0.000000000000000000e+00 0.000000000000000000e+00
1.000000000000000000e+00 1.500000000000000000e+00 4.000000000000000000e+00 0.000000000000000000e+00 1.022996896560549021e+09 1.022996896560549021e+09 1.198419511902741671e+09 1.198419511902741671e+09 2.798924922943115234e+00 0.000000000000000000e+00 0.000000000000000000e+00
1.000000000000000000e+00 1.250000000000000000e+00 4.000000000000000000e+00 0.000000000000000000e+00 1.022996896560549021e+09 1.022996896560549021e+09 1.198419511902741671e+09 1.198419511902741671e+09 2.836853027343750000e+00 0.000000000000000000e+00 0.000000000000000000e+00
1.000000000000000000e+00 1.000000000000000000e+00 4.000000000000000000e+00 0.000000000000000000e+00 1.022996896560549021e+09 1.022996896560549021e+09 1.198419511902741671e+09 1.198419511902741671e+09 2.859826087951660156e+00 0.000000000000000000e+00 0.000000000000000000e+00
1.000000000000000000e+00 1.000000000000000000e+00 4.000000000000000000e+00 5.000000000000000000e+00 1.022996896560549021e+09 1.022996896560549021e+09 1.198419511902741671e+09 1.198419511902741671e+09 2.749644994735717773e+00 0.000000000000000000e+00 0.000000000000000000e+00
