# run number, exp fac, ti calc, ti opt, aep init calc (kW), aep init opt (kW), aep run calc (kW), aep run opt (kW), run time (s), obj func calls, sens func calls
1.340000000000000000e+02 3.000000000000000000e+00 4.000000000000000000e+00 0.000000000000000000e+00 1.022795127552978158e+09 1.022795127552978158e+09 1.238301135623335361e+09 1.238301135623335361e+09 4.997623660564422607e+02 0.000000000000000000e+00 0.000000000000000000e+00
1.340000000000000000e+02 2.750000000000000000e+00 4.000000000000000000e+00 0.000000000000000000e+00 1.022795127552978158e+09 1.022795127552978158e+09 1.238301135623335361e+09 1.238301135623335361e+09 2.421839952468872070e+00 0.000000000000000000e+00 0.000000000000000000e+00
1.340000000000000000e+02 2.500000000000000000e+00 4.000000000000000000e+00 0.000000000000000000e+00 1.022795127552978158e+09 1.022795127552978158e+09 1.238301135623335361e+09 1.238301135623335361e+09 2.608211994171142578e+00 0.000000000000000000e+00 0.000000000000000000e+00
1.340000000000000000e+02 2.250000000000000000e+00 4.000000000000000000e+00 0.000000000000000000e+00 1.022795127552978158e+09 1.022795127552978158e+09 1.238301135623335361e+09 1.238301135623335361e+09 2.568286180496215820e+00 0.000000000000000000e+00 0.000000000000000000e+00
1.340000000000000000e+02 2.000000000000000000e+00 4.000000000000000000e+00 0.000000000000000000e+00 1.022795127552978158e+09 1.022795127552978158e+09 1.238301135623335361e+09 1.238301135623335361e+09 2.715104103088378906e+00 0.000000000000000000e+00 0.000000000000000000e+00
1.340000000000000000e+02 1.750000000000000000e+00 4.000000000000000000e+00 0.000000000000000000e+00 1.022795127552978158e+09 1.022795127552978158e+09 1.238301135623335361e+09 1.238301135623335361e+09 2.622035026550292969e+00 0.000000000000000000e+00 0.000000000000000000e+00
1.340000000000000000e+02 1.500000000000000000e+00 4.000000000000000000e+00 0.000000000000000000e+00 1.022795127552978158e+09 1.022795127552978158e+09 1.238301135623335361e+09 1.238301135623335361e+09 2.676450014114379883e+00 0.000000000000000000e+00 0.000000000000000000e+00
1.340000000000000000e+02 1.250000000000000000e+00 4.000000000000000000e+00 0.000000000000000000e+00 1.022795127552978158e+09 1.022795127552978158e+09 1.238301135623335361e+09 1.238301135623335361e+09 2.390063047409057617e+00 0.000000000000000000e+00 0.000000000000000000e+00
1.340000000000000000e+02 1.000000000000000000e+00 4.000000000000000000e+00 0.000000000000000000e+00 1.022795127552978158e+09 1.022795127552978158e+09 1.238301135623335361e+09 1.238301135623335361e+09 2.629479885101318359e+00 0.000000000000000000e+00 0.000000000000000000e+00
1.340000000000000000e+02 1.000000000000000000e+00 4.000000000000000000e+00 5.000000000000000000e+00 1.022795127552978158e+09 1.022795127552978158e+09 1.238301135623335361e+09 1.238301135623335361e+09 2.450210809707641602e+00 0.000000000000000000e+00 0.000000000000000000e+00
