# run number, exp fac, ti calc, ti opt, aep init calc (kW), aep init opt (kW), aep run calc (kW), aep run opt (kW), run time (s), obj func calls, sens func calls
1.610000000000000000e+02 3.000000000000000000e+00 4.000000000000000000e+00 0.000000000000000000e+00 1.057300565718160868e+09 1.057300565718160868e+09 1.243183501173101664e+09 1.243183501173101664e+09 3.516917760372161865e+02 0.000000000000000000e+00 0.000000000000000000e+00
1.610000000000000000e+02 2.750000000000000000e+00 4.000000000000000000e+00 0.000000000000000000e+00 1.057300565718160868e+09 1.057300565718160868e+09 1.243183501173101664e+09 1.243183501173101664e+09 1.593642950057983398e+00 0.000000000000000000e+00 0.000000000000000000e+00
1.610000000000000000e+02 2.500000000000000000e+00 4.000000000000000000e+00 0.000000000000000000e+00 1.057300565718160868e+09 1.057300565718160868e+09 1.243183501173101664e+09 1.243183501173101664e+09 1.493942022323608398e+00 0.000000000000000000e+00 0.000000000000000000e+00
1.610000000000000000e+02 2.250000000000000000e+00 4.000000000000000000e+00 0.000000000000000000e+00 1.057300565718160868e+09 1.057300565718160868e+09 1.243183501173101664e+09 1.243183501173101664e+09 1.536884069442749023e+00 0.000000000000000000e+00 0.000000000000000000e+00
1.610000000000000000e+02 2.000000000000000000e+00 4.000000000000000000e+00 0.000000000000000000e+00 1.057300565718160868e+09 1.057300565718160868e+09 1.243183501173101664e+09 1.243183501173101664e+09 1.509846925735473633e+00 0.000000000000000000e+00 0.000000000000000000e+00
1.610000000000000000e+02 1.750000000000000000e+00 4.000000000000000000e+00 0.000000000000000000e+00 1.057300565718160868e+09 1.057300565718160868e+09 1.243183501173101664e+09 1.243183501173101664e+09 1.513099908828735352e+00 0.000000000000000000e+00 0.000000000000000000e+00
1.610000000000000000e+02 1.500000000000000000e+00 4.000000000000000000e+00 0.000000000000000000e+00 1.057300565718160868e+09 1.057300565718160868e+09 1.243183501173101664e+09 1.243183501173101664e+09 1.502007007598876953e+00 0.000000000000000000e+00 0.000000000000000000e+00
1.610000000000000000e+02 1.250000000000000000e+00 4.000000000000000000e+00 0.000000000000000000e+00 1.057300565718160868e+09 1.057300565718160868e+09 1.243183501173101664e+09 1.243183501173101664e+09 1.533704996109008789e+00 0.000000000000000000e+00 0.000000000000000000e+00
1.610000000000000000e+02 1.000000000000000000e+00 4.000000000000000000e+00 0.000000000000000000e+00 1.057300565718160868e+09 1.057300565718160868e+09 1.243183501173101664e+09 1.243183501173101664e+09 1.638422966003417969e+00 0.000000000000000000e+00 0.000000000000000000e+00
1.610000000000000000e+02 1.000000000000000000e+00 4.000000000000000000e+00 5.000000000000000000e+00 1.057300565718160868e+09 1.057300565718160868e+09 1.243183501173101664e+09 1.243183501173101664e+09 1.517853021621704102e+00 0.000000000000000000e+00 0.000000000000000000e+00
