# run number, exp fac, ti calc, ti opt, aep init calc (kW), aep init opt (kW), aep run calc (kW), aep run opt (kW), run time (s), obj func calls, sens func calls
6.000000000000000000e+00 3.000000000000000000e+00 4.000000000000000000e+00 0.000000000000000000e+00 1.030605412434645176e+09 1.030605412434645176e+09 1.227620007311360121e+09 1.227620007311360121e+09 4.090942521095275879e+02 0.000000000000000000e+00 0.000000000000000000e+00
6.000000000000000000e+00 2.750000000000000000e+00 4.000000000000000000e+00 0.000000000000000000e+00 1.030605412434645176e+09 1.030605412434645176e+09 1.227620007311360121e+09 1.227620007311360121e+09 2.043927907943725586e+00 0.000000000000000000e+00 0.000000000000000000e+00
6.000000000000000000e+00 2.500000000000000000e+00 4.000000000000000000e+00 0.000000000000000000e+00 1.030605412434645176e+09 1.030605412434645176e+09 1.227620007311360121e+09 1.227620007311360121e+09 2.078545093536376953e+00 0.000000000000000000e+00 0.000000000000000000e+00
6.000000000000000000e+00 2.250000000000000000e+00 4.000000000000000000e+00 0.000000000000000000e+00 1.030605412434645176e+09 1.030605412434645176e+09 1.227620007311360121e+09 1.227620007311360121e+09 2.044744968414306641e+00 0.000000000000000000e+00 0.000000000000000000e+00
6.000000000000000000e+00 2.000000000000000000e+00 4.000000000000000000e+00 0.000000000000000000e+00 1.030605412434645176e+09 1.030605412434645176e+09 1.227620007311360121e+09 1.227620007311360121e+09 2.148746013641357422e+00 0.000000000000000000e+00 0.000000000000000000e+00
6.000000000000000000e+00 1.750000000000000000e+00 4.000000000000000000e+00 0.000000000000000000e+00 1.030605412434645176e+09 1.030605412434645176e+09 1.227620007311360121e+09 1.227620007311360121e+09 1.906678199768066406e+00 0.000000000000000000e+00 0.000000000000000000e+00
6.000000000000000000e+00 1.500000000000000000e+00 4.000000000000000000e+00 0.000000000000000000e+00 1.030605412434645176e+09 1.030605412434645176e+09 1.227620007311360121e+09 1.227620007311360121e+09 1.995800971984863281e+00 0.000000000000000000e+00 0.000000000000000000e+00
6.000000000000000000e+00 1.250000000000000000e+00 4.000000000000000000e+00 0.000000000000000000e+00 1.030605412434645176e+09 1.030605412434645176e+09 1.227620007311360121e+09 1.227620007311360121e+09 1.978709936141967773e+00 0.000000000000000000e+00 0.000000000000000000e+00
6.000000000000000000e+00 1.000000000000000000e+00 4.000000000000000000e+00 0.000000000000000000e+00 1.030605412434645176e+09 1.030605412434645176e+09 1.227620007311360121e+09 1.227620007311360121e+09 2.056327819824218750e+00 0.000000000000000000e+00 0.000000000000000000e+00
6.000000000000000000e+00 1.000000000000000000e+00 4.000000000000000000e+00 5.000000000000000000e+00 1.030605412434645176e+09 1.030605412434645176e+09 1.227620007311360121e+09 1.227620007311360121e+09 2.002416849136352539e+00 0.000000000000000000e+00 0.000000000000000000e+00
