# run number, exp fac, ti calc, ti opt, aep init calc (kW), aep init opt (kW), aep run calc (kW), aep run opt (kW), run time (s), obj func calls, sens func calls
1.700000000000000000e+01 3.000000000000000000e+00 4.000000000000000000e+00 0.000000000000000000e+00 1.031007084760995150e+09 1.031007084760995150e+09 1.217725826098538160e+09 1.217725826098538160e+09 6.676295700073242188e+02 0.000000000000000000e+00 0.000000000000000000e+00
1.700000000000000000e+01 2.750000000000000000e+00 4.000000000000000000e+00 0.000000000000000000e+00 1.031007084760995150e+09 1.031007084760995150e+09 1.217725826098538160e+09 1.217725826098538160e+09 2.737002134323120117e+00 0.000000000000000000e+00 0.000000000000000000e+00
1.700000000000000000e+01 2.500000000000000000e+00 4.000000000000000000e+00 0.000000000000000000e+00 1.031007084760995150e+09 1.031007084760995150e+09 1.217725826098538160e+09 1.217725826098538160e+09 2.884493827819824219e+00 0.000000000000000000e+00 0.000000000000000000e+00
1.700000000000000000e+01 2.250000000000000000e+00 4.000000000000000000e+00 0.000000000000000000e+00 1.031007084760995150e+09 1.031007084760995150e+09 1.217725826098538160e+09 1.217725826098538160e+09 2.971879959106445312e+00 0.000000000000000000e+00 0.000000000000000000e+00
1.700000000000000000e+01 2.000000000000000000e+00 4.000000000000000000e+00 0.000000000000000000e+00 1.031007084760995150e+09 1.031007084760995150e+09 1.217725826098538160e+09 1.217725826098538160e+09 2.949207067489624023e+00 0.000000000000000000e+00 0.000000000000000000e+00
1.700000000000000000e+01 1.750000000000000000e+00 4.000000000000000000e+00 0.000000000000000000e+00 1.031007084760995150e+09 1.031007084760995150e+09 1.217725826098538160e+09 1.217725826098538160e+09 2.975525856018066406e+00 0.000000000000000000e+00 0.000000000000000000e+00
1.700000000000000000e+01 1.500000000000000000e+00 4.000000000000000000e+00 0.000000000000000000e+00 1.031007084760995150e+09 1.031007084760995150e+09 1.217725826098538160e+09 1.217725826098538160e+09 2.983789920806884766e+00 0.000000000000000000e+00 0.000000000000000000e+00
1.700000000000000000e+01 1.250000000000000000e+00 4.000000000000000000e+00 0.000000000000000000e+00 1.031007084760995150e+09 1.031007084760995150e+09 1.217725826098538160e+09 1.217725826098538160e+09 2.971091985702514648e+00 0.000000000000000000e+00 0.000000000000000000e+00
1.700000000000000000e+01 1.000000000000000000e+00 4.000000000000000000e+00 0.000000000000000000e+00 1.031007084760995150e+09 1.031007084760995150e+09 1.217725826098538160e+09 1.217725826098538160e+09 2.946095943450927734e+00 0.000000000000000000e+00 0.000000000000000000e+00
1.700000000000000000e+01 1.000000000000000000e+00 4.000000000000000000e+00 5.000000000000000000e+00 1.031007084760995150e+09 1.031007084760995150e+09 1.217725826098538160e+09 1.217725826098538160e+09 2.894105911254882812e+00 0.000000000000000000e+00 0.000000000000000000e+00
