# run number, exp fac, ti calc, ti opt, aep init calc (kW), aep init opt (kW), aep run calc (kW), aep run opt (kW), run time (s), obj func calls, sens func calls
1.480000000000000000e+02 3.000000000000000000e+00 4.000000000000000000e+00 0.000000000000000000e+00 1.024153228569588184e+09 1.024153228569588184e+09 1.238727748940901041e+09 1.238727748940901041e+09 4.673604779243469238e+02 0.000000000000000000e+00 0.000000000000000000e+00
1.480000000000000000e+02 2.750000000000000000e+00 4.000000000000000000e+00 0.000000000000000000e+00 1.024153228569588184e+09 1.024153228569588184e+09 1.238727748940901041e+09 1.238727748940901041e+09 1.618088960647583008e+00 0.000000000000000000e+00 0.000000000000000000e+00
1.480000000000000000e+02 2.500000000000000000e+00 4.000000000000000000e+00 0.000000000000000000e+00 1.024153228569588184e+09 1.024153228569588184e+09 1.238727748940901041e+09 1.238727748940901041e+09 1.516777992248535156e+00 0.000000000000000000e+00 0.000000000000000000e+00
1.480000000000000000e+02 2.250000000000000000e+00 4.000000000000000000e+00 0.000000000000000000e+00 1.024153228569588184e+09 1.024153228569588184e+09 1.238727748940901041e+09 1.238727748940901041e+09 1.508740186691284180e+00 0.000000000000000000e+00 0.000000000000000000e+00
1.480000000000000000e+02 2.000000000000000000e+00 4.000000000000000000e+00 0.000000000000000000e+00 1.024153228569588184e+09 1.024153228569588184e+09 1.238727748940901041e+09 1.238727748940901041e+09 1.597489118576049805e+00 0.000000000000000000e+00 0.000000000000000000e+00
1.480000000000000000e+02 1.750000000000000000e+00 4.000000000000000000e+00 0.000000000000000000e+00 1.024153228569588184e+09 1.024153228569588184e+09 1.238727748940901041e+09 1.238727748940901041e+09 1.515528917312622070e+00 0.000000000000000000e+00 0.000000000000000000e+00
1.480000000000000000e+02 1.500000000000000000e+00 4.000000000000000000e+00 0.000000000000000000e+00 1.024153228569588184e+09 1.024153228569588184e+09 1.238727748940901041e+09 1.238727748940901041e+09 1.482461929321289062e+00 0.000000000000000000e+00 0.000000000000000000e+00
1.480000000000000000e+02 1.250000000000000000e+00 4.000000000000000000e+00 0.000000000000000000e+00 1.024153228569588184e+09 1.024153228569588184e+09 1.238727748940901041e+09 1.238727748940901041e+09 1.550074815750122070e+00 0.000000000000000000e+00 0.000000000000000000e+00
1.480000000000000000e+02 1.000000000000000000e+00 4.000000000000000000e+00 0.000000000000000000e+00 1.024153228569588184e+09 1.024153228569588184e+09 1.238727748940901041e+09 1.238727748940901041e+09 1.519448995590209961e+00 0.000000000000000000e+00 0.000000000000000000e+00
1.480000000000000000e+02 1.000000000000000000e+00 4.000000000000000000e+00 5.000000000000000000e+00 1.024153228569588184e+09 1.024153228569588184e+09 1.238727748940901041e+09 1.238727748940901041e+09 1.520588874816894531e+00 0.000000000000000000e+00 0.000000000000000000e+00
