# run number, exp fac, ti calc, ti opt, aep init calc (kW), aep init opt (kW), aep run calc (kW), aep run opt (kW), run time (s), obj func calls, sens func calls
1.440000000000000000e+02 3.000000000000000000e+00 4.000000000000000000e+00 0.000000000000000000e+00 1.048276846221363783e+09 1.048276846221363783e+09 1.239272166965355158e+09 1.239272166965355158e+09 2.872302970886230469e+02 0.000000000000000000e+00 0.000000000000000000e+00
1.440000000000000000e+02 2.750000000000000000e+00 4.000000000000000000e+00 0.000000000000000000e+00 1.048276846221363783e+09 1.048276846221363783e+09 1.239272166965355158e+09 1.239272166965355158e+09 2.098128080368041992e+00 0.000000000000000000e+00 0.000000000000000000e+00
1.440000000000000000e+02 2.500000000000000000e+00 4.000000000000000000e+00 0.000000000000000000e+00 1.048276846221363783e+09 1.048276846221363783e+09 1.239272166965355158e+09 1.239272166965355158e+09 2.000874996185302734e+00 0.000000000000000000e+00 0.000000000000000000e+00
1.440000000000000000e+02 2.250000000000000000e+00 4.000000000000000000e+00 0.000000000000000000e+00 1.048276846221363783e+09 1.048276846221363783e+09 1.239272166965355158e+09 1.239272166965355158e+09 2.074111938476562500e+00 0.000000000000000000e+00 0.000000000000000000e+00
1.440000000000000000e+02 2.000000000000000000e+00 4.000000000000000000e+00 0.000000000000000000e+00 1.048276846221363783e+09 1.048276846221363783e+09 1.239272166965355158e+09 1.239272166965355158e+09 2.077214002609252930e+00 0.000000000000000000e+00 0.000000000000000000e+00
1.440000000000000000e+02 1.750000000000000000e+00 4.000000000000000000e+00 0.000000000000000000e+00 1.048276846221363783e+09 1.048276846221363783e+09 1.239272166965355158e+09 1.239272166965355158e+09 2.108926057815551758e+00 0.000000000000000000e+00 0.000000000000000000e+00
1.440000000000000000e+02 1.500000000000000000e+00 4.000000000000000000e+00 0.000000000000000000e+00 1.048276846221363783e+09 1.048276846221363783e+09 1.239272166965355158e+09 1.239272166965355158e+09 1.979539871215820312e+00 0.000000000000000000e+00 0.000000000000000000e+00
1.440000000000000000e+02 1.250000000000000000e+00 4.000000000000000000e+00 0.000000000000000000e+00 1.048276846221363783e+09 1.048276846221363783e+09 1.239272166965355158e+09 1.239272166965355158e+09 2.017409086227416992e+00 0.000000000000000000e+00 0.000000000000000000e+00
1.440000000000000000e+02 1.000000000000000000e+00 4.000000000000000000e+00 0.000000000000000000e+00 1.048276846221363783e+09 1.048276846221363783e+09 1.239272166965355158e+09 1.239272166965355158e+09 2.007086038589477539e+00 0.000000000000000000e+00 0.000000000000000000e+00
1.440000000000000000e+02 1.000000000000000000e+00 4.000000000000000000e+00 5.000000000000000000e+00 1.048276846221363783e+09 1.048276846221363783e+09 1.239272166965355158e+09 1.239272166965355158e+09 1.912401199340820312e+00 0.000000000000000000e+00 0.000000000000000000e+00
