# run number, exp fac, ti calc, ti opt, aep init calc (kW), aep init opt (kW), aep run calc (kW), aep run opt (kW), run time (s), obj func calls, sens func calls
1.300000000000000000e+01 3.000000000000000000e+00 4.000000000000000000e+00 0.000000000000000000e+00 1.002833823807201266e+09 1.002833823807201266e+09 1.238076398697664499e+09 1.238076398697664499e+09 8.265571351051330566e+02 0.000000000000000000e+00 0.000000000000000000e+00
1.300000000000000000e+01 2.750000000000000000e+00 4.000000000000000000e+00 0.000000000000000000e+00 1.002833823807201266e+09 1.002833823807201266e+09 1.238076398697664499e+09 1.238076398697664499e+09 2.933813095092773438e+00 0.000000000000000000e+00 0.000000000000000000e+00
1.300000000000000000e+01 2.500000000000000000e+00 4.000000000000000000e+00 0.000000000000000000e+00 1.002833823807201266e+09 1.002833823807201266e+09 1.238076398697664499e+09 1.238076398697664499e+09 2.907503843307495117e+00 0.000000000000000000e+00 0.000000000000000000e+00
1.300000000000000000e+01 2.250000000000000000e+00 4.000000000000000000e+00 0.000000000000000000e+00 1.002833823807201266e+09 1.002833823807201266e+09 1.238076398697664499e+09 1.238076398697664499e+09 2.943180084228515625e+00 0.000000000000000000e+00 0.000000000000000000e+00
1.300000000000000000e+01 2.000000000000000000e+00 4.000000000000000000e+00 0.000000000000000000e+00 1.002833823807201266e+09 1.002833823807201266e+09 1.238076398697664499e+09 1.238076398697664499e+09 2.830102920532226562e+00 0.000000000000000000e+00 0.000000000000000000e+00
1.300000000000000000e+01 1.750000000000000000e+00 4.000000000000000000e+00 0.000000000000000000e+00 1.002833823807201266e+09 1.002833823807201266e+09 1.238076398697664499e+09 1.238076398697664499e+09 2.958941221237182617e+00 0.000000000000000000e+00 0.000000000000000000e+00
1.300000000000000000e+01 1.500000000000000000e+00 4.000000000000000000e+00 0.000000000000000000e+00 1.002833823807201266e+09 1.002833823807201266e+09 1.238076398697664499e+09 1.238076398697664499e+09 2.848060131072998047e+00 0.000000000000000000e+00 0.000000000000000000e+00
1.300000000000000000e+01 1.250000000000000000e+00 4.000000000000000000e+00 0.000000000000000000e+00 1.002833823807201266e+09 1.002833823807201266e+09 1.238076398697664499e+09 1.238076398697664499e+09 2.903096199035644531e+00 0.000000000000000000e+00 0.000000000000000000e+00
1.300000000000000000e+01 1.000000000000000000e+00 4.000000000000000000e+00 0.000000000000000000e+00 1.002833823807201266e+09 1.002833823807201266e+09 1.238076398697664499e+09 1.238076398697664499e+09 2.912256002426147461e+00 0.000000000000000000e+00 0.000000000000000000e+00
1.300000000000000000e+01 1.000000000000000000e+00 4.000000000000000000e+00 5.000000000000000000e+00 1.002833823807201266e+09 1.002833823807201266e+09 1.238076398697664499e+09 1.238076398697664499e+09 2.944968938827514648e+00 0.000000000000000000e+00 0.000000000000000000e+00
