# run number, exp fac, ti calc, ti opt, aep init calc (kW), aep init opt (kW), aep run calc (kW), aep run opt (kW), run time (s), obj func calls, sens func calls
2.300000000000000000e+01 3.000000000000000000e+00 4.000000000000000000e+00 0.000000000000000000e+00 1.029975528168740869e+09 1.029975528168740869e+09 1.244824418966287613e+09 1.244824418966287613e+09 3.999677121639251709e+02 0.000000000000000000e+00 0.000000000000000000e+00
2.300000000000000000e+01 2.750000000000000000e+00 4.000000000000000000e+00 0.000000000000000000e+00 1.029975528168740869e+09 1.029975528168740869e+09 1.244824418966287613e+09 1.244824418966287613e+09 2.125920772552490234e+00 0.000000000000000000e+00 0.000000000000000000e+00
2.300000000000000000e+01 2.500000000000000000e+00 4.000000000000000000e+00 0.000000000000000000e+00 1.029975528168740869e+09 1.029975528168740869e+09 1.244824418966287613e+09 1.244824418966287613e+09 2.149558067321777344e+00 0.000000000000000000e+00 0.000000000000000000e+00
2.300000000000000000e+01 2.250000000000000000e+00 4.000000000000000000e+00 0.000000000000000000e+00 1.029975528168740869e+09 1.029975528168740869e+09 1.244824418966287613e+09 1.244824418966287613e+09 2.297483921051025391e+00 0.000000000000000000e+00 0.000000000000000000e+00
2.300000000000000000e+01 2.000000000000000000e+00 4.000000000000000000e+00 0.000000000000000000e+00 1.029975528168740869e+09 1.029975528168740869e+09 1.244824418966287613e+09 1.244824418966287613e+09 2.153179168701171875e+00 0.000000000000000000e+00 0.000000000000000000e+00
2.300000000000000000e+01 1.750000000000000000e+00 4.000000000000000000e+00 0.000000000000000000e+00 1.029975528168740869e+09 1.029975528168740869e+09 1.244824418966287613e+09 1.244824418966287613e+09 2.193084001541137695e+00 0.000000000000000000e+00 0.000000000000000000e+00
2.300000000000000000e+01 1.500000000000000000e+00 4.000000000000000000e+00 0.000000000000000000e+00 1.029975528168740869e+09 1.029975528168740869e+09 1.244824418966287613e+09 1.244824418966287613e+09 2.128426790237426758e+00 0.000000000000000000e+00 0.000000000000000000e+00
2.300000000000000000e+01 1.250000000000000000e+00 4.000000000000000000e+00 0.000000000000000000e+00 1.029975528168740869e+09 1.029975528168740869e+09 1.244824418966287613e+09 1.244824418966287613e+09 2.209498882293701172e+00 0.000000000000000000e+00 0.000000000000000000e+00
2.300000000000000000e+01 1.000000000000000000e+00 4.000000000000000000e+00 0.000000000000000000e+00 1.029975528168740869e+09 1.029975528168740869e+09 1.244824418966287613e+09 1.244824418966287613e+09 2.201257944107055664e+00 0.000000000000000000e+00 0.000000000000000000e+00
2.300000000000000000e+01 1.000000000000000000e+00 4.000000000000000000e+00 5.000000000000000000e+00 1.029975528168740869e+09 1.029975528168740869e+09 1.244824418966287613e+09 1.244824418966287613e+09 2.127606868743896484e+00 0.000000000000000000e+00 0.000000000000000000e+00
