# run number, exp fac, ti calc, ti opt, aep init calc (kW), aep init opt (kW), aep run calc (kW), aep run opt (kW), run time (s), obj func calls, sens func calls
8.000000000000000000e+01 3.000000000000000000e+00 4.000000000000000000e+00 0.000000000000000000e+00 9.958806937146550417e+08 9.958806937146550417e+08 1.213627712612500906e+09 1.213627712612500906e+09 1.089587412118911743e+03 0.000000000000000000e+00 0.000000000000000000e+00
8.000000000000000000e+01 2.750000000000000000e+00 4.000000000000000000e+00 0.000000000000000000e+00 9.958806937146550417e+08 9.958806937146550417e+08 1.213627712612500906e+09 1.213627712612500906e+09 3.240861892700195312e+00 0.000000000000000000e+00 0.000000000000000000e+00
8.000000000000000000e+01 2.500000000000000000e+00 4.000000000000000000e+00 0.000000000000000000e+00 9.958806937146550417e+08 9.958806937146550417e+08 1.213627712612500906e+09 1.213627712612500906e+09 3.180289030075073242e+00 0.000000000000000000e+00 0.000000000000000000e+00
8.000000000000000000e+01 2.250000000000000000e+00 4.000000000000000000e+00 0.000000000000000000e+00 9.958806937146550417e+08 9.958806937146550417e+08 1.213627712612500906e+09 1.213627712612500906e+09 3.277895927429199219e+00 0.000000000000000000e+00 0.000000000000000000e+00
8.000000000000000000e+01 2.000000000000000000e+00 4.000000000000000000e+00 0.000000000000000000e+00 9.958806937146550417e+08 9.958806937146550417e+08 1.213627712612500906e+09 1.213627712612500906e+09 4.189320087432861328e+00 0.000000000000000000e+00 0.000000000000000000e+00
8.000000000000000000e+01 1.750000000000000000e+00 4.000000000000000000e+00 0.000000000000000000e+00 9.958806937146550417e+08 9.958806937146550417e+08 1.213627712612500906e+09 1.213627712612500906e+09 3.321218967437744141e+00 0.000000000000000000e+00 0.000000000000000000e+00
8.000000000000000000e+01 1.500000000000000000e+00 4.000000000000000000e+00 0.000000000000000000e+00 9.958806937146550417e+08 9.958806937146550417e+08 1.213627712612500906e+09 1.213627712612500906e+09 3.152896165847778320e+00 0.000000000000000000e+00 0.000000000000000000e+00
8.000000000000000000e+01 1.250000000000000000e+00 4.000000000000000000e+00 0.000000000000000000e+00 9.958806937146550417e+08 9.958806937146550417e+08 1.213627712612500906e+09 1.213627712612500906e+09 3.303542137145996094e+00 0.000000000000000000e+00 0.000000000000000000e+00
8.000000000000000000e+01 1.000000000000000000e+00 4.000000000000000000e+00 0.000000000000000000e+00 9.958806937146550417e+08 9.958806937146550417e+08 1.213627712612500906e+09 1.213627712612500906e+09 3.244903087615966797e+00 0.000000000000000000e+00 0.000000000000000000e+00
8.000000000000000000e+01 1.000000000000000000e+00 4.000000000000000000e+00 5.000000000000000000e+00 9.958806937146550417e+08 9.958806937146550417e+08 1.213627712612500906e+09 1.213627712612500906e+09 3.208413124084472656e+00 0.000000000000000000e+00 0.000000000000000000e+00
