# run number, exp fac, ti calc, ti opt, aep init calc (kW), aep init opt (kW), aep run calc (kW), aep run opt (kW), run time (s), obj func calls, sens func calls
8.100000000000000000e+01 3.000000000000000000e+00 4.000000000000000000e+00 0.000000000000000000e+00 1.082409352522403479e+09 1.082409352522403479e+09 1.244283552570528984e+09 1.244283552570528984e+09 1.919393410682678223e+02 0.000000000000000000e+00 0.000000000000000000e+00
8.100000000000000000e+01 2.750000000000000000e+00 4.000000000000000000e+00 0.000000000000000000e+00 1.082409352522403479e+09 1.082409352522403479e+09 1.244283552570528984e+09 1.244283552570528984e+09 1.897140026092529297e+00 0.000000000000000000e+00 0.000000000000000000e+00
8.100000000000000000e+01 2.500000000000000000e+00 4.000000000000000000e+00 0.000000000000000000e+00 1.082409352522403479e+09 1.082409352522403479e+09 1.244283552570528984e+09 1.244283552570528984e+09 1.883989095687866211e+00 0.000000000000000000e+00 0.000000000000000000e+00
8.100000000000000000e+01 2.250000000000000000e+00 4.000000000000000000e+00 0.000000000000000000e+00 1.082409352522403479e+09 1.082409352522403479e+09 1.244283552570528984e+09 1.244283552570528984e+09 1.941108942031860352e+00 0.000000000000000000e+00 0.000000000000000000e+00
8.100000000000000000e+01 2.000000000000000000e+00 4.000000000000000000e+00 0.000000000000000000e+00 1.082409352522403479e+09 1.082409352522403479e+09 1.244283552570528984e+09 1.244283552570528984e+09 1.883705854415893555e+00 0.000000000000000000e+00 0.000000000000000000e+00
8.100000000000000000e+01 1.750000000000000000e+00 4.000000000000000000e+00 0.000000000000000000e+00 1.082409352522403479e+09 1.082409352522403479e+09 1.244283552570528984e+09 1.244283552570528984e+09 1.919878959655761719e+00 0.000000000000000000e+00 0.000000000000000000e+00
8.100000000000000000e+01 1.500000000000000000e+00 4.000000000000000000e+00 0.000000000000000000e+00 1.082409352522403479e+09 1.082409352522403479e+09 1.244283552570528984e+09 1.244283552570528984e+09 1.866113901138305664e+00 0.000000000000000000e+00 0.000000000000000000e+00
8.100000000000000000e+01 1.250000000000000000e+00 4.000000000000000000e+00 0.000000000000000000e+00 1.082409352522403479e+09 1.082409352522403479e+09 1.244283552570528984e+09 1.244283552570528984e+09 1.899245023727416992e+00 0.000000000000000000e+00 0.000000000000000000e+00
8.100000000000000000e+01 1.000000000000000000e+00 4.000000000000000000e+00 0.000000000000000000e+00 1.082409352522403479e+09 1.082409352522403479e+09 1.244283552570528984e+09 1.244283552570528984e+09 1.828957080841064453e+00 0.000000000000000000e+00 0.000000000000000000e+00
8.100000000000000000e+01 1.000000000000000000e+00 4.000000000000000000e+00 5.000000000000000000e+00 1.082409352522403479e+09 1.082409352522403479e+09 1.244283552570528984e+09 1.244283552570528984e+09 1.913897037506103516e+00 0.000000000000000000e+00 0.000000000000000000e+00
