# run number, exp fac, ti calc, ti opt, aep init calc (kW), aep init opt (kW), aep run calc (kW), aep run opt (kW), run time (s), obj func calls, sens func calls
1.230000000000000000e+02 3.000000000000000000e+00 4.000000000000000000e+00 0.000000000000000000e+00 1.063253734296111584e+09 1.063253734296111584e+09 1.238832873496046066e+09 1.238832873496046066e+09 6.332607009410858154e+02 0.000000000000000000e+00 0.000000000000000000e+00
1.230000000000000000e+02 2.750000000000000000e+00 4.000000000000000000e+00 0.000000000000000000e+00 1.063253734296111584e+09 1.063253734296111584e+09 1.238832873496046066e+09 1.238832873496046066e+09 5.184739828109741211e+00 0.000000000000000000e+00 0.000000000000000000e+00
1.230000000000000000e+02 2.500000000000000000e+00 4.000000000000000000e+00 0.000000000000000000e+00 1.063253734296111584e+09 1.063253734296111584e+09 1.238832873496046066e+09 1.238832873496046066e+09 5.053317785263061523e+00 0.000000000000000000e+00 0.000000000000000000e+00
1.230000000000000000e+02 2.250000000000000000e+00 4.000000000000000000e+00 0.000000000000000000e+00 1.063253734296111584e+09 1.063253734296111584e+09 1.238832873496046066e+09 1.238832873496046066e+09 5.024158954620361328e+00 0.000000000000000000e+00 0.000000000000000000e+00
1.230000000000000000e+02 2.000000000000000000e+00 4.000000000000000000e+00 0.000000000000000000e+00 1.063253734296111584e+09 1.063253734296111584e+09 1.238832873496046066e+09 1.238832873496046066e+09 5.032181024551391602e+00 0.000000000000000000e+00 0.000000000000000000e+00
1.230000000000000000e+02 1.750000000000000000e+00 4.000000000000000000e+00 0.000000000000000000e+00 1.063253734296111584e+09 1.063253734296111584e+09 1.238832873496046066e+09 1.238832873496046066e+09 5.009446859359741211e+00 0.000000000000000000e+00 0.000000000000000000e+00
1.230000000000000000e+02 1.500000000000000000e+00 4.000000000000000000e+00 0.000000000000000000e+00 1.063253734296111584e+09 1.063253734296111584e+09 1.238832873496046066e+09 1.238832873496046066e+09 4.960488080978393555e+00 0.000000000000000000e+00 0.000000000000000000e+00
1.230000000000000000e+02 1.250000000000000000e+00 4.000000000000000000e+00 0.000000000000000000e+00 1.063253734296111584e+09 1.063253734296111584e+09 1.238832873496046066e+09 1.238832873496046066e+09 4.821702003479003906e+00 0.000000000000000000e+00 0.000000000000000000e+00
1.230000000000000000e+02 1.000000000000000000e+00 4.000000000000000000e+00 0.000000000000000000e+00 1.063253734296111584e+09 1.063253734296111584e+09 1.238832873496046066e+09 1.238832873496046066e+09 4.050606966018676758e+00 0.000000000000000000e+00 0.000000000000000000e+00
1.230000000000000000e+02 1.000000000000000000e+00 4.000000000000000000e+00 5.000000000000000000e+00 1.063253734296111584e+09 1.063253734296111584e+09 1.238832873496046066e+09 1.238832873496046066e+09 3.163173913955688477e+00 0.000000000000000000e+00 0.000000000000000000e+00
