# run number, exp fac, ti calc, ti opt, aep init calc (kW), aep init opt (kW), aep run calc (kW), aep run opt (kW), run time (s), obj func calls, sens func calls
9.700000000000000000e+01 3.000000000000000000e+00 4.000000000000000000e+00 0.000000000000000000e+00 1.048735439109552860e+09 1.048735439109552860e+09 1.222252072855185509e+09 1.222252072855185509e+09 3.989237580299377441e+02 0.000000000000000000e+00 0.000000000000000000e+00
9.700000000000000000e+01 2.750000000000000000e+00 4.000000000000000000e+00 0.000000000000000000e+00 1.048735439109552860e+09 1.048735439109552860e+09 1.222252072855185509e+09 1.222252072855185509e+09 2.805114984512329102e+00 0.000000000000000000e+00 0.000000000000000000e+00
9.700000000000000000e+01 2.500000000000000000e+00 4.000000000000000000e+00 0.000000000000000000e+00 1.048735439109552860e+09 1.048735439109552860e+09 1.222252072855185509e+09 1.222252072855185509e+09 2.801846027374267578e+00 0.000000000000000000e+00 0.000000000000000000e+00
9.700000000000000000e+01 2.250000000000000000e+00 4.000000000000000000e+00 0.000000000000000000e+00 1.048735439109552860e+09 1.048735439109552860e+09 1.222252072855185509e+09 1.222252072855185509e+09 2.819845914840698242e+00 0.000000000000000000e+00 0.000000000000000000e+00
9.700000000000000000e+01 2.000000000000000000e+00 4.000000000000000000e+00 0.000000000000000000e+00 1.048735439109552860e+09 1.048735439109552860e+09 1.222252072855185509e+09 1.222252072855185509e+09 2.828397989273071289e+00 0.000000000000000000e+00 0.000000000000000000e+00
9.700000000000000000e+01 1.750000000000000000e+00 4.000000000000000000e+00 0.000000000000000000e+00 1.048735439109552860e+09 1.048735439109552860e+09 1.222252072855185509e+09 1.222252072855185509e+09 2.837309122085571289e+00 0.000000000000000000e+00 0.000000000000000000e+00
9.700000000000000000e+01 1.500000000000000000e+00 4.000000000000000000e+00 0.000000000000000000e+00 1.048735439109552860e+09 1.048735439109552860e+09 1.222252072855185509e+09 1.222252072855185509e+09 2.824995994567871094e+00 0.000000000000000000e+00 0.000000000000000000e+00
9.700000000000000000e+01 1.250000000000000000e+00 4.000000000000000000e+00 0.000000000000000000e+00 1.048735439109552860e+09 1.048735439109552860e+09 1.222252072855185509e+09 1.222252072855185509e+09 2.822783946990966797e+00 0.000000000000000000e+00 0.000000000000000000e+00
9.700000000000000000e+01 1.000000000000000000e+00 4.000000000000000000e+00 0.000000000000000000e+00 1.048735439109552860e+09 1.048735439109552860e+09 1.222252072855185509e+09 1.222252072855185509e+09 2.819064140319824219e+00 0.000000000000000000e+00 0.000000000000000000e+00
9.700000000000000000e+01 1.000000000000000000e+00 4.000000000000000000e+00 5.000000000000000000e+00 1.048735439109552860e+09 1.048735439109552860e+09 1.222252072855185509e+09 1.222252072855185509e+09 2.815469026565551758e+00 0.000000000000000000e+00 0.000000000000000000e+00
