# run number, exp fac, ti calc, ti opt, aep init calc (kW), aep init opt (kW), aep run calc (kW), aep run opt (kW), run time (s), obj func calls, sens func calls
9.500000000000000000e+01 3.000000000000000000e+00 4.000000000000000000e+00 0.000000000000000000e+00 1.037921102274207473e+09 1.037921102274207473e+09 1.246623225572914839e+09 1.246623225572914839e+09 6.545884709358215332e+02 0.000000000000000000e+00 0.000000000000000000e+00
9.500000000000000000e+01 2.750000000000000000e+00 4.000000000000000000e+00 0.000000000000000000e+00 1.037921102274207473e+09 1.037921102274207473e+09 1.246623225572914839e+09 1.246623225572914839e+09 2.862257957458496094e+00 0.000000000000000000e+00 0.000000000000000000e+00
9.500000000000000000e+01 2.500000000000000000e+00 4.000000000000000000e+00 0.000000000000000000e+00 1.037921102274207473e+09 1.037921102274207473e+09 1.246623225572914839e+09 1.246623225572914839e+09 2.843669891357421875e+00 0.000000000000000000e+00 0.000000000000000000e+00
9.500000000000000000e+01 2.250000000000000000e+00 4.000000000000000000e+00 0.000000000000000000e+00 1.037921102274207473e+09 1.037921102274207473e+09 1.246623225572914839e+09 1.246623225572914839e+09 2.843851089477539062e+00 0.000000000000000000e+00 0.000000000000000000e+00
9.500000000000000000e+01 2.000000000000000000e+00 4.000000000000000000e+00 0.000000000000000000e+00 1.037921102274207473e+09 1.037921102274207473e+09 1.246623225572914839e+09 1.246623225572914839e+09 2.876256942749023438e+00 0.000000000000000000e+00 0.000000000000000000e+00
9.500000000000000000e+01 1.750000000000000000e+00 4.000000000000000000e+00 0.000000000000000000e+00 1.037921102274207473e+09 1.037921102274207473e+09 1.246623225572914839e+09 1.246623225572914839e+09 2.895965099334716797e+00 0.000000000000000000e+00 0.000000000000000000e+00
9.500000000000000000e+01 1.500000000000000000e+00 4.000000000000000000e+00 0.000000000000000000e+00 1.037921102274207473e+09 1.037921102274207473e+09 1.246623225572914839e+09 1.246623225572914839e+09 2.850519180297851562e+00 0.000000000000000000e+00 0.000000000000000000e+00
9.500000000000000000e+01 1.250000000000000000e+00 4.000000000000000000e+00 0.000000000000000000e+00 1.037921102274207473e+09 1.037921102274207473e+09 1.246623225572914839e+09 1.246623225572914839e+09 2.835901975631713867e+00 0.000000000000000000e+00 0.000000000000000000e+00
9.500000000000000000e+01 1.000000000000000000e+00 4.000000000000000000e+00 0.000000000000000000e+00 1.037921102274207473e+09 1.037921102274207473e+09 1.246623225572914839e+09 1.246623225572914839e+09 2.848212957382202148e+00 0.000000000000000000e+00 0.000000000000000000e+00
9.500000000000000000e+01 1.000000000000000000e+00 4.000000000000000000e+00 5.000000000000000000e+00 1.037921102274207473e+09 1.037921102274207473e+09 1.246623225572914839e+09 1.246623225572914839e+09 2.880890130996704102e+00 0.000000000000000000e+00 0.000000000000000000e+00
