# run number, exp fac, ti calc, ti opt, aep init calc (kW), aep init opt (kW), aep run calc (kW), aep run opt (kW), run time (s), obj func calls, sens func calls
0.000000000000000000e+00 3.000000000000000000e+00 4.000000000000000000e+00 0.000000000000000000e+00 1.176132539878532171e+09 1.176132539878532171e+09 1.263263892784411192e+09 1.263263892784411192e+09 3.164732549190521240e+02 0.000000000000000000e+00 0.000000000000000000e+00
0.000000000000000000e+00 2.750000000000000000e+00 4.000000000000000000e+00 0.000000000000000000e+00 1.176132539878532171e+09 1.176132539878532171e+09 1.263263892784411192e+09 1.263263892784411192e+09 2.623468875885009766e+00 0.000000000000000000e+00 0.000000000000000000e+00
0.000000000000000000e+00 2.500000000000000000e+00 4.000000000000000000e+00 0.000000000000000000e+00 1.176132539878532171e+09 1.176132539878532171e+09 1.263263892784411192e+09 1.263263892784411192e+09 2.603402137756347656e+00 0.000000000000000000e+00 0.000000000000000000e+00
0.000000000000000000e+00 2.250000000000000000e+00 4.000000000000000000e+00 0.000000000000000000e+00 1.176132539878532171e+09 1.176132539878532171e+09 1.263263892784411192e+09 1.263263892784411192e+09 2.610481977462768555e+00 0.000000000000000000e+00 0.000000000000000000e+00
0.000000000000000000e+00 2.000000000000000000e+00 4.000000000000000000e+00 0.000000000000000000e+00 1.176132539878532171e+09 1.176132539878532171e+09 1.263263892784411192e+09 1.263263892784411192e+09 2.610224962234497070e+00 0.000000000000000000e+00 0.000000000000000000e+00
0.000000000000000000e+00 1.750000000000000000e+00 4.000000000000000000e+00 0.000000000000000000e+00 1.176132539878532171e+09 1.176132539878532171e+09 1.263263892784411192e+09 1.263263892784411192e+09 2.635861158370971680e+00 0.000000000000000000e+00 0.000000000000000000e+00
0.000000000000000000e+00 1.500000000000000000e+00 4.000000000000000000e+00 0.000000000000000000e+00 1.176132539878532171e+09 1.176132539878532171e+09 1.263263892784411192e+09 1.263263892784411192e+09 2.642884016036987305e+00 0.000000000000000000e+00 0.000000000000000000e+00
0.000000000000000000e+00 1.250000000000000000e+00 4.000000000000000000e+00 0.000000000000000000e+00 1.176132539878532171e+09 1.176132539878532171e+09 1.263263892784411192e+09 1.263263892784411192e+09 2.619971036911010742e+00 0.000000000000000000e+00 0.000000000000000000e+00
0.000000000000000000e+00 1.000000000000000000e+00 4.000000000000000000e+00 0.000000000000000000e+00 1.176132539878532171e+09 1.176132539878532171e+09 1.263263892784411192e+09 1.263263892784411192e+09 2.636955976486206055e+00 0.000000000000000000e+00 0.000000000000000000e+00
0.000000000000000000e+00 1.000000000000000000e+00 4.000000000000000000e+00 5.000000000000000000e+00 1.176132539878532171e+09 1.176132539878532171e+09 1.263263892784411192e+09 1.263263892784411192e+09 2.638428926467895508e+00 0.000000000000000000e+00 0.000000000000000000e+00
