# run number, exp fac, ti calc, ti opt, aep init calc (kW), aep init opt (kW), aep run calc (kW), aep run opt (kW), run time (s), obj func calls, sens func calls
7.800000000000000000e+01 3.000000000000000000e+00 4.000000000000000000e+00 0.000000000000000000e+00 1.061739683043471456e+09 1.061739683043471456e+09 1.239833784107702017e+09 1.239833784107702017e+09 4.381924629211425781e+02 0.000000000000000000e+00 0.000000000000000000e+00
7.800000000000000000e+01 2.750000000000000000e+00 4.000000000000000000e+00 0.000000000000000000e+00 1.061739683043471456e+09 1.061739683043471456e+09 1.239833784107702017e+09 1.239833784107702017e+09 2.700722932815551758e+00 0.000000000000000000e+00 0.000000000000000000e+00
7.800000000000000000e+01 2.500000000000000000e+00 4.000000000000000000e+00 0.000000000000000000e+00 1.061739683043471456e+09 1.061739683043471456e+09 1.239833784107702017e+09 1.239833784107702017e+09 2.776080131530761719e+00 0.000000000000000000e+00 0.000000000000000000e+00
7.800000000000000000e+01 2.250000000000000000e+00 4.000000000000000000e+00 0.000000000000000000e+00 1.061739683043471456e+09 1.061739683043471456e+09 1.239833784107702017e+09 1.239833784107702017e+09 2.720720052719116211e+00 0.000000000000000000e+00 0.000000000000000000e+00
7.800000000000000000e+01 2.000000000000000000e+00 4.000000000000000000e+00 0.000000000000000000e+00 1.061739683043471456e+09 1.061739683043471456e+09 1.239833784107702017e+09 1.239833784107702017e+09 2.775474071502685547e+00 0.000000000000000000e+00 0.000000000000000000e+00
7.800000000000000000e+01 1.750000000000000000e+00 4.000000000000000000e+00 0.000000000000000000e+00 1.061739683043471456e+09 1.061739683043471456e+09 1.239833784107702017e+09 1.239833784107702017e+09 2.742629051208496094e+00 0.000000000000000000e+00 0.000000000000000000e+00
7.800000000000000000e+01 1.500000000000000000e+00 4.000000000000000000e+00 0.000000000000000000e+00 1.061739683043471456e+09 1.061739683043471456e+09 1.239833784107702017e+09 1.239833784107702017e+09 2.717827796936035156e+00 0.000000000000000000e+00 0.000000000000000000e+00
7.800000000000000000e+01 1.250000000000000000e+00 4.000000000000000000e+00 0.000000000000000000e+00 1.061739683043471456e+09 1.061739683043471456e+09 1.239833784107702017e+09 1.239833784107702017e+09 2.712964773178100586e+00 0.000000000000000000e+00 0.000000000000000000e+00
7.800000000000000000e+01 1.000000000000000000e+00 4.000000000000000000e+00 0.000000000000000000e+00 1.061739683043471456e+09 1.061739683043471456e+09 1.239833784107702017e+09 1.239833784107702017e+09 2.732009887695312500e+00 0.000000000000000000e+00 0.000000000000000000e+00
7.800000000000000000e+01 1.000000000000000000e+00 4.000000000000000000e+00 5.000000000000000000e+00 1.061739683043471456e+09 1.061739683043471456e+09 1.239833784107702017e+09 1.239833784107702017e+09 2.697469949722290039e+00 0.000000000000000000e+00 0.000000000000000000e+00
