# run number, exp fac, ti calc, ti opt, aep init calc (kW), aep init opt (kW), aep run calc (kW), aep run opt (kW), run time (s), obj func calls, sens func calls
9.600000000000000000e+01 3.000000000000000000e+00 4.000000000000000000e+00 0.000000000000000000e+00 1.084047321173541069e+09 1.084047321173541069e+09 1.241265737551268816e+09 1.241265737551268816e+09 6.008357210159301758e+02 0.000000000000000000e+00 0.000000000000000000e+00
9.600000000000000000e+01 2.750000000000000000e+00 4.000000000000000000e+00 0.000000000000000000e+00 1.084047321173541069e+09 1.084047321173541069e+09 1.241265737551268816e+09 1.241265737551268816e+09 2.627229928970336914e+00 0.000000000000000000e+00 0.000000000000000000e+00
9.600000000000000000e+01 2.500000000000000000e+00 4.000000000000000000e+00 0.000000000000000000e+00 1.084047321173541069e+09 1.084047321173541069e+09 1.241265737551268816e+09 1.241265737551268816e+09 2.672308921813964844e+00 0.000000000000000000e+00 0.000000000000000000e+00
9.600000000000000000e+01 2.250000000000000000e+00 4.000000000000000000e+00 0.000000000000000000e+00 1.084047321173541069e+09 1.084047321173541069e+09 1.241265737551268816e+09 1.241265737551268816e+09 2.729089975357055664e+00 0.000000000000000000e+00 0.000000000000000000e+00
9.600000000000000000e+01 2.000000000000000000e+00 4.000000000000000000e+00 0.000000000000000000e+00 1.084047321173541069e+09 1.084047321173541069e+09 1.241265737551268816e+09 1.241265737551268816e+09 2.654159784317016602e+00 0.000000000000000000e+00 0.000000000000000000e+00
9.600000000000000000e+01 1.750000000000000000e+00 4.000000000000000000e+00 0.000000000000000000e+00 1.084047321173541069e+09 1.084047321173541069e+09 1.241265737551268816e+09 1.241265737551268816e+09 2.659574031829833984e+00 0.000000000000000000e+00 0.000000000000000000e+00
9.600000000000000000e+01 1.500000000000000000e+00 4.000000000000000000e+00 0.000000000000000000e+00 1.084047321173541069e+09 1.084047321173541069e+09 1.241265737551268816e+09 1.241265737551268816e+09 2.669103145599365234e+00 0.000000000000000000e+00 0.000000000000000000e+00
9.600000000000000000e+01 1.250000000000000000e+00 4.000000000000000000e+00 0.000000000000000000e+00 1.084047321173541069e+09 1.084047321173541069e+09 1.241265737551268816e+09 1.241265737551268816e+09 2.656882047653198242e+00 0.000000000000000000e+00 0.000000000000000000e+00
9.600000000000000000e+01 1.000000000000000000e+00 4.000000000000000000e+00 0.000000000000000000e+00 1.084047321173541069e+09 1.084047321173541069e+09 1.241265737551268816e+09 1.241265737551268816e+09 2.702950954437255859e+00 0.000000000000000000e+00 0.000000000000000000e+00
9.600000000000000000e+01 1.000000000000000000e+00 4.000000000000000000e+00 5.000000000000000000e+00 1.084047321173541069e+09 1.084047321173541069e+09 1.241265737551268816e+09 1.241265737551268816e+09 2.688607931137084961e+00 0.000000000000000000e+00 0.000000000000000000e+00
