# # run number, ti calc, ti opt, aep init calc (kW), aep init opt (kW), aep run calc (kW), aep run opt (kW), run time (s), obj func calls, sens func calls
0.000000000000000000e+00 1.000000000000000000e+00 4.000000000000000000e+00 0.000000000000000000e+00 9.698615658924242258e+08 9.608335942011314631e+08 1.044272220860235691e+09 1.043579458264939666e+09 2.198707630634307861e+02 1.300000000000000000e+02 1.260000000000000000e+02
1.000000000000000000e+00 1.000000000000000000e+00 4.000000000000000000e+00 0.000000000000000000e+00 8.194714595797584057e+08 8.017850895129568577e+08 9.842238051215910912e+08 9.836142477923228741e+08 5.588943300247192383e+02 2.560000000000000000e+02 2.520000000000000000e+02
2.000000000000000000e+00 1.000000000000000000e+00 4.000000000000000000e+00 0.000000000000000000e+00 8.146508322264180183e+08 7.944748787986153364e+08 1.001351058314007163e+09 1.000593118169529438e+09 7.254812150001525879e+02 3.510000000000000000e+02 3.460000000000000000e+02
3.000000000000000000e+00 1.000000000000000000e+00 4.000000000000000000e+00 0.000000000000000000e+00 8.685256195739291906e+08 8.554130359384670258e+08 1.004420053589990258e+09 1.003803288969017148e+09 5.423809700012207031e+02 2.990000000000000000e+02 2.940000000000000000e+02
4.000000000000000000e+00 1.000000000000000000e+00 4.000000000000000000e+00 0.000000000000000000e+00 8.614953989516531229e+08 8.425276894750173092e+08 9.977532811086050272e+08 9.958038317984802723e+08 3.880419020652770996e+02 2.060000000000000000e+02 2.020000000000000000e+02
5.000000000000000000e+00 1.000000000000000000e+00 4.000000000000000000e+00 0.000000000000000000e+00 8.323195805467363596e+08 8.153156990793813467e+08 1.005546747531412363e+09 1.005020011393139005e+09 1.011346674919128418e+03 5.670000000000000000e+02 5.620000000000000000e+02
6.000000000000000000e+00 1.000000000000000000e+00 4.000000000000000000e+00 0.000000000000000000e+00 8.298717600765730143e+08 8.074307862883542776e+08 1.004346047295568824e+09 1.003024396228887558e+09 3.814903519153594971e+02 1.990000000000000000e+02 1.950000000000000000e+02
7.000000000000000000e+00 1.000000000000000000e+00 4.000000000000000000e+00 0.000000000000000000e+00 8.463316318084439039e+08 8.329355256793346405e+08 1.018458981191075325e+09 1.018974304411098480e+09 3.607024080753326416e+02 1.970000000000000000e+02 1.930000000000000000e+02
8.000000000000000000e+00 1.000000000000000000e+00 4.000000000000000000e+00 0.000000000000000000e+00 8.365283213574746847e+08 8.176724857575435638e+08 1.007556474907204151e+09 1.006983846237902164e+09 4.819797058105468750e+02 2.370000000000000000e+02 2.330000000000000000e+02
9.000000000000000000e+00 1.000000000000000000e+00 4.000000000000000000e+00 0.000000000000000000e+00 8.243563440019340515e+08 8.060215592025579214e+08 1.017385723510780811e+09 1.018259733520885229e+09 3.215066690444946289e+02 1.820000000000000000e+02 1.780000000000000000e+02
1.000000000000000000e+01 1.000000000000000000e+00 4.000000000000000000e+00 0.000000000000000000e+00 8.557321452490423918e+08 8.405500238519446850e+08 1.021864759460513711e+09 1.023104007955189824e+09 3.841567659378051758e+02 2.140000000000000000e+02 2.100000000000000000e+02
1.100000000000000000e+01 1.000000000000000000e+00 4.000000000000000000e+00 0.000000000000000000e+00 8.218779721089138985e+08 8.011624016702821255e+08 1.002524440104513764e+09 1.001490565861764073e+09 6.048900110721588135e+02 3.150000000000000000e+02 3.110000000000000000e+02
1.200000000000000000e+01 1.000000000000000000e+00 4.000000000000000000e+00 0.000000000000000000e+00 8.560055923708398342e+08 8.368821437116190195e+08 1.005237884110569715e+09 1.004353238591348290e+09 8.640399210453033447e+02 4.900000000000000000e+02 4.860000000000000000e+02
1.300000000000000000e+01 1.000000000000000000e+00 4.000000000000000000e+00 0.000000000000000000e+00 7.985456457433402538e+08 7.813937985588002205e+08 1.011794374018702745e+09 1.011812828857190490e+09 7.637150979042053223e+02 3.170000000000000000e+02 3.130000000000000000e+02
1.400000000000000000e+01 1.000000000000000000e+00 4.000000000000000000e+00 0.000000000000000000e+00 8.173470097511314154e+08 7.976546415601245165e+08 1.013345241830782294e+09 1.012021420111917973e+09 1.857509047031402588e+03 1.047000000000000000e+03 1.043000000000000000e+03
1.500000000000000000e+01 1.000000000000000000e+00 4.000000000000000000e+00 0.000000000000000000e+00 8.186882617099429369e+08 8.021601538304677010e+08 1.006377816076210618e+09 1.004173080751029968e+09 4.112984368801116943e+02 2.440000000000000000e+02 2.390000000000000000e+02
1.600000000000000000e+01 1.000000000000000000e+00 4.000000000000000000e+00 0.000000000000000000e+00 8.609993543305261135e+08 8.458847156217027903e+08 1.011780553231183290e+09 1.011640779920326471e+09 2.464890780448913574e+02 1.500000000000000000e+02 1.460000000000000000e+02
1.700000000000000000e+01 1.000000000000000000e+00 4.000000000000000000e+00 0.000000000000000000e+00 8.320884566734415293e+08 8.155506723434416056e+08 9.887733728261715174e+08 9.876642135318669081e+08 4.496323800086975098e+02 2.630000000000000000e+02 2.580000000000000000e+02
1.800000000000000000e+01 1.000000000000000000e+00 4.000000000000000000e+00 0.000000000000000000e+00 8.081747523021608591e+08 7.879396041077604294e+08 9.851226091577666998e+08 9.832480747865287066e+08 4.872309160232543945e+02 2.290000000000000000e+02 2.250000000000000000e+02
1.900000000000000000e+01 1.000000000000000000e+00 4.000000000000000000e+00 0.000000000000000000e+00 8.787295427163072824e+08 8.638260753543312550e+08 1.000554585949176550e+09 9.987299886114903688e+08 8.924640789031982422e+02 4.330000000000000000e+02 4.290000000000000000e+02
2.000000000000000000e+01 1.000000000000000000e+00 4.000000000000000000e+00 0.000000000000000000e+00 8.486920821973627806e+08 8.294985580547249317e+08 9.970868472243008614e+08 9.958336336455790997e+08 7.735055379867553711e+02 4.620000000000000000e+02 4.580000000000000000e+02
2.100000000000000000e+01 1.000000000000000000e+00 4.000000000000000000e+00 0.000000000000000000e+00 8.425646208444045782e+08 8.200539199242169857e+08 1.022512626518406630e+09 1.021763147990167499e+09 2.468606290817260742e+02 1.550000000000000000e+02 1.510000000000000000e+02
2.200000000000000000e+01 1.000000000000000000e+00 4.000000000000000000e+00 0.000000000000000000e+00 8.670167835704218149e+08 8.508548172045294046e+08 1.010974892426531553e+09 1.010629538814748883e+09 3.711768660545349121e+02 2.340000000000000000e+02 2.300000000000000000e+02
2.300000000000000000e+01 1.000000000000000000e+00 4.000000000000000000e+00 0.000000000000000000e+00 8.274085687483694553e+08 8.117889228494577408e+08 1.010914578496736050e+09 1.011067952308794975e+09 5.161605019569396973e+02 2.340000000000000000e+02 2.300000000000000000e+02
2.400000000000000000e+01 1.000000000000000000e+00 4.000000000000000000e+00 0.000000000000000000e+00 8.270643367233660221e+08 8.080517385251932144e+08 1.019516478415478826e+09 1.019386450503473043e+09 2.065334028005599976e+03 1.063000000000000000e+03 1.058000000000000000e+03
2.500000000000000000e+01 1.000000000000000000e+00 4.000000000000000000e+00 0.000000000000000000e+00 8.254192393565590382e+08 8.045229914134379625e+08 1.002846552894341230e+09 1.001428025775725603e+09 3.623085341453552246e+02 2.160000000000000000e+02 2.120000000000000000e+02
2.600000000000000000e+01 1.000000000000000000e+00 4.000000000000000000e+00 0.000000000000000000e+00 8.341095516421741247e+08 8.177242536823391914e+08 1.001147279693210959e+09 1.000567540889682651e+09 4.137858109474182129e+02 2.480000000000000000e+02 2.430000000000000000e+02
2.700000000000000000e+01 1.000000000000000000e+00 4.000000000000000000e+00 0.000000000000000000e+00 8.448280091984957457e+08 8.220443456316519976e+08 1.012033487925327778e+09 1.012218014563576937e+09 4.962019078731536865e+02 3.070000000000000000e+02 3.030000000000000000e+02
2.800000000000000000e+01 1.000000000000000000e+00 4.000000000000000000e+00 0.000000000000000000e+00 8.588971794474827051e+08 8.394917752868206501e+08 9.932042629110025167e+08 9.913371685567287207e+08 3.663020476603507996e+04 2.162100000000000000e+04 2.161700000000000000e+04
2.900000000000000000e+01 1.000000000000000000e+00 4.000000000000000000e+00 0.000000000000000000e+00 8.684423135368735790e+08 8.477081694869778156e+08 1.000145856823571086e+09 9.998547922219707966e+08 2.946484010219573975e+02 1.520000000000000000e+02 1.480000000000000000e+02
3.000000000000000000e+01 1.000000000000000000e+00 4.000000000000000000e+00 0.000000000000000000e+00 8.538095658862922192e+08 8.354588558924130201e+08 1.006768758918629408e+09 1.006144933143504262e+09 3.897852189540863037e+02 2.020000000000000000e+02 1.980000000000000000e+02
3.100000000000000000e+01 1.000000000000000000e+00 4.000000000000000000e+00 0.000000000000000000e+00 8.234845958994250298e+08 8.055443185341757536e+08 1.010932008424909115e+09 1.008902043491171718e+09 6.813899531364440918e+02 3.840000000000000000e+02 3.800000000000000000e+02
3.200000000000000000e+01 1.000000000000000000e+00 4.000000000000000000e+00 0.000000000000000000e+00 8.386373479890394211e+08 8.165030863122874498e+08 9.967624830609862804e+08 9.951805434339083433e+08 4.102032380104064941e+02 1.870000000000000000e+02 1.830000000000000000e+02
3.300000000000000000e+01 1.000000000000000000e+00 4.000000000000000000e+00 0.000000000000000000e+00 8.284953925953204632e+08 8.111921734972943068e+08 9.951019341832572222e+08 9.947358650525141954e+08 2.462033004045486450e+03 1.470000000000000000e+03 1.466000000000000000e+03
3.400000000000000000e+01 1.000000000000000000e+00 4.000000000000000000e+00 0.000000000000000000e+00 8.286634636958100796e+08 8.094298731471581459e+08 1.001530751319093466e+09 1.002131952776741505e+09 6.549500548839569092e+02 3.400000000000000000e+02 3.350000000000000000e+02
3.500000000000000000e+01 1.000000000000000000e+00 4.000000000000000000e+00 0.000000000000000000e+00 8.111948028508449793e+08 7.896916040769451857e+08 1.016394973120127320e+09 1.015554121258820772e+09 1.490998131036758423e+03 6.240000000000000000e+02 6.200000000000000000e+02
3.600000000000000000e+01 1.000000000000000000e+00 4.000000000000000000e+00 0.000000000000000000e+00 8.516402273869673014e+08 8.319469261655465364e+08 1.013789420643796921e+09 1.014862782121052146e+09 7.444857649803161621e+02 3.730000000000000000e+02 3.690000000000000000e+02
3.700000000000000000e+01 1.000000000000000000e+00 4.000000000000000000e+00 0.000000000000000000e+00 8.878748705692952871e+08 8.741564460484975576e+08 1.003335689234704494e+09 1.002305426239062548e+09 7.309229431152343750e+02 3.020000000000000000e+02 2.970000000000000000e+02
3.800000000000000000e+01 1.000000000000000000e+00 4.000000000000000000e+00 0.000000000000000000e+00 8.272891297160171270e+08 8.065178644081786871e+08 9.966607936054490805e+08 9.950660875838992596e+08 4.488412189483642578e+02 1.890000000000000000e+02 1.850000000000000000e+02
3.900000000000000000e+01 1.000000000000000000e+00 4.000000000000000000e+00 0.000000000000000000e+00 8.466245123714698553e+08 8.217624113423841000e+08 1.015611919042275429e+09 1.015273656347829700e+09 1.266949010610580444e+04 8.399000000000000000e+03 8.395000000000000000e+03
4.000000000000000000e+01 1.000000000000000000e+00 4.000000000000000000e+00 0.000000000000000000e+00 8.514681869738949537e+08 8.318775716933598518e+08 1.002096117319656491e+09 1.001592419077716351e+09 2.889717929363250732e+02 1.780000000000000000e+02 1.740000000000000000e+02
4.100000000000000000e+01 1.000000000000000000e+00 4.000000000000000000e+00 0.000000000000000000e+00 8.549386779972639084e+08 8.381358987069817781e+08 1.022301487918188214e+09 1.022438151992275476e+09 3.248781299591064453e+02 2.030000000000000000e+02 1.990000000000000000e+02
4.200000000000000000e+01 1.000000000000000000e+00 4.000000000000000000e+00 0.000000000000000000e+00 8.664828336407316923e+08 8.508617747999444008e+08 1.006274831038300753e+09 1.005682331118782997e+09 3.243951900005340576e+02 1.960000000000000000e+02 1.920000000000000000e+02
4.300000000000000000e+01 1.000000000000000000e+00 4.000000000000000000e+00 0.000000000000000000e+00 8.224867830647665262e+08 8.043810069601180553e+08 1.015887531351014853e+09 1.015819461632581234e+09 4.046001229286193848e+02 2.490000000000000000e+02 2.450000000000000000e+02
4.400000000000000000e+01 1.000000000000000000e+00 4.000000000000000000e+00 0.000000000000000000e+00 8.556705247222728729e+08 8.387190406793700457e+08 9.967273024750671387e+08 9.955440137136348486e+08 2.823564760684967041e+02 1.700000000000000000e+02 1.660000000000000000e+02
4.500000000000000000e+01 1.000000000000000000e+00 4.000000000000000000e+00 0.000000000000000000e+00 8.556516941213936806e+08 8.372363947755477428e+08 1.017748292357199907e+09 1.017912112366674304e+09 2.965719938278198242e+02 1.800000000000000000e+02 1.760000000000000000e+02
4.600000000000000000e+01 1.000000000000000000e+00 4.000000000000000000e+00 0.000000000000000000e+00 8.425574994422279596e+08 8.265860047816667557e+08 9.991500289987823963e+08 9.984176223581957817e+08 6.661314940452575684e+02 4.080000000000000000e+02 4.030000000000000000e+02
4.700000000000000000e+01 1.000000000000000000e+00 4.000000000000000000e+00 0.000000000000000000e+00 8.351068304747542143e+08 8.142721052894041538e+08 1.003066331711945534e+09 1.002706092914830685e+09 8.003991451263427734e+02 3.130000000000000000e+02 3.090000000000000000e+02
4.800000000000000000e+01 1.000000000000000000e+00 4.000000000000000000e+00 0.000000000000000000e+00 8.371803249190294743e+08 8.128174487643522024e+08 1.012845199371608973e+09 1.012023067852472782e+09 6.831597540378570557e+02 3.580000000000000000e+02 3.530000000000000000e+02
4.900000000000000000e+01 1.000000000000000000e+00 4.000000000000000000e+00 0.000000000000000000e+00 8.504133235109106302e+08 8.270028289139083624e+08 9.888841561879909039e+08 9.859409165299682617e+08 6.488263580799102783e+02 3.400000000000000000e+02 3.360000000000000000e+02
5.000000000000000000e+01 1.000000000000000000e+00 4.000000000000000000e+00 0.000000000000000000e+00 8.354004035377444029e+08 8.136996979382722378e+08 1.011247367552703023e+09 1.009714985423354745e+09 6.287266688346862793e+02 3.070000000000000000e+02 3.030000000000000000e+02
5.100000000000000000e+01 1.000000000000000000e+00 4.000000000000000000e+00 0.000000000000000000e+00 8.532730846862850189e+08 8.323217690669807196e+08 1.008713972916655779e+09 1.007058065942722082e+09 5.014911570549011230e+02 2.440000000000000000e+02 2.400000000000000000e+02
5.200000000000000000e+01 1.000000000000000000e+00 4.000000000000000000e+00 0.000000000000000000e+00 8.443480801298950911e+08 8.271638014315570593e+08 9.944335500366671085e+08 9.938557814355815649e+08 3.443828558921813965e+02 1.650000000000000000e+02 1.610000000000000000e+02
5.300000000000000000e+01 1.000000000000000000e+00 4.000000000000000000e+00 0.000000000000000000e+00 8.274728274846398830e+08 8.121421805547966957e+08 1.005125728479701042e+09 1.005305835965350389e+09 7.442299880981445312e+02 4.180000000000000000e+02 4.130000000000000000e+02
5.400000000000000000e+01 1.000000000000000000e+00 4.000000000000000000e+00 0.000000000000000000e+00 8.421817444442266226e+08 8.220509354325829744e+08 1.029707080481772780e+09 1.029028859419634819e+09 7.078481199741363525e+02 4.040000000000000000e+02 4.000000000000000000e+02
5.500000000000000000e+01 1.000000000000000000e+00 4.000000000000000000e+00 0.000000000000000000e+00 8.604110876268893480e+08 8.449332309926182032e+08 1.001030170397904277e+09 9.996270164258025885e+08 4.407257540225982666e+02 2.350000000000000000e+02 2.310000000000000000e+02
5.600000000000000000e+01 1.000000000000000000e+00 4.000000000000000000e+00 0.000000000000000000e+00 8.479021430069785118e+08 8.286771047281975746e+08 1.001292091587624788e+09 9.994992719999552965e+08 7.192745270729064941e+02 3.800000000000000000e+02 3.750000000000000000e+02
5.700000000000000000e+01 1.000000000000000000e+00 4.000000000000000000e+00 0.000000000000000000e+00 8.695442937174164057e+08 8.526981732278491259e+08 1.023061393659059525e+09 1.023522373083226323e+09 7.697058820724487305e+02 4.220000000000000000e+02 4.180000000000000000e+02
5.800000000000000000e+01 1.000000000000000000e+00 4.000000000000000000e+00 0.000000000000000000e+00 8.482931324209785461e+08 8.286723156361756325e+08 1.008619968320861220e+09 1.008232989581183553e+09 9.785979568958282471e+02 5.280000000000000000e+02 5.230000000000000000e+02
5.900000000000000000e+01 1.000000000000000000e+00 4.000000000000000000e+00 0.000000000000000000e+00 8.354176210794137716e+08 8.147257239797725677e+08 1.014127636332535148e+09 1.014435157337359905e+09 1.400767737865447998e+03 7.720000000000000000e+02 7.680000000000000000e+02
6.000000000000000000e+01 1.000000000000000000e+00 4.000000000000000000e+00 0.000000000000000000e+00 8.463994723831051588e+08 8.295715139753148556e+08 9.918897732320525646e+08 9.909703452395970821e+08 6.817205510139465332e+02 3.640000000000000000e+02 3.590000000000000000e+02
6.100000000000000000e+01 1.000000000000000000e+00 4.000000000000000000e+00 0.000000000000000000e+00 8.733558113068070412e+08 8.583564935596494675e+08 1.009764296715110302e+09 1.008960049223310709e+09 7.034039897918701172e+02 3.970000000000000000e+02 3.930000000000000000e+02
6.200000000000000000e+01 1.000000000000000000e+00 4.000000000000000000e+00 0.000000000000000000e+00 8.767687650739015341e+08 8.621052928511340618e+08 1.018790230477176428e+09 1.019687447328505874e+09 6.000133099555969238e+02 3.310000000000000000e+02 3.270000000000000000e+02
6.300000000000000000e+01 1.000000000000000000e+00 4.000000000000000000e+00 0.000000000000000000e+00 8.410134353692523241e+08 8.189830981919234991e+08 9.953836914610146284e+08 9.935849980788514614e+08 7.989442000389099121e+02 4.590000000000000000e+02 4.540000000000000000e+02
6.400000000000000000e+01 1.000000000000000000e+00 4.000000000000000000e+00 0.000000000000000000e+00 8.021904889360206127e+08 7.773217098178424835e+08 9.959695233447890282e+08 9.954866792222610712e+08 5.367784931659698486e+02 2.910000000000000000e+02 2.870000000000000000e+02
6.500000000000000000e+01 1.000000000000000000e+00 4.000000000000000000e+00 0.000000000000000000e+00 8.228700611573141813e+08 8.033407360228627920e+08 9.844767087131179571e+08 9.818789019164725542e+08 3.706718769073486328e+02 1.930000000000000000e+02 1.880000000000000000e+02
6.600000000000000000e+01 1.000000000000000000e+00 4.000000000000000000e+00 0.000000000000000000e+00 8.779487061911865473e+08 8.626433027392171621e+08 1.011887074462814093e+09 1.012178428250452876e+09 3.011424770355224609e+02 1.740000000000000000e+02 1.700000000000000000e+02
6.700000000000000000e+01 1.000000000000000000e+00 4.000000000000000000e+00 0.000000000000000000e+00 8.549296996640331745e+08 8.375042961447033882e+08 1.021541468207496762e+09 1.020644245770820379e+09 2.761927468776702881e+02 1.540000000000000000e+02 1.500000000000000000e+02
6.800000000000000000e+01 1.000000000000000000e+00 4.000000000000000000e+00 0.000000000000000000e+00 8.504144907276262045e+08 8.345614548098405600e+08 1.008444590123454452e+09 1.008033016213194013e+09 1.161388027906417847e+03 6.600000000000000000e+02 6.560000000000000000e+02
6.900000000000000000e+01 1.000000000000000000e+00 4.000000000000000000e+00 0.000000000000000000e+00 8.319618934039030075e+08 8.139345493758894205e+08 1.013481493223566413e+09 1.014223548630832314e+09 3.468022940158843994e+02 1.850000000000000000e+02 1.810000000000000000e+02
7.000000000000000000e+01 1.000000000000000000e+00 4.000000000000000000e+00 0.000000000000000000e+00 8.296933862871264219e+08 8.111845651737972498e+08 1.011969411664753675e+09 1.011401838340291858e+09 4.479160180091857910e+02 2.190000000000000000e+02 2.150000000000000000e+02
7.100000000000000000e+01 1.000000000000000000e+00 4.000000000000000000e+00 0.000000000000000000e+00 8.072958911371517181e+08 7.864399489502614737e+08 1.007538627157884836e+09 1.006765148498657346e+09 4.991555569171905518e+02 2.720000000000000000e+02 2.680000000000000000e+02
7.200000000000000000e+01 1.000000000000000000e+00 4.000000000000000000e+00 0.000000000000000000e+00 8.567101505945761204e+08 8.348960894108906984e+08 1.008018437359353542e+09 1.007175669580869317e+09 6.853918499946594238e+02 4.110000000000000000e+02 4.060000000000000000e+02
7.300000000000000000e+01 1.000000000000000000e+00 4.000000000000000000e+00 0.000000000000000000e+00 8.469303012580233812e+08 8.295986760233114958e+08 1.010875432082462311e+09 1.011466510505823731e+09 5.563295140266418457e+02 2.830000000000000000e+02 2.790000000000000000e+02
7.400000000000000000e+01 1.000000000000000000e+00 4.000000000000000000e+00 0.000000000000000000e+00 8.705082738554171324e+08 8.547177398055168390e+08 9.996797404720371962e+08 9.995749692524694204e+08 6.251049470901489258e+02 3.640000000000000000e+02 3.590000000000000000e+02
7.500000000000000000e+01 1.000000000000000000e+00 4.000000000000000000e+00 0.000000000000000000e+00 8.631938610894165039e+08 8.450972150010582209e+08 9.974806031529867649e+08 9.979550535740517378e+08 5.787307920455932617e+02 3.280000000000000000e+02 3.230000000000000000e+02
7.600000000000000000e+01 1.000000000000000000e+00 4.000000000000000000e+00 0.000000000000000000e+00 8.381428882040333748e+08 8.235373710519851446e+08 1.004240720208305478e+09 1.002970676822670341e+09 4.285600168704986572e+02 2.570000000000000000e+02 2.530000000000000000e+02
7.700000000000000000e+01 1.000000000000000000e+00 4.000000000000000000e+00 0.000000000000000000e+00 8.608066137368091345e+08 8.430671915461617708e+08 1.016329309579162002e+09 1.016341911603278518e+09 3.616020681858062744e+02 2.230000000000000000e+02 2.190000000000000000e+02
7.800000000000000000e+01 1.000000000000000000e+00 4.000000000000000000e+00 0.000000000000000000e+00 8.556912198022953272e+08 8.375982260770533085e+08 1.007259960976463556e+09 1.006379527265767217e+09 4.371588230133056641e+02 2.570000000000000000e+02 2.530000000000000000e+02
7.900000000000000000e+01 1.000000000000000000e+00 4.000000000000000000e+00 0.000000000000000000e+00 8.444206187175035477e+08 8.215954747838591337e+08 9.962999773387390375e+08 9.947111158538531065e+08 1.113850666999816895e+03 6.270000000000000000e+02 6.220000000000000000e+02
8.000000000000000000e+01 1.000000000000000000e+00 4.000000000000000000e+00 0.000000000000000000e+00 7.986325969670503139e+08 7.791598358793212175e+08 1.005208019250234842e+09 1.004610937211689234e+09 1.030831018924713135e+03 5.990000000000000000e+02 5.950000000000000000e+02
8.100000000000000000e+01 1.000000000000000000e+00 4.000000000000000000e+00 0.000000000000000000e+00 8.806694437303922176e+08 8.659227081158850193e+08 1.006944601385155797e+09 1.005617329807100773e+09 6.199761781692504883e+02 3.920000000000000000e+02 3.870000000000000000e+02
8.200000000000000000e+01 1.000000000000000000e+00 4.000000000000000000e+00 0.000000000000000000e+00 8.633017477252711058e+08 8.401303457926096916e+08 9.932825664589585066e+08 9.910729096738131046e+08 2.775136089324951172e+02 1.660000000000000000e+02 1.620000000000000000e+02
8.300000000000000000e+01 1.000000000000000000e+00 4.000000000000000000e+00 0.000000000000000000e+00 8.585853578744139671e+08 8.398549342945672274e+08 1.022311448903389335e+09 1.021760939694133043e+09 3.761661589145660400e+02 2.230000000000000000e+02 2.190000000000000000e+02
8.400000000000000000e+01 1.000000000000000000e+00 4.000000000000000000e+00 0.000000000000000000e+00 8.640404867682110071e+08 8.494433568275605440e+08 1.010464194362977862e+09 1.010303805472189784e+09 5.008574130535125732e+02 2.870000000000000000e+02 2.830000000000000000e+02
8.500000000000000000e+01 1.000000000000000000e+00 4.000000000000000000e+00 0.000000000000000000e+00 8.394886725133798122e+08 8.200983234201081991e+08 9.836114829378640652e+08 9.804680467389236689e+08 3.257720968723297119e+02 1.940000000000000000e+02 1.900000000000000000e+02
8.600000000000000000e+01 1.000000000000000000e+00 4.000000000000000000e+00 0.000000000000000000e+00 8.079617620372545719e+08 7.881447359009965658e+08 9.934110090709588528e+08 9.904397552879639864e+08 7.516630771160125732e+02 3.440000000000000000e+02 3.400000000000000000e+02
8.700000000000000000e+01 1.000000000000000000e+00 4.000000000000000000e+00 0.000000000000000000e+00 8.660608577068672180e+08 8.522527970104761124e+08 9.936958367367153168e+08 9.927377026211439371e+08 9.920036690235137939e+02 4.910000000000000000e+02 4.860000000000000000e+02
8.800000000000000000e+01 1.000000000000000000e+00 4.000000000000000000e+00 0.000000000000000000e+00 8.455889002564339638e+08 8.302749536889026165e+08 1.015076262797557712e+09 1.014565884358408928e+09 7.025414259433746338e+02 3.330000000000000000e+02 3.290000000000000000e+02
8.900000000000000000e+01 1.000000000000000000e+00 4.000000000000000000e+00 0.000000000000000000e+00 8.445436286177604198e+08 8.237291420936797857e+08 1.009251809011885405e+09 1.008677139857765913e+09 8.143270640373229980e+02 4.120000000000000000e+02 4.080000000000000000e+02
9.000000000000000000e+01 1.000000000000000000e+00 4.000000000000000000e+00 0.000000000000000000e+00 8.507844571426104307e+08 8.296723796075412035e+08 1.011445606939694881e+09 1.009802171925230861e+09 4.108910849094390869e+02 1.860000000000000000e+02 1.820000000000000000e+02
9.100000000000000000e+01 1.000000000000000000e+00 4.000000000000000000e+00 0.000000000000000000e+00 8.658513153807935715e+08 8.517057790747063160e+08 1.013497922594458699e+09 1.013138540047054172e+09 3.865909149646759033e+02 1.770000000000000000e+02 1.730000000000000000e+02
9.200000000000000000e+01 1.000000000000000000e+00 4.000000000000000000e+00 0.000000000000000000e+00 8.423473411852046251e+08 8.261496644296250343e+08 1.023504623433299065e+09 1.024040494074033976e+09 5.613859369754791260e+02 2.800000000000000000e+02 2.760000000000000000e+02
9.300000000000000000e+01 1.000000000000000000e+00 4.000000000000000000e+00 0.000000000000000000e+00 8.670246299001529217e+08 8.518981803241140842e+08 1.004235340460558057e+09 1.002960428587667346e+09 5.125622508525848389e+02 2.490000000000000000e+02 2.440000000000000000e+02
9.400000000000000000e+01 1.000000000000000000e+00 4.000000000000000000e+00 0.000000000000000000e+00 8.391614823150572777e+08 8.193162048332467079e+08 9.981684261126885414e+08 9.968251573071187735e+08 3.044718911647796631e+02 1.400000000000000000e+02 1.360000000000000000e+02
9.500000000000000000e+01 1.000000000000000000e+00 4.000000000000000000e+00 0.000000000000000000e+00 8.415831324356746674e+08 8.206454857516471148e+08 9.986813420135443211e+08 9.980234832909424305e+08 3.264559018611907959e+02 1.890000000000000000e+02 1.850000000000000000e+02
9.600000000000000000e+01 1.000000000000000000e+00 4.000000000000000000e+00 0.000000000000000000e+00 8.740710684979684353e+08 8.580432872990485430e+08 1.011483891248269677e+09 1.010172587214650750e+09 4.157398450374603271e+02 2.680000000000000000e+02 2.630000000000000000e+02
9.700000000000000000e+01 1.000000000000000000e+00 4.000000000000000000e+00 0.000000000000000000e+00 8.485294131684621572e+08 8.291456711695623398e+08 1.020737547780504465e+09 1.019863953456211329e+09 5.874965100288391113e+02 3.680000000000000000e+02 3.640000000000000000e+02
9.800000000000000000e+01 1.000000000000000000e+00 4.000000000000000000e+00 0.000000000000000000e+00 8.380290428168706894e+08 8.192892578229151964e+08 9.853876857656126022e+08 9.841733085010000467e+08 4.791717288494110107e+02 2.850000000000000000e+02 2.800000000000000000e+02
9.900000000000000000e+01 1.000000000000000000e+00 4.000000000000000000e+00 0.000000000000000000e+00 8.664581959491130114e+08 8.514928535038651228e+08 9.961510083220044374e+08 9.952738606788711548e+08 2.971324920654296875e+02 1.830000000000000000e+02 1.790000000000000000e+02
1.000000000000000000e+02 1.000000000000000000e+00 4.000000000000000000e+00 0.000000000000000000e+00 8.641871976731992960e+08 8.474185675480469465e+08 9.988178450143544674e+08 9.988990657096086740e+08 3.209609220027923584e+02 1.920000000000000000e+02 1.880000000000000000e+02
1.010000000000000000e+02 1.000000000000000000e+00 4.000000000000000000e+00 0.000000000000000000e+00 8.540074655855624676e+08 8.360078564238821268e+08 1.015637464099838376e+09 1.016035968430833340e+09 9.817232699394226074e+02 5.090000000000000000e+02 5.050000000000000000e+02
1.020000000000000000e+02 1.000000000000000000e+00 4.000000000000000000e+00 0.000000000000000000e+00 8.510471408309223652e+08 8.327557006545144320e+08 9.995884160172163248e+08 9.991793996927075386e+08 4.790938987731933594e+02 2.930000000000000000e+02 2.880000000000000000e+02
1.030000000000000000e+02 1.000000000000000000e+00 4.000000000000000000e+00 0.000000000000000000e+00 8.144540197758656740e+08 7.947508700395333767e+08 1.003110826569092274e+09 1.001523187540043950e+09 4.635014250278472900e+02 2.800000000000000000e+02 2.760000000000000000e+02
1.040000000000000000e+02 1.000000000000000000e+00 4.000000000000000000e+00 0.000000000000000000e+00 8.795416069797778130e+08 8.644335675280601978e+08 1.009800172183602452e+09 1.010057581311908007e+09 3.075043599605560303e+02 1.910000000000000000e+02 1.870000000000000000e+02
1.050000000000000000e+02 1.000000000000000000e+00 4.000000000000000000e+00 0.000000000000000000e+00 8.689813470572868586e+08 8.543304685028907061e+08 1.016169004898549676e+09 1.015625383191459656e+09 2.601625001430511475e+02 1.680000000000000000e+02 1.640000000000000000e+02
1.060000000000000000e+02 1.000000000000000000e+00 4.000000000000000000e+00 0.000000000000000000e+00 8.052252833690915108e+08 7.861297050328906775e+08 1.014180818541651726e+09 1.013391471989699364e+09 4.027313230037689209e+02 2.430000000000000000e+02 2.390000000000000000e+02
1.070000000000000000e+02 1.000000000000000000e+00 4.000000000000000000e+00 0.000000000000000000e+00 8.578936777744432688e+08 8.447180426981408596e+08 9.994826995362962484e+08 9.996250888945214748e+08 4.221922399997711182e+02 2.610000000000000000e+02 2.570000000000000000e+02
1.080000000000000000e+02 1.000000000000000000e+00 4.000000000000000000e+00 0.000000000000000000e+00 8.576946363018790483e+08 8.432971197117124796e+08 1.012150053721061230e+09 1.012425100243541479e+09 1.217959434986114502e+03 5.950000000000000000e+02 5.910000000000000000e+02
1.090000000000000000e+02 1.000000000000000000e+00 4.000000000000000000e+00 0.000000000000000000e+00 8.052256396451904774e+08 7.837574269060858488e+08 9.923398766281549931e+08 9.903257170047949553e+08 6.123348100185394287e+02 3.170000000000000000e+02 3.130000000000000000e+02
1.100000000000000000e+02 1.000000000000000000e+00 4.000000000000000000e+00 0.000000000000000000e+00 8.277425931573090553e+08 8.119250379573869705e+08 9.950474423898015022e+08 9.943433999038615227e+08 6.720035288333892822e+02 3.850000000000000000e+02 3.810000000000000000e+02
1.110000000000000000e+02 1.000000000000000000e+00 4.000000000000000000e+00 0.000000000000000000e+00 7.995007911105685234e+08 7.800240381855856180e+08 9.951712763418560028e+08 9.955535704775028229e+08 3.350862188339233398e+02 1.990000000000000000e+02 1.950000000000000000e+02
1.120000000000000000e+02 1.000000000000000000e+00 4.000000000000000000e+00 0.000000000000000000e+00 8.395261757780627012e+08 8.234095489801776409e+08 1.019252708135106325e+09 1.019440919772872567e+09 3.162538750171661377e+02 2.070000000000000000e+02 2.030000000000000000e+02
1.130000000000000000e+02 1.000000000000000000e+00 4.000000000000000000e+00 0.000000000000000000e+00 8.379626029229221344e+08 8.168913874975209236e+08 9.989293681726429462e+08 9.985925850397012234e+08 3.081108849048614502e+02 1.840000000000000000e+02 1.800000000000000000e+02
1.140000000000000000e+02 1.000000000000000000e+00 4.000000000000000000e+00 0.000000000000000000e+00 8.826557173508596420e+08 8.657905025289031267e+08 9.980280325307078362e+08 9.950914885580576658e+08 3.571001279354095459e+02 2.280000000000000000e+02 2.230000000000000000e+02
1.150000000000000000e+02 1.000000000000000000e+00 4.000000000000000000e+00 0.000000000000000000e+00 8.343533218223314285e+08 8.162064069977769852e+08 9.682410000003328323e+08 9.631069947746107578e+08 3.505727698802947998e+02 1.900000000000000000e+02 1.860000000000000000e+02
1.160000000000000000e+02 1.000000000000000000e+00 4.000000000000000000e+00 0.000000000000000000e+00 8.720873100437766314e+08 8.544851383760470152e+08 9.966441386094392538e+08 9.946102791373754740e+08 4.194294669628143311e+02 2.320000000000000000e+02 2.280000000000000000e+02
1.170000000000000000e+02 1.000000000000000000e+00 4.000000000000000000e+00 0.000000000000000000e+00 8.303258611742063761e+08 8.071852683203811646e+08 1.020010633323711753e+09 1.021200579809764743e+09 5.626230390071868896e+02 3.330000000000000000e+02 3.290000000000000000e+02
1.180000000000000000e+02 1.000000000000000000e+00 4.000000000000000000e+00 0.000000000000000000e+00 8.441078553504031897e+08 8.257960788649582863e+08 9.864879256337260008e+08 9.850377906882804632e+08 3.667910828590393066e+02 1.950000000000000000e+02 1.910000000000000000e+02
1.190000000000000000e+02 1.000000000000000000e+00 4.000000000000000000e+00 0.000000000000000000e+00 8.392045809429094791e+08 8.157592758108952045e+08 9.994964358633439541e+08 9.978732323054119349e+08 3.735738539695739746e+02 2.030000000000000000e+02 1.990000000000000000e+02
1.200000000000000000e+02 1.000000000000000000e+00 4.000000000000000000e+00 0.000000000000000000e+00 8.567129674398106337e+08 8.406622916128636599e+08 1.015655295975015759e+09 1.014091503128747106e+09 5.631423888206481934e+02 3.210000000000000000e+02 3.160000000000000000e+02
1.210000000000000000e+02 1.000000000000000000e+00 4.000000000000000000e+00 0.000000000000000000e+00 8.785742832765251398e+08 8.639999806956264973e+08 9.991344343092913628e+08 9.980273465249738693e+08 7.217156388759613037e+02 4.220000000000000000e+02 4.170000000000000000e+02
1.220000000000000000e+02 1.000000000000000000e+00 4.000000000000000000e+00 0.000000000000000000e+00 8.399859734878246784e+08 8.221538653705674410e+08 1.014835045340498328e+09 1.014127418154549718e+09 3.828908071517944336e+02 2.130000000000000000e+02 2.090000000000000000e+02
1.230000000000000000e+02 1.000000000000000000e+00 4.000000000000000000e+00 0.000000000000000000e+00 8.578889979062757492e+08 8.431664606988785267e+08 1.019932285220079660e+09 1.019176779895243526e+09 3.273875169754028320e+02 1.840000000000000000e+02 1.800000000000000000e+02
1.240000000000000000e+02 1.000000000000000000e+00 4.000000000000000000e+00 0.000000000000000000e+00 8.101271299785375595e+08 7.891953151325373650e+08 1.006087974467340469e+09 1.004595831094774604e+09 6.709289989471435547e+02 3.510000000000000000e+02 3.460000000000000000e+02
1.250000000000000000e+02 1.000000000000000000e+00 4.000000000000000000e+00 0.000000000000000000e+00 8.530381063434087038e+08 8.378313313640184402e+08 1.001113614911939383e+09 1.001334513404454350e+09 7.303258011341094971e+02 4.090000000000000000e+02 4.050000000000000000e+02
1.260000000000000000e+02 1.000000000000000000e+00 4.000000000000000000e+00 0.000000000000000000e+00 8.446984837757240534e+08 8.260811480114798546e+08 1.023013882607761383e+09 1.023225840892448664e+09 5.965437901020050049e+02 2.890000000000000000e+02 2.850000000000000000e+02
1.270000000000000000e+02 1.000000000000000000e+00 4.000000000000000000e+00 0.000000000000000000e+00 8.443787287415642738e+08 8.207780395061018467e+08 1.011216441046672702e+09 1.010949353122831941e+09 3.442502398490905762e+02 1.680000000000000000e+02 1.640000000000000000e+02
1.280000000000000000e+02 1.000000000000000000e+00 4.000000000000000000e+00 0.000000000000000000e+00 8.365121801022435427e+08 8.177303554073896408e+08 9.982019661340855360e+08 9.971465567433375120e+08 3.595921669006347656e+02 1.640000000000000000e+02 1.600000000000000000e+02
1.290000000000000000e+02 1.000000000000000000e+00 4.000000000000000000e+00 0.000000000000000000e+00 8.478603680861718655e+08 8.304342856335681677e+08 9.829570180718649626e+08 9.814394832051970959e+08 6.067935819625854492e+02 2.460000000000000000e+02 2.420000000000000000e+02
1.300000000000000000e+02 1.000000000000000000e+00 4.000000000000000000e+00 0.000000000000000000e+00 8.259082446860281229e+08 8.079883859612241983e+08 9.974965545561575890e+08 9.972499048370175362e+08 4.438640661239624023e+02 1.760000000000000000e+02 1.720000000000000000e+02
1.310000000000000000e+02 1.000000000000000000e+00 4.000000000000000000e+00 0.000000000000000000e+00 8.260543944469525814e+08 8.056724416402051449e+08 1.015287256790341973e+09 1.014547072187987685e+09 6.725815570354461670e+02 2.680000000000000000e+02 2.640000000000000000e+02
1.320000000000000000e+02 1.000000000000000000e+00 4.000000000000000000e+00 0.000000000000000000e+00 8.311340964282029867e+08 8.102913867074862719e+08 1.001490473569761038e+09 1.001161467507700562e+09 5.324507160186767578e+02 2.140000000000000000e+02 2.100000000000000000e+02
1.330000000000000000e+02 1.000000000000000000e+00 4.000000000000000000e+00 0.000000000000000000e+00 8.382114848712978363e+08 8.218831212583295107e+08 9.909986931053386927e+08 9.901637699994833469e+08 4.988444581031799316e+02 2.040000000000000000e+02 2.000000000000000000e+02
1.340000000000000000e+02 1.000000000000000000e+00 4.000000000000000000e+00 0.000000000000000000e+00 8.276863874355534315e+08 8.134899384979465008e+08 1.005153522368719816e+09 1.004485770691870689e+09 7.063984091281890869e+02 2.950000000000000000e+02 2.910000000000000000e+02
1.350000000000000000e+02 1.000000000000000000e+00 4.000000000000000000e+00 0.000000000000000000e+00 8.796808636497131586e+08 8.623251899926880598e+08 1.011539039035840511e+09 1.010012659237908244e+09 5.198017258644104004e+02 2.190000000000000000e+02 2.150000000000000000e+02
1.360000000000000000e+02 1.000000000000000000e+00 4.000000000000000000e+00 0.000000000000000000e+00 8.585069891092827320e+08 8.383005771993455887e+08 9.969168310414539576e+08 9.951310779461436272e+08 4.455896420478820801e+02 1.830000000000000000e+02 1.780000000000000000e+02
1.370000000000000000e+02 1.000000000000000000e+00 4.000000000000000000e+00 0.000000000000000000e+00 8.780515742648917437e+08 8.610874510191426277e+08 1.004913236031819940e+09 1.003617408932609320e+09 8.016588230133056641e+02 3.240000000000000000e+02 3.200000000000000000e+02
1.380000000000000000e+02 1.000000000000000000e+00 4.000000000000000000e+00 0.000000000000000000e+00 8.716264506593743563e+08 8.548095928256398439e+08 1.009705954302891850e+09 1.009165459674638987e+09 4.562353188991546631e+02 1.920000000000000000e+02 1.880000000000000000e+02
1.390000000000000000e+02 1.000000000000000000e+00 4.000000000000000000e+00 0.000000000000000000e+00 8.581401500453548431e+08 8.402597791932135820e+08 9.926450786024075747e+08 9.917032702416988611e+08 4.093031940460205078e+02 1.670000000000000000e+02 1.620000000000000000e+02
1.400000000000000000e+02 1.000000000000000000e+00 4.000000000000000000e+00 0.000000000000000000e+00 8.084753176270135641e+08 7.896891362322924137e+08 1.009341617799142241e+09 1.009173439026794791e+09 4.769629430770874023e+02 1.970000000000000000e+02 1.930000000000000000e+02
1.410000000000000000e+02 1.000000000000000000e+00 4.000000000000000000e+00 0.000000000000000000e+00 8.583271789384516478e+08 8.430212136847007275e+08 1.012662492111533880e+09 1.013172406358060718e+09 6.166614549160003662e+02 2.530000000000000000e+02 2.490000000000000000e+02
1.420000000000000000e+02 1.000000000000000000e+00 4.000000000000000000e+00 0.000000000000000000e+00 8.227859753459768295e+08 8.007052725647698641e+08 9.959046742046158314e+08 9.951640581318458319e+08 1.916018591880798340e+03 7.630000000000000000e+02 7.580000000000000000e+02
1.430000000000000000e+02 1.000000000000000000e+00 4.000000000000000000e+00 0.000000000000000000e+00 8.438249287460299730e+08 8.297104035048441887e+08 9.900048662953073978e+08 9.869661752772105932e+08 3.742227239608764648e+02 1.510000000000000000e+02 1.470000000000000000e+02
1.440000000000000000e+02 1.000000000000000000e+00 4.000000000000000000e+00 0.000000000000000000e+00 8.583892718038743734e+08 8.418755846312496662e+08 1.001127799185522556e+09 1.000240276638190866e+09 6.920779249668121338e+02 2.790000000000000000e+02 2.750000000000000000e+02
1.450000000000000000e+02 1.000000000000000000e+00 4.000000000000000000e+00 0.000000000000000000e+00 8.321261129783521891e+08 8.104789829930517673e+08 9.868054910663473606e+08 9.862109987315986156e+08 7.355750479698181152e+02 2.950000000000000000e+02 2.900000000000000000e+02
1.460000000000000000e+02 1.000000000000000000e+00 4.000000000000000000e+00 0.000000000000000000e+00 8.770838460643755198e+08 8.614904378211498260e+08 1.006742219851362348e+09 1.005928294285345197e+09 9.535030488967895508e+02 4.100000000000000000e+02 4.050000000000000000e+02
1.470000000000000000e+02 1.000000000000000000e+00 4.000000000000000000e+00 0.000000000000000000e+00 8.588466351665304899e+08 8.426650194882016182e+08 9.912696495710802078e+08 9.907751550192744732e+08 3.484470980167388916e+02 1.420000000000000000e+02 1.380000000000000000e+02
1.480000000000000000e+02 1.000000000000000000e+00 4.000000000000000000e+00 0.000000000000000000e+00 8.299841526673763990e+08 8.125969003498880863e+08 1.011077038444537282e+09 1.009325499539943099e+09 1.721934735059738159e+03 7.150000000000000000e+02 7.110000000000000000e+02
1.490000000000000000e+02 1.000000000000000000e+00 4.000000000000000000e+00 0.000000000000000000e+00 8.620463482339644432e+08 8.426978933983495235e+08 1.012403877341660738e+09 1.012140078738052130e+09 5.171216928958892822e+02 2.100000000000000000e+02 2.060000000000000000e+02
1.500000000000000000e+02 1.000000000000000000e+00 4.000000000000000000e+00 0.000000000000000000e+00 8.190719122246198654e+08 7.996005955567421913e+08 9.905953082998075485e+08 9.878319311947795153e+08 4.567061269283294678e+02 1.740000000000000000e+02 1.700000000000000000e+02
1.510000000000000000e+02 1.000000000000000000e+00 4.000000000000000000e+00 0.000000000000000000e+00 8.266303060529837608e+08 8.093489401190309525e+08 9.781145035075969696e+08 9.753678192662218809e+08 6.188135280609130859e+02 2.380000000000000000e+02 2.330000000000000000e+02
1.520000000000000000e+02 1.000000000000000000e+00 4.000000000000000000e+00 0.000000000000000000e+00 8.548371148089126348e+08 8.355019811460570097e+08 1.017554102944174767e+09 1.017447069370023131e+09 4.473874831199645996e+02 1.770000000000000000e+02 1.730000000000000000e+02
1.530000000000000000e+02 1.000000000000000000e+00 4.000000000000000000e+00 0.000000000000000000e+00 8.312675378492580652e+08 8.115377801435517073e+08 1.003098626514868259e+09 1.002570294903009415e+09 7.257901492118835449e+02 2.960000000000000000e+02 2.920000000000000000e+02
1.540000000000000000e+02 1.000000000000000000e+00 4.000000000000000000e+00 0.000000000000000000e+00 8.098472855887689590e+08 7.879557958729931116e+08 1.001929834528108358e+09 1.001488809212867379e+09 6.724987890720367432e+02 2.800000000000000000e+02 2.750000000000000000e+02
1.550000000000000000e+02 1.000000000000000000e+00 4.000000000000000000e+00 0.000000000000000000e+00 8.159853417288275957e+08 7.949829445783782005e+08 1.008627800353021741e+09 1.008019336479271650e+09 8.869791719913482666e+02 3.690000000000000000e+02 3.650000000000000000e+02
1.560000000000000000e+02 1.000000000000000000e+00 4.000000000000000000e+00 0.000000000000000000e+00 8.717884811469253302e+08 8.544535961827322245e+08 1.016030191333446741e+09 1.015753770753345728e+09 1.379036693096160889e+03 5.810000000000000000e+02 5.770000000000000000e+02
1.570000000000000000e+02 1.000000000000000000e+00 4.000000000000000000e+00 0.000000000000000000e+00 8.556008556732361317e+08 8.367915677178356647e+08 1.002477022910756588e+09 1.002410907623600006e+09 6.013585579395294189e+02 2.520000000000000000e+02 2.470000000000000000e+02
1.580000000000000000e+02 1.000000000000000000e+00 4.000000000000000000e+00 0.000000000000000000e+00 8.499023073583394289e+08 8.335903332601037025e+08 1.016789259854259610e+09 1.017763203889515162e+09 4.410754470825195312e+02 1.760000000000000000e+02 1.720000000000000000e+02
1.590000000000000000e+02 1.000000000000000000e+00 4.000000000000000000e+00 0.000000000000000000e+00 8.336016523884845972e+08 8.161185509505742788e+08 1.015577309424712300e+09 1.016022091595227718e+09 5.107130560874938965e+02 2.090000000000000000e+02 2.050000000000000000e+02
1.600000000000000000e+02 1.000000000000000000e+00 4.000000000000000000e+00 0.000000000000000000e+00 8.652211205031243563e+08 8.481398404957687855e+08 1.011587098222369313e+09 1.012775427488308072e+09 4.360225250720977783e+02 1.820000000000000000e+02 1.780000000000000000e+02
1.610000000000000000e+02 1.000000000000000000e+00 4.000000000000000000e+00 0.000000000000000000e+00 8.564025728097541332e+08 8.402211345657198429e+08 1.016514508091945410e+09 1.016550605022425413e+09 5.465293321609497070e+02 2.300000000000000000e+02 2.260000000000000000e+02
1.620000000000000000e+02 1.000000000000000000e+00 4.000000000000000000e+00 0.000000000000000000e+00 8.592220986085021496e+08 8.407219284041333199e+08 1.001419561258243918e+09 1.000951016748275280e+09 8.555158469676971436e+02 2.980000000000000000e+02 2.940000000000000000e+02
1.630000000000000000e+02 1.000000000000000000e+00 4.000000000000000000e+00 0.000000000000000000e+00 8.596001390246568918e+08 8.407637039545526505e+08 1.008286271080100894e+09 1.006854056285107017e+09 6.169698271751403809e+02 2.350000000000000000e+02 2.310000000000000000e+02
1.640000000000000000e+02 1.000000000000000000e+00 4.000000000000000000e+00 0.000000000000000000e+00 8.486006563595286608e+08 8.271689492538303137e+08 1.013721982932192564e+09 1.013108519640831351e+09 6.112429640293121338e+02 2.600000000000000000e+02 2.560000000000000000e+02
1.650000000000000000e+02 1.000000000000000000e+00 4.000000000000000000e+00 0.000000000000000000e+00 8.261287834376275539e+08 8.075349647632962465e+08 9.963358097483550310e+08 9.959333551981633902e+08 4.946625599861145020e+02 1.940000000000000000e+02 1.890000000000000000e+02
1.660000000000000000e+02 1.000000000000000000e+00 4.000000000000000000e+00 0.000000000000000000e+00 8.740763852802892923e+08 8.588403855860303640e+08 1.013137876324768782e+09 1.012855405106507778e+09 3.475421001911163330e+02 1.450000000000000000e+02 1.410000000000000000e+02
1.670000000000000000e+02 1.000000000000000000e+00 4.000000000000000000e+00 0.000000000000000000e+00 8.791866513419263363e+08 8.581551417868189812e+08 1.013378345957201362e+09 1.012287581461206555e+09 5.872911860942840576e+02 2.490000000000000000e+02 2.450000000000000000e+02
1.680000000000000000e+02 1.000000000000000000e+00 4.000000000000000000e+00 0.000000000000000000e+00 8.677863168501443863e+08 8.518393496414810419e+08 1.002436889790287614e+09 1.001770330517845273e+09 1.167281046152114868e+03 4.810000000000000000e+02 4.760000000000000000e+02
1.690000000000000000e+02 1.000000000000000000e+00 4.000000000000000000e+00 0.000000000000000000e+00 8.519451778872027397e+08 8.364795862430399656e+08 9.965580177320092916e+08 9.939892131431827545e+08 5.754391670227050781e+02 2.420000000000000000e+02 2.380000000000000000e+02
1.700000000000000000e+02 1.000000000000000000e+00 4.000000000000000000e+00 0.000000000000000000e+00 8.361549202634370327e+08 8.150274538341438770e+08 9.881501696003088951e+08 9.869039515327620506e+08 6.807466459274291992e+02 2.680000000000000000e+02 2.630000000000000000e+02
1.710000000000000000e+02 1.000000000000000000e+00 4.000000000000000000e+00 0.000000000000000000e+00 8.357873819556630850e+08 8.120667544903224707e+08 9.967091135463887453e+08 9.952816481607995033e+08 1.299274379968643188e+03 5.240000000000000000e+02 5.190000000000000000e+02
1.720000000000000000e+02 1.000000000000000000e+00 4.000000000000000000e+00 0.000000000000000000e+00 8.335373506847083569e+08 8.130181420626142025e+08 9.954534794659286737e+08 9.931903912157492638e+08 8.095168278217315674e+02 3.220000000000000000e+02 3.170000000000000000e+02
1.730000000000000000e+02 1.000000000000000000e+00 4.000000000000000000e+00 0.000000000000000000e+00 8.608895905119093657e+08 8.459066469109544754e+08 1.017061379652595997e+09 1.016569022275115371e+09 5.995486359596252441e+02 2.480000000000000000e+02 2.440000000000000000e+02
1.740000000000000000e+02 1.000000000000000000e+00 4.000000000000000000e+00 0.000000000000000000e+00 8.398851762989087105e+08 8.207890786548739672e+08 9.992798010864017010e+08 9.999031915669207573e+08 7.481044380664825439e+02 2.870000000000000000e+02 2.830000000000000000e+02
1.750000000000000000e+02 1.000000000000000000e+00 4.000000000000000000e+00 0.000000000000000000e+00 8.638018926026145220e+08 8.439545211091319323e+08 9.933684536896936893e+08 9.923808413762236834e+08 6.489842939376831055e+02 2.600000000000000000e+02 2.550000000000000000e+02
1.760000000000000000e+02 1.000000000000000000e+00 4.000000000000000000e+00 0.000000000000000000e+00 8.786531839124121666e+08 8.629265366457759142e+08 1.014839971492947221e+09 1.014277648596286893e+09 7.318740990161895752e+02 3.140000000000000000e+02 3.090000000000000000e+02
1.770000000000000000e+02 1.000000000000000000e+00 4.000000000000000000e+00 0.000000000000000000e+00 8.553046127878063917e+08 8.393667952032026052e+08 9.986770856772387028e+08 9.968315689117524624e+08 7.892072119712829590e+02 3.200000000000000000e+02 3.150000000000000000e+02
1.780000000000000000e+02 1.000000000000000000e+00 4.000000000000000000e+00 0.000000000000000000e+00 8.247927148533897400e+08 8.042799956115829945e+08 1.023915182360149026e+09 1.024265399044945836e+09 6.055632390975952148e+02 2.580000000000000000e+02 2.540000000000000000e+02
1.790000000000000000e+02 1.000000000000000000e+00 4.000000000000000000e+00 0.000000000000000000e+00 9.062044368628710508e+08 8.923618736189439297e+08 1.020989524451833725e+09 1.022305994803178668e+09 3.526169660091400146e+02 1.520000000000000000e+02 1.480000000000000000e+02
1.800000000000000000e+02 1.000000000000000000e+00 4.000000000000000000e+00 0.000000000000000000e+00 8.284520134289594889e+08 8.064766647261357307e+08 1.000639630464531541e+09 9.997115056758329868e+08 5.186934189796447754e+02 2.030000000000000000e+02 1.990000000000000000e+02
1.810000000000000000e+02 1.000000000000000000e+00 4.000000000000000000e+00 0.000000000000000000e+00 8.288914583088349104e+08 8.049207059509787560e+08 1.006514427101370573e+09 1.005561723839907408e+09 4.894871120452880859e+02 1.970000000000000000e+02 1.930000000000000000e+02
1.820000000000000000e+02 1.000000000000000000e+00 4.000000000000000000e+00 0.000000000000000000e+00 8.031337562259806395e+08 7.821698536812149286e+08 1.005999858220322609e+09 1.005475225907416105e+09 1.213229693174362183e+03 4.790000000000000000e+02 4.750000000000000000e+02
1.830000000000000000e+02 1.000000000000000000e+00 4.000000000000000000e+00 0.000000000000000000e+00 8.239697404487501383e+08 8.133625766502064466e+08 1.003687338915356398e+09 1.002186137852311373e+09 7.614495639801025391e+02 3.330000000000000000e+02 3.280000000000000000e+02
1.840000000000000000e+02 1.000000000000000000e+00 4.000000000000000000e+00 0.000000000000000000e+00 8.125555945593032837e+08 7.913908674595931768e+08 9.965209186333022118e+08 9.951353153733673096e+08 6.142054400444030762e+02 2.440000000000000000e+02 2.400000000000000000e+02
1.850000000000000000e+02 1.000000000000000000e+00 4.000000000000000000e+00 0.000000000000000000e+00 8.679586647634791136e+08 8.488113911071069241e+08 9.998615523432347775e+08 9.980725326908096075e+08 3.836422381401062012e+02 1.600000000000000000e+02 1.560000000000000000e+02
1.860000000000000000e+02 1.000000000000000000e+00 4.000000000000000000e+00 0.000000000000000000e+00 8.506816281181151867e+08 8.359256327413982153e+08 9.999907408009332418e+08 9.998480072750890255e+08 1.248049484014511108e+03 5.230000000000000000e+02 5.190000000000000000e+02
1.870000000000000000e+02 1.000000000000000000e+00 4.000000000000000000e+00 0.000000000000000000e+00 8.635734440512512922e+08 8.502113235598809719e+08 1.003247457801768064e+09 1.003039793818055987e+09 7.707148830890655518e+02 3.270000000000000000e+02 3.230000000000000000e+02
1.880000000000000000e+02 1.000000000000000000e+00 4.000000000000000000e+00 0.000000000000000000e+00 8.764365495804255009e+08 8.603197774447184801e+08 1.001081759467395663e+09 1.000207520424554110e+09 4.058566050529479980e+02 1.750000000000000000e+02 1.710000000000000000e+02
1.890000000000000000e+02 1.000000000000000000e+00 4.000000000000000000e+00 0.000000000000000000e+00 8.284752076188836098e+08 8.133328369123665094e+08 1.005748431099079728e+09 1.005420476018902898e+09 5.415189640522003174e+02 2.200000000000000000e+02 2.160000000000000000e+02
1.900000000000000000e+02 1.000000000000000000e+00 4.000000000000000000e+00 0.000000000000000000e+00 8.635381537658488750e+08 8.426786658956216574e+08 1.022589295629702330e+09 1.023392545354049444e+09 4.478480648994445801e+02 1.900000000000000000e+02 1.860000000000000000e+02
1.910000000000000000e+02 1.000000000000000000e+00 4.000000000000000000e+00 0.000000000000000000e+00 8.861381010368032455e+08 8.701504453859767914e+08 1.006177363992348552e+09 1.006122014238816500e+09 4.884832820892333984e+02 1.990000000000000000e+02 1.950000000000000000e+02
1.920000000000000000e+02 1.000000000000000000e+00 4.000000000000000000e+00 0.000000000000000000e+00 8.668520190406410694e+08 8.461426006493012905e+08 9.973966185245423317e+08 9.953465822670439482e+08 1.136110095977783203e+03 4.410000000000000000e+02 4.370000000000000000e+02
1.930000000000000000e+02 1.000000000000000000e+00 4.000000000000000000e+00 0.000000000000000000e+00 8.499678287828619480e+08 8.317574904949383736e+08 9.736383041281406879e+08 9.702045415151917934e+08 4.991684179306030273e+02 1.980000000000000000e+02 1.930000000000000000e+02
1.940000000000000000e+02 1.000000000000000000e+00 4.000000000000000000e+00 0.000000000000000000e+00 8.401423604699808359e+08 8.216056043527536392e+08 1.009801406696465373e+09 1.009819918129904985e+09 7.197889671325683594e+02 2.880000000000000000e+02 2.840000000000000000e+02
1.950000000000000000e+02 1.000000000000000000e+00 4.000000000000000000e+00 0.000000000000000000e+00 8.162030975570501089e+08 7.914923786190334558e+08 9.962751873767960072e+08 9.944616342817099094e+08 5.665419149398803711e+02 2.140000000000000000e+02 2.100000000000000000e+02
1.960000000000000000e+02 1.000000000000000000e+00 4.000000000000000000e+00 0.000000000000000000e+00 8.461444626372089386e+08 8.295417363223006725e+08 1.008493558337698579e+09 1.006490438898476005e+09 4.913119750022888184e+02 1.930000000000000000e+02 1.890000000000000000e+02
1.970000000000000000e+02 1.000000000000000000e+00 4.000000000000000000e+00 0.000000000000000000e+00 8.324397005450460911e+08 8.122416513500431776e+08 9.822449214495166540e+08 9.808552686555173397e+08 4.124351430296897888e+04 2.154500000000000000e+04 2.154100000000000000e+04
1.980000000000000000e+02 1.000000000000000000e+00 4.000000000000000000e+00 0.000000000000000000e+00 8.548512545829209089e+08 8.377173791851056814e+08 1.012605723387551188e+09 1.011680973238928199e+09 4.492313969135284424e+02 1.820000000000000000e+02 1.780000000000000000e+02
1.990000000000000000e+02 1.000000000000000000e+00 4.000000000000000000e+00 0.000000000000000000e+00 8.020990619461354017e+08 7.792101058990362883e+08 9.936865564272079468e+08 9.932136836297029257e+08 1.329278800010681152e+03 4.980000000000000000e+02 4.930000000000000000e+02
